
Page||Recent Revisions||Total Revisions||Recent Reverts||Total Reverts||Recent Contention||Total Contention
ZIP!/history20181110||5172||5172||103||103||0.01991492652745553||0.01991492652745553
海賊戦隊ゴーカイジャー/log20120602||5041||5041||169||169||0.03352509422733584||0.03352509422733584
ONE PIECEの登場人物一覧/log||5010||5010||25||25||0.00499001996007984||0.00499001996007984
天才てれびくんシリーズのドラマ||5001||5001||89||89||0.01779644071185763||0.01779644071185763
ゲゲゲの鬼太郎の登場キャラクター/history20190113||4990||4990||28||28||0.0056112224448897794||0.0056112224448897794
WWEに所属する人物一覧||4966||4966||14||14||0.002819170358437374||0.002819170358437374
オールスター感謝祭/history20190417||4953||4953||142||142||0.02866949323642237||0.02866949323642237
アニメ+/history20190113||4939||4939||22||22||0.004454342984409799||0.004454342984409799
めざましテレビ/history20190417||4925||4925||69||69||0.01401015228426396||0.01401015228426396
名探偵コナンの登場人物/history20180113||4918||4918||159||159||0.03233021553477023||0.03233021553477023
ちちんぷいぷい (テレビ番組)/history20180113||4878||4878||51||51||0.010455104551045511||0.010455104551045511
相棒の登場人物/history20190113||4866||4866||107||107||0.02198931360460337||0.02198931360460337
ONE PIECEの登場人物一覧||4843||4843||298||298||0.06153210819739831||0.06153210819739831
3年B組金八先生)/history20180113||4838||4838||83||83||0.01715584952459694||0.01715584952459694
SASUKE/history20180113||4830||4830||51||51||0.010559006211180125||0.010559006211180125
青森放送/history20180113||4827||4827||17||17||0.0035218562253987984||0.0035218562253987984
海賊 (ONE PIECE)/history20180113||4791||4791||291||291||0.06073888541014402||0.06073888541014402
AKB48/log20110116||4789||4789||199||199||0.04155356024222176||0.04155356024222176
イナズマイレブンの登場人物/history20150222||4752||4752||60||60||0.012626262626262626||0.012626262626262626
情報ライブ ミヤネ屋||4728||4728||65||65||0.013747884940778343||0.013747884940778343
フジテレビジョン||4702||4702||91||91||0.019353466609953213||0.019353466609953213
福山潤||4701||4701||197||197||0.04190597745160604||0.04190597745160604
SMAP||4660||4660||211||211||0.04527896995708155||0.04527896995708155
新日本プロレス/history20160321||4658||4658||32||32||0.006869901245169601||0.006869901245169601
グルメチキンレース・ゴチになります!||4658||4658||70||70||0.015027908973808502||0.015027908973808502
仮面ライダーフォーゼ||4653||4653||98||98||0.02106168063614872||0.02106168063614872
ゲームセンターCX/history20160321||4614||4614||28||28||0.006068487212830516||0.006068487212830516
めちゃ×2イケてるッ!||4604||4604||129||129||0.02801911381407472||0.02801911381407472
スーパー戦隊シリーズ/history20160321||4591||4591||77||77||0.016771945109997823||0.016771945109997823
AKB48/history20160321||4587||4587||468||468||0.10202746893394375||0.10202746893394375
読売ジャイアンツ||4585||4585||135||135||0.029443838604143947||0.029443838604143947
相棒/history20150820||4577||4577||186||186||0.04063797247105091||0.04063797247105091
プリキュアシリーズ||4570||4570||215||215||0.047045951859956234||0.047045951859956234
モーニング娘。||4554||4554||158||158||0.03469477382520861||0.03469477382520861
仮面ライダーディケイド/log20091223||4546||4546||174||174||0.03827540695116586||0.03827540695116586
24時間テレビ 「愛は地球を救う」/history20160321||4527||4527||115||115||0.025403136735144688||0.025403136735144688
成田国際空港||4526||4526||69||69||0.01524524966858153||0.01524524966858153
アニメ版ポケットモンスターの登場人物/history20160321||4513||4513||59||59||0.013073343673831155||0.013073343673831155
仮面ライダー電王/log20080331||4485||4485||26||26||0.005797101449275362||0.005797101449275362
銀魂 (アニメ)||4428||4428||26||26||0.005871725383920506||0.005871725383920506
BLEACHの登場人物||4427||4427||60||60||0.01355319629545968||0.01355319629545968
関西国際空港||4426||4426||58||58||0.013104383190239493||0.013104383190239493
安倍晋三||4421||4421||450||450||0.10178692603483375||0.10178692603483375
仮面ライダー鎧武/ガイム||4406||4406||158||158||0.035860190649114845||0.035860190649114845
阪神タイガース||4380||4380||144||144||0.03287671232876712||0.03287671232876712
トリコ||4374||4374||109||109||0.024919981710105166||0.024919981710105166
龍が如くシリーズの登場人物||4367||4367||33||33||0.007556675062972292||0.007556675062972292
ジャニーズJr.||4363||4363||157||157||0.035984414393765755||0.035984414393765755
スーパーJチャンネル||4339||4339||139||139||0.032035031113159716||0.032035031113159716
SKE48||4336||4336||206||206||0.047509225092250924||0.047509225092250924
水樹奈々||4306||4306||204||204||0.04737575476079889||0.04737575476079889
テレビ東京||4294||4294||94||94||0.021891010712622262||0.021891010712622262
ドラゴンボール||4293||4293||181||181||0.04216165851385977||0.04216165851385977
平成||4287||4287||132||132||0.03079076277116865||0.03079076277116865
VS嵐||4274||4274||59||59||0.013804398689751989||0.013804398689751989
トヨタ自動車||4268||4268||137||137||0.032099343955014056||0.032099343955014056
銀魂の登場人物一覧||4267||4267||60||60||0.014061401453011484||0.014061401453011484
仮面ライダーシリーズ||4246||4246||148||148||0.03485633537447009||0.03485633537447009
中部国際空港||4240||4240||62||62||0.014622641509433962||0.014622641509433962
Yes!プリキュア5||4240||4240||100||100||0.02358490566037736||0.02358490566037736
SAMURAI BASEBALL||4235||4235||63||63||0.01487603305785124||0.01487603305785124
嵐 (グループ)||4212||4212||254||254||0.06030389363722697||0.06030389363722697
森田一義アワー 笑っていいとも!/log20130117||4178||4178||46||46||0.011010052656773576||0.011010052656773576
けいおん!/log20120612||4172||4172||309||309||0.07406519654841802||0.07406519654841802
日本航空123便墜落事故||4126||4126||102||102||0.024721279689772176||0.024721279689772176
ドラゴンボールの登場人物||4120||4120||112||112||0.027184466019417475||0.027184466019417475
石原慎太郎||4106||4106||145||145||0.035314174378957626||0.035314174378957626
パネルクイズ アタック25||4100||4100||80||80||0.01951219512195122||0.01951219512195122
舞-乙HiME/log20120619||4089||4089||2||2||4.891171435558817E-4||4.891171435558817E-4
新世紀エヴァンゲリオン||4088||4088||132||132||0.03228962818003914||0.03228962818003914
M-1グランプリ||4085||4085||35||35||0.008567931456548347||0.008567931456548347
早稲田大学の人物一覧||4031||4031||32||32||0.007938476804763086||0.007938476804763086
サザエさんの登場人物||4014||4014||191||191||0.047583457897359245||0.047583457897359245
奥州市||4001||4001||11||11||0.002749312671832042||0.002749312671832042
銀魂/log20081129||4001||4001||15||15||0.003749062734316421||0.003749062734316421
パワーパフガールズ||4000||4000||48||48||0.012||0.012
東京都出身の人物一覧||4000||4000||21||21||0.00525||0.00525
小沢一郎||3990||3990||166||166||0.04160401002506266||0.04160401002506266
明石家さんま||3979||3979||121||121||0.03040965066599648||0.03040965066599648
太鼓の達人||3948||3948||103||103||0.02608915906788247||0.02608915906788247
黒子のバスケ||3947||3947||95||95||0.024068913098555866||0.024068913098555866
明治大学||3945||3945||101||101||0.025602027883396706||0.025602027883396706
日本プロサッカーリーグ||3935||3935||93||93||0.02363405336721728||0.02363405336721728
櫻井孝宏||3935||3935||89||89||0.022617534942820837||0.022617534942820837
広島県出身の人物一覧||3923||3923||15||15||0.003823604384399694||0.003823604384399694
2015年のテレビ (日本)||3914||3914||24||24||0.0061318344404701075||0.0061318344404701075
大韓民国||3912||3912||263||263||0.06722903885480573||0.06722903885480573
国鉄485系電車||3910||3910||53||53||0.013554987212276215||0.013554987212276215
笑点/log20110201||3890||3890||19||19||0.004884318766066838||0.004884318766066838
北海道日本ハムファイターズ||3887||3887||72||72||0.01852328273732956||0.01852328273732956
愛知県出身の人物一覧||3882||3882||34||34||0.008758371973209686||0.008758371973209686
鈴村健一||3877||3877||77||77||0.019860717049264894||0.019860717049264894
BLEACH/log20080419||3877||3877||20||20||0.005158627805003869||0.005158627805003869
獣電戦隊キョウリュウジャー||3869||3869||135||135||0.0348927371413802||0.0348927371413802
モンスターハンターのモンスター一覧||3865||3865||55||55||0.014230271668822769||0.014230271668822769
B'z||3855||3855||186||186||0.04824902723735409||0.04824902723735409
テレビ神奈川||3850||3850||29||29||0.007532467532467533||0.007532467532467533
NARUTO -ナルト-||3845||3845||96||96||0.024967490247074123||0.024967490247074123
仮面ライダーW/log20110201||3843||3843||77||77||0.020036429872495445||0.020036429872495445
仮面ライダーシリーズ登場怪人一覧||3832||3832||284||284||0.07411273486430063||0.07411273486430063
福岡県出身の人物一覧||3822||3822||50||50||0.013082155939298797||0.013082155939298797
大喜利 (笑点)||3822||3822||129||129||0.033751962323390894||0.033751962323390894
創価学会||3822||3822||350||350||0.09157509157509157||0.09157509157509157
ドラえもん||3817||3817||193||193||0.0505632695834425||0.0505632695834425
そこまで言って委員会NP||3807||3807||61||61||0.016023115313895456||0.016023115313895456
NARUTO -ナルト-の登場人物/log20120612||3800||3800||87||87||0.022894736842105263||0.022894736842105263
アンパンマンの登場人物一覧/log20120613||3798||3798||69||69||0.018167456556082148||0.018167456556082148
ナインティナインのオールナイトニッポン||3795||3795||31||31||0.008168642951251647||0.008168642951251647
ウルトラマンメビウス/log20100825||3792||3792||39||39||0.010284810126582278||0.010284810126582278
ミュージックステーション/log20120615||3784||3784||15||15||0.003964059196617336||0.003964059196617336
EXILE/log 20120611||3778||3778||54||54||0.014293276866066702||0.014293276866066702
クイズダービー||3775||3775||95||95||0.025165562913907286||0.025165562913907286
機動戦士ガンダム00||3773||3773||84||84||0.022263450834879406||0.022263450834879406
アメリカ横断ウルトラクイズ||3772||3772||19||19||0.00503711558854719||0.00503711558854719
銀魂の登場人物一覧/log20080904||3752||3752||3||3||7.995735607675906E-4||7.995735607675906E-4
浦和レッドダイヤモンズ||3749||3749||88||88||0.0234729261136303||0.0234729261136303
二宮和也||3747||3747||182||182||0.048572191086202296||0.048572191086202296
福岡ソフトバンクホークス||3732||3732||86||86||0.02304394426580922||0.02304394426580922
静岡市||3725||3725||45||45||0.012080536912751677||0.012080536912751677
クレヨンしんちゃん||3717||3717||56||56||0.015065913370998116||0.015065913370998116
第二次世界大戦/log20120619||3712||3712||37||37||0.009967672413793104||0.009967672413793104
TBSテレビ||3697||3697||118||118||0.03191777116581011||0.03191777116581011
ONE PIECE/log||3694||3694||29||29||0.00785056848944234||0.00785056848944234
日本共産党||3690||3690||176||176||0.04769647696476965||0.04769647696476965
週刊少年ジャンプ||3683||3683||85||85||0.02307901167526473||0.02307901167526473
NHK紅白歌合戦||3661||3661||118||118||0.03223163070199399||0.03223163070199399
野球道 (フジテレビ系列)||3658||3658||26||26||0.007107709130672498||0.007107709130672498
Hey! Say! JUMP||3655||3655||197||197||0.05389876880984952||0.05389876880984952
クイズ!ヘキサゴンII/log20090401||3650||3650||31||31||0.008493150684931507||0.008493150684931507
ちびまる子ちゃんの登場人物||3647||3647||146||146||0.0400329037565122||0.0400329037565122
クレヨンしんちゃんの登場人物一覧||3644||3644||109||109||0.02991218441273326||0.02991218441273326
全日本プロレス||3640||3640||19||19||0.0052197802197802195||0.0052197802197802195
D.Gray-man||3640||3640||26||26||0.007142857142857143||0.007142857142857143
Fun!BASEBALL!!||3634||3634||35||35||0.009631260319207484||0.009631260319207484
ゲゲゲの鬼太郎 (アニメ)||3628||3628||94||94||0.025909592061742006||0.025909592061742006
乃木坂46||3626||3626||374||374||0.10314396028681742||0.10314396028681742
おかあさんといっしょ||3622||3622||44||44||0.012147984538928768||0.012147984538928768
ジャニーズ事務所||3620||3620||113||113||0.031215469613259668||0.031215469613259668
こちら葛飾区亀有公園前派出所||3617||3617||52||52||0.014376555156206802||0.014376555156206802
関ジャニ∞||3617||3617||92||92||0.02543544373790434||0.02543544373790434
コードギアス 反逆のルルーシュ/log20080407||3610||3610||21||21||0.005817174515235457||0.005817174515235457
モヤモヤさまぁ〜ず2||3609||3609||34||34||0.00942089221390967||0.00942089221390967
吉本総合芸能学院||3607||3607||31||31||0.008594399778209038||0.008594399778209038
水戸黄門 (パナソニック ドラマシアター)||3604||3604||15||15||0.004162042175360711||0.004162042175360711
日本/log20090827||3601||3601||74||74||0.02054984726464871||0.02054984726464871
家庭教師ヒットマンREBORN!/log20100415||3591||3591||128||128||0.03564466722361459||0.03564466722361459
スッキリ (テレビ番組)||3588||3588||54||54||0.015050167224080268||0.015050167224080268
麻生太郎||3587||3587||172||172||0.0479509339280736||0.0479509339280736
テニスの王子様の登場人物/log20120614||3586||3586||11||11||0.003067484662576687||0.003067484662576687
ハピネスチャージプリキュア!||3586||3586||159||159||0.04433909648633575||0.04433909648633575
横浜DeNAベイスターズ||3577||3577||110||110||0.030752026838132513||0.030752026838132513
天装戦隊ゴセイジャー||3570||3570||99||99||0.02773109243697479||0.02773109243697479
2018年のテレビ (日本)||3567||3567||51||51||0.014297729184188394||0.014297729184188394
スーパーベースボール (テレビ朝日系列)||3566||3566||22||22||0.0061693774537296695||0.0061693774537296695
日本テレビ放送網||3564||3564||55||55||0.015432098765432098||0.015432098765432098
杉田智和||3561||3561||113||113||0.03173265936534681||0.03173265936534681
毎日放送||3555||3555||33||33||0.009282700421940928||0.009282700421940928
2017年のテレビ (日本)||3551||3551||27||27||0.007603491974091805||0.007603491974091805
プレイステーション3/log20100415||3548||3548||50||50||0.014092446448703494||0.014092446448703494
仮面ライダーオーズ/OOO/log20120616||3547||3547||81||81||0.022836199605300252||0.022836199605300252
3DCGソフトウェア||3545||3545||6||6||0.001692524682651622||0.001692524682651622
神谷浩史||3536||3536||167||167||0.047228506787330315||0.047228506787330315
千葉ロッテマリーンズ||3535||3535||94||94||0.026591230551626592||0.026591230551626592
日本体育大学||3530||3530||11||11||0.0031161473087818695||0.0031161473087818695
日本の漫画家一覧||3529||3529||4||4||0.0011334655709832814||0.0011334655709832814
破面||3519||3519||24||24||0.0068201193520886615||0.0068201193520886615
おはスタ||3516||3516||48||48||0.013651877133105802||0.013651877133105802
Axis powers ヘタリア||3516||3516||49||49||0.013936291240045506||0.013936291240045506
宮野真守||3505||3505||119||119||0.033951497860199714||0.033951497860199714
ネプリーグ/log20091026||3501||3501||10||10||0.0028563267637817767||0.0028563267637817767
涼宮ハルヒシリーズ/log20090701||3492||3492||76||76||0.021764032073310423||0.021764032073310423
石田彰||3488||3488||48||48||0.013761467889908258||0.013761467889908258
エンタの神様/log20091223||3480||3480||28||28||0.008045977011494253||0.008045977011494253
鹿島アントラーズ||3478||3478||76||76||0.02185163887291547||0.02185163887291547
森川智之||3478||3478||52||52||0.014951121334100058||0.014951121334100058
ハロー!プロジェクト||3472||3472||68||68||0.019585253456221197||0.019585253456221197
AKB48のオールナイトニッポン||3470||3470||164||164||0.04726224783861672||0.04726224783861672
海軍 (ONE PIECE)||3465||3465||249||249||0.07186147186147186||0.07186147186147186
DEATH NOTEの登場人物||3454||3454||19||19||0.0055008685581933985||0.0055008685581933985
逆転裁判||3453||3453||46||46||0.01332174920359108||0.01332174920359108
織田信長||3450||3450||184||184||0.05333333333333334||0.05333333333333334
仙台市||3444||3444||52||52||0.015098722415795587||0.015098722415795587
とある魔術の禁書目録||3443||3443||160||160||0.046471100784199824||0.046471100784199824
ケロロ軍曹の登場人物一覧/log20090210||3436||3436||5||5||0.0014551804423748546||0.0014551804423748546
オールナイトニッポン||3435||3435||42||42||0.01222707423580786||0.01222707423580786
帝京大学||3432||3432||81||81||0.0236013986013986||0.0236013986013986
沢城みゆき||3424||3424||99||99||0.02891355140186916||0.02891355140186916
ガールズ&パンツァー||3424||3424||116||116||0.03387850467289719||0.03387850467289719
水曜どうでしょう||3421||3421||22||22||0.006430868167202572||0.006430868167202572
サザエさん (テレビアニメ)||3421||3421||157||157||0.045893013738672904||0.045893013738672904
仮面ライダーエグゼイド||3420||3420||119||119||0.0347953216374269||0.0347953216374269
浪川大輔||3415||3415||62||62||0.01815519765739385||0.01815519765739385
中部日本放送||3412||3412||14||14||0.004103165298944901||0.004103165298944901
東京大学の人物一覧||3412||3412||25||25||0.007327080890973036||0.007327080890973036
2016年のテレビ (日本)||3398||3398||23||23||0.006768687463213655||0.006768687463213655
日本放送協会||3396||3396||138||138||0.04063604240282685||0.04063604240282685
UHFアニメ||3393||3393||11||11||0.0032419687592101384||0.0032419687592101384
仮面ライダードライブ||3391||3391||156||156||0.0460041285756414||0.0460041285756414
北海道出身の人物一覧||3383||3383||44||44||0.01300620750812888||0.01300620750812888
FAIRY TAILの登場人物||3370||3370||180||180||0.05341246290801187||0.05341246290801187
慶應義塾大学の人物一覧||3370||3370||55||55||0.016320474777448073||0.016320474777448073
自由民主党 (日本)||3366||3366||165||165||0.049019607843137254||0.049019607843137254
宇宙戦艦ヤマト2199||3364||3364||35||35||0.010404280618311534||0.010404280618311534
イチロー||3360||3360||185||185||0.05505952380952381||0.05505952380952381
広島東洋カープ||3357||3357||122||122||0.03634197199880846||0.03634197199880846
探偵!ナイトスクープ||3352||3352||38||38||0.011336515513126491||0.011336515513126491
ケロロ軍曹||3350||3350||26||26||0.007761194029850746||0.007761194029850746
東京駅||3350||3350||107||107||0.03194029850746269||0.03194029850746269
Nスタ||3348||3348||56||56||0.016726403823178016||0.016726403823178016
サザンオールスターズ||3341||3341||85||85||0.025441484585453457||0.025441484585453457
ONE PIECE (アニメ)||3337||3337||107||107||0.03206472879832185||0.03206472879832185
一橋大学の人物一覧||3323||3323||12||12||0.0036111947035811012||0.0036111947035811012
NMB48||3308||3308||160||160||0.04836759371221282||0.04836759371221282
連続テレビ小説||3290||3290||101||101||0.030699088145896655||0.030699088145896655
マイケル・ジャクソン||3290||3290||110||110||0.03343465045592705||0.03343465045592705
ドラえもん (1979年のテレビアニメ)||3284||3284||52||52||0.015834348355663823||0.015834348355663823
東北楽天ゴールデンイーグルス||3281||3281||90||90||0.027430661383724474||0.027430661383724474
ウルトラマン||3275||3275||120||120||0.0366412213740458||0.0366412213740458
新庄剛志||3274||3274||25||25||0.0076359193646915085||0.0076359193646915085
国鉄103系電車||3273||3273||54||54||0.016498625114573784||0.016498625114573784
キン肉マンの登場人物||3271||3271||28||28||0.008560073372057475||0.008560073372057475
仮面ライダーカブト||3264||3264||59||59||0.018075980392156864||0.018075980392156864
DEATH NOTE||3263||3263||55||55||0.01685565430585351||0.01685565430585351
大阪府出身の人物一覧||3255||3255||22||22||0.006758832565284178||0.006758832565284178
小野大輔||3255||3255||62||62||0.01904761904761905||0.01904761904761905
クイズ!ヘキサゴンII||3251||3251||132||132||0.04060289141802522||0.04060289141802522
機動戦士ガンダム 鉄血のオルフェンズ||3250||3250||117||117||0.036||0.036
ズームイン!!SUPER/log20091228||3247||3247||8||8||0.0024638127502309825||0.0024638127502309825
Dr.スランプ||3243||3243||52||52||0.016034535923527597||0.016034535923527597
スマイルプリキュア!||3242||3242||152||152||0.04688463911165947||0.04688463911165947
日産自動車||3238||3238||69||69||0.02130945027794935||0.02130945027794935
手塚治虫||3235||3235||35||35||0.010819165378670788||0.010819165378670788
Dr.スランプ アラレちゃん||3235||3235||56||56||0.01731066460587326||0.01731066460587326
ONE PIECE||3228||3228||387||387||0.11988847583643122||0.11988847583643122
徳川家康||3223||3223||179||179||0.05553831833695315||0.05553831833695315
仮面ライダーウィザード||3220||3220||113||113||0.035093167701863354||0.035093167701863354
ダウンタウンのガキの使いやあらへんで!!の企画||3216||3216||34||34||0.010572139303482588||0.010572139303482588
AAA (音楽グループ)||3198||3198||94||94||0.029393370856785492||0.029393370856785492
ドラえもんの登場人物一覧||3194||3194||132||132||0.041327489041953665||0.041327489041953665
能登麻美子||3191||3191||67||67||0.020996552804763396||0.020996552804763396
DDTプロレスリング||3189||3189||6||6||0.0018814675446848542||0.0018814675446848542
東京喰種トーキョーグール||3188||3188||26||26||0.008155583437892095||0.008155583437892095
とある魔術の禁書目録の登場人物||3186||3186||159||159||0.04990583804143126||0.04990583804143126
子安武人||3184||3184||47||47||0.014761306532663316||0.014761306532663316
ダウンタウンのガキの使いやあらへんで!||3181||3181||41||41||0.012889028607356178||0.012889028607356178
堀江由衣||3174||3174||48||48||0.015122873345935728||0.015122873345935728
秋田放送||3148||3148||8||8||0.0025412960609911056||0.0025412960609911056
全国高等学校クイズ選手権||3147||3147||72||72||0.022878932316491896||0.022878932316491896
今井麻美||3147||3147||77||77||0.024467747060692723||0.024467747060692723
法政大学の人物一覧||3147||3147||21||21||0.00667302192564347||0.00667302192564347
王貞治||3130||3130||65||65||0.020766773162939296||0.020766773162939296
獣拳戦隊ゲキレンジャー||3126||3126||94||94||0.030070377479206652||0.030070377479206652
Perfume||3126||3126||125||125||0.0399872040946897||0.0399872040946897
金色のガッシュ!!の登場人物||3124||3124||18||18||0.005761843790012804||0.005761843790012804
夫婦別姓||3121||3121||43||43||0.013777635373277796||0.013777635373277796
釘宮理恵||3121||3121||94||94||0.03011855174623518||0.03011855174623518
中日ドラゴンズ||3120||3120||82||82||0.026282051282051282||0.026282051282051282
東京放送ホールディングス||3119||3119||40||40||0.012824623276691247||0.012824623276691247
錦戸亮||3116||3116||92||92||0.029525032092426188||0.029525032092426188
侍戦隊シンケンジャー||3110||3110||85||85||0.027331189710610933||0.027331189710610933
世界一の一覧||3109||3109||41||41||0.013187520102926986||0.013187520102926986
ポケットモンスター (アニメ)||3096||3096||42||42||0.013565891472868217||0.013565891472868217
白鵬翔||3096||3096||96||96||0.031007751937984496||0.031007751937984496
名探偵コナン (アニメ)||3094||3094||81||81||0.026179702650290886||0.026179702650290886
ケロロ軍曹 (アニメ)||3093||3093||34||34||0.010992563853863564||0.010992563853863564
前田敦子||3092||3092||382||382||0.12354463130659767||0.12354463130659767
ドキドキ!プリキュア||3088||3088||80||80||0.025906735751295335||0.025906735751295335
タモリ||3087||3087||142||142||0.045999352121801104||0.045999352121801104
大野智||3086||3086||135||135||0.043745949449125084||0.043745949449125084
日本航空||3084||3084||61||61||0.019779507133592736||0.019779507133592736
クイズ世界はSHOW by ショーバイ!!||3084||3084||20||20||0.00648508430609598||0.00648508430609598
東海道新幹線||3080||3080||89||89||0.028896103896103895||0.028896103896103895
暗殺教室||3074||3074||128||128||0.04163955757970072||0.04163955757970072
世界平和統一家庭連合||3070||3070||111||111||0.03615635179153094||0.03615635179153094
ハヤテのごとく!の登場人物||3067||3067||97||97||0.03162699706553636||0.03162699706553636
進撃の巨人||3067||3067||89||89||0.029018584936419956||0.029018584936419956
バイキング (テレビ番組)||3067||3067||43||43||0.014020215194000651||0.014020215194000651
松井秀喜||3066||3066||117||117||0.03816046966731898||0.03816046966731898
日本||3066||3066||406||406||0.1324200913242009||0.1324200913242009
SCHOOL OF LOCK!||3065||3065||30||30||0.009787928221859706||0.009787928221859706
新宿駅||3059||3059||56||56||0.018306636155606407||0.018306636155606407
Run for money 逃走中||3053||3053||75||75||0.024566000655093352||0.024566000655093352
仮面ライダーディケイド||3053||3053||151||151||0.049459547985587944||0.049459547985587944
HUNTER×HUNTERの登場人物||3052||3052||59||59||0.019331585845347315||0.019331585845347315
諏訪部順一||3050||3050||65||65||0.021311475409836064||0.021311475409836064
仮面ライダーゴースト||3044||3044||212||212||0.06964520367936924||0.06964520367936924
ポルノグラフィティ||3030||3030||56||56||0.018481848184818482||0.018481848184818482
オリックス・バファローズ||3029||3029||55||55||0.018157807857378673||0.018157807857378673
笑ってはいけないシリーズ||3027||3027||27||27||0.008919722497522299||0.008919722497522299
常磐線||3026||3026||56||56||0.018506278916060808||0.018506278916060808
Fate/stay night||3022||3022||73||73||0.024156187954996692||0.024156187954996692
菅直人||3019||3019||161||161||0.05332891685988738||0.05332891685988738
クレヨンしんちゃん (アニメ)||3018||3018||116||116||0.038436050364479786||0.038436050364479786
ももいろクローバーZ||3016||3016||140||140||0.046419098143236075||0.046419098143236075
2014年のテレビ (日本)||3016||3016||12||12||0.003978779840848806||0.003978779840848806
中村悠一||3011||3011||97||97||0.0322152108933909||0.0322152108933909
静岡放送||3009||3009||50||50||0.01661681621801263||0.01661681621801263
プロレスリング・ノア||3005||3005||30||30||0.009983361064891847||0.009983361064891847
轟轟戦隊ボウケンジャー||2994||2994||48||48||0.01603206412825651||0.01603206412825651
福山雅治||2993||2993||84||84||0.028065486134313398||0.028065486134313398
仮面ライダービルド||2993||2993||87||87||0.02906782492482459||0.02906782492482459
行列のできる法律相談所||2991||2991||115||115||0.03844867937144768||0.03844867937144768
東京ヤクルトスワローズ||2988||2988||87||87||0.029116465863453816||0.029116465863453816
山寺宏一||2984||2984||59||59||0.019772117962466487||0.019772117962466487
DRAGON GATE||2980||2980||32||32||0.010738255033557046||0.010738255033557046
News every.||2973||2973||95||95||0.03195425496131853||0.03195425496131853
こちら葛飾区亀有公園前派出所の登場人物||2969||2969||80||80||0.02694509936005389||0.02694509936005389
新幹線||2967||2967||87||87||0.029322548028311426||0.029322548028311426
新潟市||2961||2961||39||39||0.013171225937183385||0.013171225937183385
AKBINGO!||2959||2959||124||124||0.04190604934099358||0.04190604934099358
古畑任三郎||2956||2956||23||23||0.007780784844384303||0.007780784844384303
トリビアの泉 〜素晴らしきムダ知識〜||2954||2954||28||28||0.009478672985781991||0.009478672985781991
THE IDOLM@STERの登場人物||2952||2952||113||113||0.03827913279132791||0.03827913279132791
魔人探偵脳噛ネウロ||2949||2949||10||10||0.00339097999321804||0.00339097999321804
らき☆すた||2947||2947||40||40||0.013573125212080081||0.013573125212080081
MAJORの登場人物||2943||2943||45||45||0.01529051987767584||0.01529051987767584
マジカル頭脳パワー!!||2940||2940||41||41||0.013945578231292517||0.013945578231292517
京都放送||2937||2937||24||24||0.008171603677221655||0.008171603677221655
全日本空輸||2935||2935||32||32||0.01090289608177172||0.01090289608177172
コード・ブルー -ドクターヘリ緊急救命-||2931||2931||96||96||0.032753326509723645||0.032753326509723645
喜多村英梨||2926||2926||106||106||0.036226930963773066||0.036226930963773066
山下智久||2924||2924||156||156||0.0533515731874145||0.0533515731874145
News zero||2921||2921||54||54||0.018486819582334817||0.018486819582334817
東京大学||2920||2920||95||95||0.032534246575342464||0.032534246575342464
FNNスーパーニュース||2917||2917||19||19||0.006513541309564621||0.006513541309564621
BUMP OF CHICKEN||2915||2915||85||85||0.029159519725557463||0.029159519725557463
天皇||2912||2912||263||263||0.09031593406593406||0.09031593406593406
SMAP×SMAP||2910||2910||43||43||0.014776632302405498||0.014776632302405498
妖怪ウォッチ||2910||2910||64||64||0.021993127147766325||0.021993127147766325
Kis-My-Ft2||2906||2906||169||169||0.058155540261527874||0.058155540261527874
ゲームセンターCXの放送内容||2905||2905||15||15||0.0051635111876075735||0.0051635111876075735
SLAM DUNKの登場人物||2891||2891||26||26||0.008993427879626427||0.008993427879626427
桃太郎電鉄シリーズ||2885||2885||16||16||0.005545927209705373||0.005545927209705373
魔法少女まどか☆マギカ||2885||2885||187||187||0.06481802426343154||0.06481802426343154
NHKのアナウンサー一覧||2879||2879||28||28||0.009725599166377214||0.009725599166377214
バンプレストオリジナルのキャラクター一覧||2878||2878||6||6||0.0020847810979847115||0.0020847810979847115
アンパンマンの登場人物一覧||2878||2878||77||77||0.026754690757470466||0.026754690757470466
植田佳奈||2876||2876||82||82||0.02851182197496523||0.02851182197496523
HiGH&LOW〜THE STORY OF S.W.O.R.D.〜||2866||2866||8||8||0.0027913468248429866||0.0027913468248429866
北海道放送||2864||2864||12||12||0.004189944134078212||0.004189944134078212
2006年||2863||2863||52||52||0.018162766329025498||0.018162766329025498
紙兎ロペ||2862||2862||11||11||0.003843466107617051||0.003843466107617051
ガンダムシリーズの登場機動兵器一覧||2855||2855||15||15||0.005253940455341506||0.005253940455341506
まれ||2855||2855||82||82||0.0287215411558669||0.0287215411558669
近畿日本鉄道||2847||2847||43||43||0.01510361784334387||0.01510361784334387
小室哲哉||2844||2844||25||25||0.008790436005625879||0.008790436005625879
ローゼンメイデン/history 20130917||2843||2843||43||43||0.015124868097080548||0.015124868097080548
発車メロディ||2842||2842||20||20||0.007037297677691766||0.007037297677691766
クイズタイムショック||2839||2839||23||23||0.008101444170482565||0.008101444170482565
ちびまる子ちゃん||2838||2838||89||89||0.03136011275546159||0.03136011275546159
IBC岩手放送||2836||2836||29||29||0.010225669957686883||0.010225669957686883
ゲームセンターCX 有野の挑戦||2834||2834||51||51||0.01799576570218772||0.01799576570218772
サトシ (アニメポケットモンスター)||2832||2832||45||45||0.015889830508474576||0.015889830508474576
草なぎ剛||2830||2830||112||112||0.039575971731448764||0.039575971731448764
平野綾||2829||2829||169||169||0.05973842347119123||0.05973842347119123
ダンボール戦機||2829||2829||45||45||0.015906680805938492||0.015906680805938492
アニメシャワー||2822||2822||16||16||0.005669737774627924||0.005669737774627924
声優||2816||2816||39||39||0.013849431818181818||0.013849431818181818
大塚明夫||2816||2816||30||30||0.01065340909090909||0.01065340909090909
井上麻里奈||2816||2816||113||113||0.04012784090909091||0.04012784090909091
読売ジャイアンツの選手一覧||2815||2815||113||113||0.04014209591474245||0.04014209591474245
仮面ライダーSPIRITS||2810||2810||33||33||0.011743772241992882||0.011743772241992882
機動戦士ガンダムAGE||2810||2810||101||101||0.03594306049822064||0.03594306049822064
福山市||2809||2809||11||11||0.003915984336062656||0.003915984336062656
清原和博||2808||2808||89||89||0.0316951566951567||0.0316951566951567
下野紘||2807||2807||134||134||0.04773779836123976||0.04773779836123976
関智一||2804||2804||59||59||0.021041369472182596||0.021041369472182596
エホバの証人||2804||2804||112||112||0.039942938659058486||0.039942938659058486
千葉テレビ放送||2801||2801||22||22||0.00785433773652267||0.00785433773652267
浪曲||2800||2800||6||6||0.002142857142857143||0.002142857142857143
浅田真央||2800||2800||82||82||0.029285714285714286||0.029285714285714286
緑川光||2798||2798||53||53||0.018942101501072194||0.018942101501072194
橋下徹||2795||2795||95||95||0.03398926654740608||0.03398926654740608
GTO (漫画)||2794||2794||26||26||0.009305654974946313||0.009305654974946313
Au (携帯電話)||2790||2790||53||53||0.01899641577060932||0.01899641577060932
中居正広||2788||2788||143||143||0.051291248206599714||0.051291248206599714
モンキー・D・ルフィ||2785||2785||225||225||0.0807899461400359||0.0807899461400359
浜松市||2785||2785||45||45||0.01615798922800718||0.01615798922800718
西日本旅客鉄道||2784||2784||51||51||0.018318965517241378||0.018318965517241378
国鉄115系電車||2782||2782||55||55||0.019769949676491733||0.019769949676491733
GLAY||2773||2773||75||75||0.02704652001442481||0.02704652001442481
山下達郎||2760||2760||31||31||0.011231884057971014||0.011231884057971014
日本の高校野球||2759||2759||62||62||0.02247191011235955||0.02247191011235955
名探偵コナン||2753||2753||86||86||0.03123864874682165||0.03123864874682165
特命戦隊ゴーバスターズ||2747||2747||80||80||0.029122679286494358||0.029122679286494358
ICOCA||2743||2743||47||47||0.017134524243528983||0.017134524243528983
花澤香菜||2742||2742||158||158||0.05762217359591539||0.05762217359591539
横浜駅||2741||2741||46||46||0.01678219627873039||0.01678219627873039
ニッポン放送||2738||2738||28||28||0.010226442658875092||0.010226442658875092
東北地方太平洋沖地震||2738||2738||90||90||0.03287070854638422||0.03287070854638422
FNS27時間テレビ||2737||2737||33||33||0.01205699671172817||0.01205699671172817
ソードアート・オンライン||2734||2734||134||134||0.04901243599122165||0.04901243599122165
渋谷駅||2733||2733||61||61||0.022319795096963045||0.022319795096963045
やしきたかじん||2731||2731||61||61||0.022336140607835956||0.022336140607835956
中国放送||2728||2728||36||36||0.013196480938416423||0.013196480938416423
暁 (NARUTO)||2725||2725||90||90||0.03302752293577982||0.03302752293577982
朝日放送グループホールディングス||2724||2724||35||35||0.012848751835535976||0.012848751835535976
東京箱根間往復大学駅伝競走||2719||2719||18||18||0.0066200809121000365||0.0066200809121000365
ハートキャッチプリキュア!||2718||2718||105||105||0.03863134657836645||0.03863134657836645
レアル・マドリード||2716||2716||43||43||0.015832106038291605||0.015832106038291605
キラキラ☆プリキュアアラモード||2716||2716||90||90||0.03313696612665685||0.03313696612665685
林原めぐみ||2711||2711||49||49||0.018074511250461084||0.018074511250461084
八王子市||2710||2710||28||28||0.010332103321033211||0.010332103321033211
2005年||2707||2707||35||35||0.012929442186922793||0.012929442186922793
野村克也||2706||2706||80||80||0.029563932002956393||0.029563932002956393
とんねるずのみなさんのおかげでした||2706||2706||28||28||0.010347376201034738||0.010347376201034738
20世紀少年||2698||2698||51||51||0.018902891030392884||0.018902891030392884
アドルフ・ヒトラー||2698||2698||77||77||0.02853965900667161||0.02853965900667161
ポケットモンスターSPECIALの登場人物||2697||2697||15||15||0.0055617352614015575||0.0055617352614015575
昭和天皇||2695||2695||122||122||0.04526901669758813||0.04526901669758813
HUNTER×HUNTER||2691||2691||83||83||0.030843552582683016||0.030843552582683016
悪魔の実||2690||2690||326||326||0.12118959107806691||0.12118959107806691
朝鮮民主主義人民共和国||2690||2690||185||185||0.0687732342007435||0.0687732342007435
めだかボックス||2686||2686||97||97||0.03611317944899479||0.03611317944899479
仮面ライダー||2684||2684||101||101||0.037630402384500744||0.037630402384500744
日本大学||2684||2684||118||118||0.043964232488822655||0.043964232488822655
しゅごキャラ!||2675||2675||20||20||0.007476635514018692||0.007476635514018692
戦国BASARAの登場人物||2675||2675||51||51||0.019065420560747663||0.019065420560747663
東日本大震災||2669||2669||103||103||0.03859123267141251||0.03859123267141251
在日韓国・朝鮮人||2661||2661||221||221||0.08305148440435926||0.08305148440435926
阪神・淡路大震災||2660||2660||60||60||0.022556390977443608||0.022556390977443608
NARUTO -ナルト- 疾風伝||2655||2655||58||58||0.021845574387947268||0.021845574387947268
小泉純一郎||2653||2653||92||92||0.034677723332076894||0.034677723332076894
玄田哲章||2652||2652||58||58||0.021870286576168928||0.021870286576168928
日本テレビ制作局制作番組の分野別一覧||2645||2645||6||6||0.002268431001890359||0.002268431001890359
テレビ東京番組一覧||2642||2642||12||12||0.004542013626040878||0.004542013626040878
埼玉県出身の人物一覧||2642||2642||27||27||0.010219530658591975||0.010219530658591975
東海テレビ放送||2638||2638||19||19||0.007202426080363912||0.007202426080363912
都市伝説一覧||2638||2638||47||47||0.01781652767247915||0.01781652767247915
ゆず (音楽グループ)||2637||2637||45||45||0.017064846416382253||0.017064846416382253
中川翔子||2637||2637||121||121||0.045885475919605616||0.045885475919605616
FAIRY TAIL||2636||2636||77||77||0.02921092564491654||0.02921092564491654
ダウンタウン (お笑いコンビ)||2632||2632||38||38||0.014437689969604863||0.014437689969604863
岡山放送||2632||2632||13||13||0.004939209726443769||0.004939209726443769
日本のラジオパーソナリティ一覧||2630||2630||8||8||0.003041825095057034||0.003041825095057034
朝ズバッ!||2630||2630||38||38||0.014448669201520912||0.014448669201520912
パナソニック||2627||2627||66||66||0.025123715264560333||0.025123715264560333
大江戸捜査網||2626||2626||8||8||0.0030464584920030465||0.0030464584920030465
東京国際空港||2626||2626||47||47||0.0178979436405179||0.0178979436405179
妖怪ウォッチの登場キャラクター||2622||2622||44||44||0.016781083142639208||0.016781083142639208
スイートプリキュア♪||2620||2620||117||117||0.04465648854961832||0.04465648854961832
阿澄佳奈||2617||2617||120||120||0.04585403133358808||0.04585403133358808
戦国BASARA||2612||2612||30||30||0.011485451761102604||0.011485451761102604
嫌韓||2607||2607||116||116||0.04449558879938627||0.04449558879938627
東京スカイツリー||2607||2607||133||133||0.05101649405446874||0.05101649405446874
涼宮ハルヒの憂鬱 (アニメ)||2606||2606||95||95||0.036454336147352266||0.036454336147352266
帰ってきたウルトラマン||2603||2603||76||76||0.029197080291970802||0.029197080291970802
任天堂||2601||2601||136||136||0.05228758169934641||0.05228758169934641
灼眼のシャナ||2598||2598||36||36||0.013856812933025405||0.013856812933025405
福岡県立修猷館高等学校の人物一覧||2595||2595||5||5||0.0019267822736030828||0.0019267822736030828
UVERworld||2594||2594||80||80||0.03084040092521203||0.03084040092521203
劇場版 仮面ライダーディケイド オールライダー対大ショッカー||2594||2594||116||116||0.04471858134155744||0.04471858134155744
さいたま市||2591||2591||68||68||0.026244693168660748||0.026244693168660748
機動戦士ガンダム00シリーズの登場兵器||2587||2587||94||94||0.0363355237727097||0.0363355237727097
家庭教師ヒットマンREBORN!の登場人物||2586||2586||34||34||0.013147718484145398||0.013147718484145398
宇多田ヒカル||2584||2584||50||50||0.01934984520123839||0.01934984520123839
野比のび太||2584||2584||125||125||0.04837461300309598||0.04837461300309598
若本規夫||2584||2584||34||34||0.013157894736842105||0.013157894736842105
サイヤ人||2583||2583||87||87||0.03368176538908246||0.03368176538908246
SoftBank (携帯電話)||2582||2582||23||23||0.008907823392718823||0.008907823392718823
在日特権を許さない市民の会||2581||2581||225||225||0.08717551336691205||0.08717551336691205
2011年のテレビ (日本)||2581||2581||14||14||0.005424254165052305||0.005424254165052305
兵庫県出身の人物一覧||2579||2579||16||16||0.006203955021326095||0.006203955021326095
ACジャパン||2578||2578||56||56||0.021722265321955005||0.021722265321955005
王下七武海||2577||2577||315||315||0.12223515715948778||0.12223515715948778
テレビ朝日||2573||2573||55||55||0.02137582588418189||0.02137582588418189
秘密のケンミンSHOW||2572||2572||109||109||0.042379471228615864||0.042379471228615864
神戸市||2571||2571||33||33||0.012835472578763127||0.012835472578763127
仮面ライダークウガ||2567||2567||111||111||0.043241137514608494||0.043241137514608494
ザ・キング・オブ・ファイターズ||2567||2567||11||11||0.004285157771717959||0.004285157771717959
地獄先生ぬ〜べ〜の登場人物||2565||2565||14||14||0.005458089668615985||0.005458089668615985
Go!プリンセスプリキュア||2563||2563||125||125||0.048770971517752636||0.048770971517752636
大乱闘スマッシュブラザーズシリーズ||2562||2562||87||87||0.03395784543325527||0.03395784543325527
東急田園都市線||2562||2562||64||64||0.02498048399687744||0.02498048399687744
Mr.Children||2559||2559||57||57||0.022274325908558032||0.022274325908558032
関口宏の東京フレンドパークII||2557||2557||41||41||0.016034415330465387||0.016034415330465387
サンテレビジョン||2556||2556||14||14||0.005477308294209703||0.005477308294209703
日笠陽子||2556||2556||92||92||0.03599374021909233||0.03599374021909233
ダイヤのA||2553||2553||26||26||0.010184097140618879||0.010184097140618879
松田聖子||2551||2551||86||86||0.03371226969815758||0.03371226969815758
神奈川県出身の人物一覧||2550||2550||25||25||0.00980392156862745||0.00980392156862745
名古屋市||2544||2544||68||68||0.026729559748427674||0.026729559748427674
井上喜久子||2542||2542||49||49||0.01927616050354052||0.01927616050354052
HKT48||2542||2542||171||171||0.06726986624704957||0.06726986624704957
福島第一原子力発電所事故||2538||2538||81||81||0.031914893617021274||0.031914893617021274
青森テレビ||2535||2535||19||19||0.007495069033530572||0.007495069033530572
るろうに剣心 -明治剣客浪漫譚-の登場人物一覧||2533||2533||42||42||0.016581129095933674||0.016581129095933674
ボウリング革命 P★League||2529||2529||21||21||0.00830367734282325||0.00830367734282325
マリオ (ゲームキャラクター)||2529||2529||83||83||0.0328192961644919||0.0328192961644919
島田紳助||2527||2527||141||141||0.05579738820736051||0.05579738820736051
BSテレビ東京||2526||2526||86||86||0.034045922406967535||0.034045922406967535
ビートルズ||2526||2526||69||69||0.027315914489311165||0.027315914489311165
渡辺麻友||2525||2525||287||287||0.11366336633663367||0.11366336633663367
保志総一朗||2524||2524||25||25||0.009904912836767036||0.009904912836767036
ONE PIECEの用語一覧||2518||2518||190||190||0.07545671167593328||0.07545671167593328
志田未来||2515||2515||46||46||0.018290258449304174||0.018290258449304174
三木眞一郎||2513||2513||27||27||0.010744130521289296||0.010744130521289296
コロンビア大学||2510||2510||13||13||0.0051792828685258965||0.0051792828685258965
アンパンマン||2510||2510||109||109||0.04342629482071713||0.04342629482071713
アメリカ合衆国||2508||2508||88||88||0.03508771929824561||0.03508771929824561
新幹線変形ロボ シンカリオン||2508||2508||37||37||0.014752791068580542||0.014752791068580542
2007年||2507||2507||60||60||0.023932987634623055||0.023932987634623055
デジモン一覧||2507||2507||7||7||0.002792181890706023||0.002792181890706023
日本一の一覧||2506||2506||40||40||0.01596169193934557||0.01596169193934557
太陽にほえろ!||2505||2505||28||28||0.011177644710578843||0.011177644710578843
埼玉西武ライオンズ||2503||2503||56||56||0.022373152217339192||0.022373152217339192
FNNスーパータイム||2503||2503||31||31||0.012385137834598482||0.012385137834598482
杉原千畝||2500||2500||71||71||0.0284||0.0284
ヤッターマン||2499||2499||29||29||0.011604641856742696||0.011604641856742696
日本大学の人物一覧||2498||2498||21||21||0.008406725380304243||0.008406725380304243
イナズマイレブン||2497||2497||47||47||0.01882258710452543||0.01882258710452543
日本語||2495||2495||118||118||0.047294589178356716||0.047294589178356716
史上最強の弟子ケンイチの登場人物||2495||2495||41||41||0.016432865731462926||0.016432865731462926
ビートたけし||2493||2493||89||89||0.03569995988768552||0.03569995988768552
岸尾だいすけ||2492||2492||36||36||0.014446227929373997||0.014446227929373997
KAT-TUN||2491||2491||52||52||0.020875150541951024||0.020875150541951024
ひるおび!||2491||2491||49||49||0.019670814933761542||0.019670814933761542
外交官||2487||2487||10||10||0.004020908725371934||0.004020908725371934
Suica||2486||2486||70||70||0.02815768302493966||0.02815768302493966
ザ・ベストテン||2486||2486||43||43||0.01729686242960579||0.01729686242960579
ポケットモンスター||2485||2485||92||92||0.03702213279678068||0.03702213279678068
2ちゃんねる||2485||2485||80||80||0.03219315895372234||0.03219315895372234
札幌市||2485||2485||115||115||0.04627766599597585||0.04627766599597585
ウルトラマンティガ||2483||2483||83||83||0.03342730567861458||0.03342730567861458
小林ゆう||2482||2482||70||70||0.028203062046736505||0.028203062046736505
豊臣秀吉||2482||2482||132||132||0.0531829170024174||0.0531829170024174
瀬戸内海放送||2481||2481||19||19||0.007658202337767029||0.007658202337767029
ロンドンハーツ||2481||2481||44||44||0.0177347843611447||0.0177347843611447
梶裕貴||2481||2481||70||70||0.028214429665457477||0.028214429665457477
テレビ愛知||2480||2480||24||24||0.00967741935483871||0.00967741935483871
名古屋テレビ放送||2475||2475||24||24||0.009696969696969697||0.009696969696969697
IS 〈インフィニット・ストラトス〉||2475||2475||73||73||0.029494949494949494||0.029494949494949494
スーパー戦隊シリーズ登場戦士一覧||2474||2474||38||38||0.015359741309620048||0.015359741309620048
置鮎龍太郎||2473||2473||37||37||0.014961585119288313||0.014961585119288313
西武鉄道||2472||2472||42||42||0.01699029126213592||0.01699029126213592
遊☆戯☆王5D's||2470||2470||37||37||0.014979757085020242||0.014979757085020242
ウルトラマンタロウ||2469||2469||72||72||0.02916160388821385||0.02916160388821385
広島テレビ放送||2469||2469||11||11||0.0044552450384771165||0.0044552450384771165
アイシールド21||2469||2469||22||22||0.008910490076954233||0.008910490076954233
星野仙一||2462||2462||102||102||0.041429731925264016||0.041429731925264016
本田圭佑||2462||2462||189||189||0.07676685621445979||0.07676685621445979
ディープインパクト (競走馬)||2456||2456||42||42||0.01710097719869707||0.01710097719869707
ふたりはプリキュア||2456||2456||83||83||0.033794788273615636||0.033794788273615636
FCバルセロナ||2454||2454||24||24||0.009779951100244499||0.009779951100244499
小西克幸||2453||2453||84||84||0.034243783122706886||0.034243783122706886
鉄拳の登場人物||2451||2451||55||55||0.022439820481436147||0.022439820481436147
NTTドコモ||2449||2449||44||44||0.01796651694569212||0.01796651694569212
江戸川コナン||2449||2449||65||65||0.026541445487954268||0.026541445487954268
仮面ライダー×仮面ライダー W&ディケイド MOVIE大戦2010||2448||2448||67||67||0.027369281045751634||0.027369281045751634
上地雄輔||2448||2448||69||69||0.028186274509803922||0.028186274509803922
いきものがかり||2445||2445||113||113||0.04621676891615542||0.04621676891615542
東海大学||2442||2442||38||38||0.015561015561015561||0.015561015561015561
D.Gray-manの登場人物||2441||2441||31||31||0.012699713232281851||0.012699713232281851
蛭子能収||2439||2439||22||22||0.009020090200902008||0.009020090200902008
タモリ倶楽部||2439||2439||19||19||0.007790077900779008||0.007790077900779008
あまちゃん||2431||2431||47||47||0.019333607568901685||0.019333607568901685
朴ロ美||2430||2430||60||60||0.024691358024691357||0.024691358024691357
男性差別||2427||2427||144||144||0.059332509270704575||0.059332509270704575
藤原啓治||2423||2423||63||63||0.0260008254230293||0.0260008254230293
ER緊急救命室||2421||2421||4||4||0.0016522098306484924||0.0016522098306484924
テレビ北海道||2421||2421||36||36||0.01486988847583643||0.01486988847583643
デュエル・マスターズ (漫画)||2419||2419||39||39||0.016122364613476645||0.016122364613476645
近鉄特急||2416||2416||60||60||0.024834437086092714||0.024834437086092714
台湾||2415||2415||93||93||0.03850931677018633||0.03850931677018633
中央線快速||2410||2410||54||54||0.022406639004149378||0.022406639004149378
スーパーロボット大戦シリーズ||2408||2408||27||27||0.011212624584717609||0.011212624584717609
小田急小田原線||2407||2407||35||35||0.014540922309929373||0.014540922309929373
幽☆遊☆白書の登場人物一覧||2405||2405||16||16||0.006652806652806653||0.006652806652806653
戦国無双シリーズ||2405||2405||8||8||0.0033264033264033266||0.0033264033264033266
秘密結社鷹の爪||2404||2404||10||10||0.004159733777038269||0.004159733777038269
ニコニコ動画||2404||2404||94||94||0.039101497504159734||0.039101497504159734
ゲート 自衛隊 彼の地にて、斯く戦えり||2402||2402||62||62||0.025811823480432972||0.025811823480432972
関西テレビ放送||2401||2401||49||49||0.02040816326530612||0.02040816326530612
信越放送||2399||2399||43||43||0.01792413505627345||0.01792413505627345
日立 世界・ふしぎ発見!||2399||2399||41||41||0.01709045435598166||0.01709045435598166
北海道コンサドーレ札幌||2397||2397||52||52||0.02169378389653734||0.02169378389653734
HUGっと!プリキュア||2396||2396||94||94||0.03923205342237062||0.03923205342237062
東武伊勢崎線||2394||2394||43||43||0.01796157059314954||0.01796157059314954
マスコットキャラクター一覧||2394||2394||9||9||0.0037593984962406013||0.0037593984962406013
ウルトラマンティガの登場怪獣||2392||2392||37||37||0.015468227424749164||0.015468227424749164
池袋駅||2391||2391||47||47||0.019657047260560435||0.019657047260560435
南京事件論争||2390||2390||89||89||0.037238493723849374||0.037238493723849374
テニスの王子様||2390||2390||50||50||0.02092050209205021||0.02092050209205021
プロレスラー一覧||2388||2388||4||4||0.0016750418760469012||0.0016750418760469012
中京テレビ放送||2388||2388||26||26||0.010887772194304857||0.010887772194304857
東海道本線||2387||2387||42||42||0.017595307917888565||0.017595307917888565
東急東横線||2386||2386||65||65||0.027242246437552388||0.027242246437552388
千葉県||2386||2386||62||62||0.025984911986588432||0.025984911986588432
NARUTO -ナルト-の術||2384||2384||33||33||0.013842281879194632||0.013842281879194632
東京メトロポリタンテレビジョン||2382||2382||39||39||0.0163727959697733||0.0163727959697733
それいけ!アンパンマン||2381||2381||128||128||0.05375892482150357||0.05375892482150357
斉木楠雄のΨ難||2381||2381||42||42||0.01763964720705586||0.01763964720705586
飛田展男||2379||2379||54||54||0.02269861286254729||0.02269861286254729
日本のプロ野球選手一覧||2378||2378||12||12||0.005046257359125316||0.005046257359125316
JR東日本E231系電車||2378||2378||90||90||0.03784693019343986||0.03784693019343986
着信御礼!ケータイ大喜利||2377||2377||14||14||0.005889777029869584||0.005889777029869584
ハヤテのごとく!||2376||2376||34||34||0.01430976430976431||0.01430976430976431
安室奈美恵||2376||2376||17||17||0.007154882154882155||0.007154882154882155
東芝||2375||2375||35||35||0.014736842105263158||0.014736842105263158
山口勝平||2374||2374||95||95||0.040016849199663015||0.040016849199663015
鳥海浩輔||2374||2374||35||35||0.014743049705139006||0.014743049705139006
おそ松くん||2374||2374||96||96||0.040438079191238416||0.040438079191238416
CLANNAD (ゲーム)||2372||2372||72||72||0.03035413153456998||0.03035413153456998
福岡市||2371||2371||55||55||0.023196963306621677||0.023196963306621677
魔法つかいプリキュア!||2370||2370||155||155||0.06540084388185655||0.06540084388185655
柿原徹也||2369||2369||47||47||0.019839594765723934||0.019839594765723934
宮城県古川高等学校||2368||2368||27||27||0.011402027027027027||0.011402027027027027
鳥人戦隊ジェットマン||2367||2367||56||56||0.023658639628221376||0.023658639628221376
おたく||2366||2366||136||136||0.057480980557903634||0.057480980557903634
茅原実里||2363||2363||60||60||0.025391451544646636||0.025391451544646636
秋元康||2361||2361||132||132||0.05590851334180432||0.05590851334180432
九州王朝説||2360||2360||38||38||0.016101694915254237||0.016101694915254237
指原莉乃||2359||2359||199||199||0.08435777871979652||0.08435777871979652
バカリズム||2358||2358||81||81||0.03435114503816794||0.03435114503816794
東海ラジオ放送||2357||2357||5||5||0.0021213406873143827||0.0021213406873143827
ハイスクールD×D||2357||2357||22||22||0.009333899024183284||0.009333899024183284
京阪本線||2355||2355||32||32||0.013588110403397028||0.013588110403397028
ポケットモンスターSPECIAL||2354||2354||61||61||0.025913338997451147||0.025913338997451147
鳩山由紀夫||2353||2353||223||223||0.09477263068423289||0.09477263068423289
国鉄113系電車||2350||2350||40||40||0.01702127659574468||0.01702127659574468
大阪府||2350||2350||78||78||0.033191489361702124||0.033191489361702124
京阪電気鉄道||2349||2349||39||39||0.016602809706257982||0.016602809706257982
モンスターストライク||2349||2349||109||109||0.0464027245636441||0.0464027245636441
岡田有希子||2347||2347||76||76||0.03238176395398381||0.03238176395398381
テレビせとうち||2346||2346||57||57||0.024296675191815855||0.024296675191815855
JR西日本223系電車||2344||2344||76||76||0.032423208191126277||0.032423208191126277
トヨタ・カローラ||2344||2344||32||32||0.013651877133105802||0.013651877133105802
ひぐらしのなく頃に||2343||2343||34||34||0.014511310285958173||0.014511310285958173
マクロスF||2342||2342||36||36||0.015371477369769428||0.015371477369769428
北斗の拳||2338||2338||31||31||0.013259195893926433||0.013259195893926433
ガンダムビルドファイターズ||2336||2336||36||36||0.015410958904109588||0.015410958904109588
〈物語〉シリーズ||2335||2335||74||74||0.03169164882226981||0.03169164882226981
クイズマジックアカデミー||2333||2333||14||14||0.006000857265323617||0.006000857265323617
JR東日本E233系電車||2333||2333||132||132||0.05657951135876554||0.05657951135876554
ベトナム戦争||2332||2332||34||34||0.014579759862778732||0.014579759862778732
北日本放送||2329||2329||26||26||0.0111635895234006||0.0111635895234006
小清水亜美||2329||2329||116||116||0.0498067840274796||0.0498067840274796
大宮駅 (埼玉県)||2328||2328||59||59||0.02534364261168385||0.02534364261168385
さよなら絶望先生||2328||2328||26||26||0.011168384879725086||0.011168384879725086
MBSベースボールパーク||2322||2322||19||19||0.00818260120585702||0.00818260120585702
全国高校野球選手権大会中継||2320||2320||9||9||0.003879310344827586||0.003879310344827586
スーパー戦隊シリーズ登場敵対勢力一覧||2319||2319||79||79||0.03406640793445451||0.03406640793445451
ユニバーサル・スタジオ・ジャパン||2318||2318||36||36||0.015530629853321829||0.015530629853321829
日本お笑い史||2317||2317||20||20||0.008631851532153647||0.008631851532153647
伊藤静||2316||2316||67||67||0.028929188255613126||0.028929188255613126
アメリカ横断ウルトラクイズの各大会の詳細||2314||2314||11||11||0.004753673292999135||0.004753673292999135
金田一少年の事件簿の犯罪者||2314||2314||33||33||0.014261019878997408||0.014261019878997408
NHKニュースおはよう日本||2312||2312||36||36||0.015570934256055362||0.015570934256055362
ゴッドタン||2311||2311||47||47||0.02033751622674167||0.02033751622674167
初音ミク||2311||2311||153||153||0.06620510601471224||0.06620510601471224
三島由紀夫||2310||2310||41||41||0.01774891774891775||0.01774891774891775
深夜アニメ||2307||2307||11||11||0.004768097095795405||0.004768097095795405
山口放送||2305||2305||21||21||0.00911062906724512||0.00911062906724512
NHK放送センター||2303||2303||36||36||0.015631784628745114||0.015631784628745114
大原大次郎||2301||2301||31||31||0.013472403302911778||0.013472403302911778
たまごっち!||2301||2301||63||63||0.027379400260756193||0.027379400260756193
スカパー! チャンネル一覧||2300||2300||174||174||0.07565217391304348||0.07565217391304348
鋼の錬金術師の登場人物一覧/history 20120609||2299||2299||20||20||0.008699434536755112||0.008699434536755112
銀魂||2299||2299||96||96||0.041757285776424534||0.041757285776424534
東北新幹線||2298||2298||50||50||0.02175805047867711||0.02175805047867711
遊☆戯☆王デュエルモンスターズGXの登場人物||2297||2297||16||16||0.006965607313887679||0.006965607313887679
バカとテストと召喚獣||2297||2297||33||33||0.014366565084893338||0.014366565084893338
イナズマイレブンGO||2296||2296||37||37||0.016114982578397212||0.016114982578397212
文化放送ライオンズナイター||2295||2295||40||40||0.017429193899782137||0.017429193899782137
慶應義塾大学/history20130405||2294||2294||68||68||0.02964254577157803||0.02964254577157803
小諸藩牧野氏の家臣団||2292||2292||1||1||4.363001745200698E-4||4.363001745200698E-4
仮面ライダーアギト||2291||2291||66||66||0.028808380619816675||0.028808380619816675
明治大学の人物一覧||2291||2291||54||54||0.02357049323439546||0.02357049323439546
アップダウンクイズ||2289||2289||13||13||0.005679335954565312||0.005679335954565312
盛岡市||2289||2289||25||25||0.010921799912625601||0.010921799912625601
烈車戦隊トッキュウジャー||2288||2288||72||72||0.03146853146853147||0.03146853146853147
福井放送||2284||2284||16||16||0.0070052539404553416||0.0070052539404553416
動物戦隊ジュウオウジャー||2283||2283||158||158||0.0692071835304424||0.0692071835304424
Minecraft||2281||2281||144||144||0.06313020604997809||0.06313020604997809
賭博黙示録カイジ||2279||2279||20||20||0.008775778850372971||0.008775778850372971
機動戦士ガンダムUC||2277||2277||60||60||0.026350461133069828||0.026350461133069828
L'Arc〜en〜Ciel||2276||2276||66||66||0.02899824253075571||0.02899824253075571
ボクシング現王者一覧||2275||2275||54||54||0.023736263736263738||0.023736263736263738
鉄道事故||2274||2274||21||21||0.009234828496042216||0.009234828496042216
川澄綾子||2272||2272||30||30||0.013204225352112676||0.013204225352112676
一関学院高等学校||2272||2272||10||10||0.0044014084507042256||0.0044014084507042256
FNSの日||2272||2272||86||86||0.037852112676056336||0.037852112676056336
リンカーンの企画・コーナー||2271||2271||9||9||0.003963011889035667||0.003963011889035667
ロケみつ||2267||2267||42||42||0.018526687251874726||0.018526687251874726
ネット右翼||2267||2267||310||310||0.13674459638288486||0.13674459638288486
パナソニックショップ||2263||2263||34||34||0.015024304021210782||0.015024304021210782
坂本真綾||2263||2263||46||46||0.020326999558108707||0.020326999558108707
名古屋鉄道||2262||2262||27||27||0.011936339522546418||0.011936339522546418
ウルトラマンガイア||2260||2260||63||63||0.027876106194690265||0.027876106194690265
フジテレビ月曜9時枠の連続ドラマ||2258||2258||52||52||0.023029229406554472||0.023029229406554472
大阪市||2258||2258||74||74||0.03277236492471213||0.03277236492471213
2012年のテレビ (日本)||2256||2256||13||13||0.00576241134751773||0.00576241134751773
ドリフ大爆笑||2255||2255||7||7||0.0031042128603104213||0.0031042128603104213
木村拓哉||2254||2254||146||146||0.064773735581189||0.064773735581189
岐阜放送||2253||2253||13||13||0.005770084332001775||0.005770084332001775
本田技研工業||2253||2253||29||29||0.01287172658677319||0.01287172658677319
北陸新幹線||2250||2250||69||69||0.030666666666666665||0.030666666666666665
アニメ版ポケットモンスターの登場人物||2249||2249||39||39||0.017341040462427744||0.017341040462427744
中華人民共和国||2248||2248||105||105||0.046708185053380785||0.046708185053380785
みんなが出るテレビ||2248||2248||5||5||0.002224199288256228||0.002224199288256228
南京事件||2248||2248||339||339||0.15080071174377224||0.15080071174377224
上皇明仁||2247||2247||185||185||0.08233199821984868||0.08233199821984868
WWE||2245||2245||15||15||0.0066815144766146995||0.0066815144766146995
国鉄205系電車||2244||2244||96||96||0.0427807486631016||0.0427807486631016
大泉洋||2240||2240||47||47||0.020982142857142855||0.020982142857142855
魔法先生ネギま!の登場人物||2239||2239||25||25||0.011165698972755694||0.011165698972755694
日本プロ野球||2238||2238||34||34||0.01519213583556747||0.01519213583556747
桑島法子||2236||2236||86||86||0.038461538461538464||0.038461538461538464
千葉県出身の人物一覧||2234||2234||22||22||0.009847806624888093||0.009847806624888093
IPhone||2234||2234||93||93||0.04162936436884512||0.04162936436884512
朝日新聞||2232||2232||173||173||0.0775089605734767||0.0775089605734767
フレッシュプリキュア!||2229||2229||82||82||0.036787797218483624||0.036787797218483624
ローソン||2224||2224||18||18||0.008093525179856115||0.008093525179856115
とんねるず||2220||2220||45||45||0.02027027027027027||0.02027027027027027
アイドルマスター シンデレラガールズ||2220||2220||88||88||0.03963963963963964||0.03963963963963964
中村俊輔||2219||2219||130||130||0.05858494817485354||0.05858494817485354
フジテレビ番組一覧||2218||2218||4||4||0.0018034265103697023||0.0018034265103697023
Oha!4 NEWS LIVE||2218||2218||22||22||0.009918845807033363||0.009918845807033363
徹子の部屋||2216||2216||24||24||0.010830324909747292||0.010830324909747292
茨城県||2215||2215||82||82||0.03702031602708804||0.03702031602708804
江原正士||2213||2213||37||37||0.016719385449615907||0.016719385449615907
東北学院大学||2212||2212||11||11||0.004972875226039783||0.004972875226039783
北九州市||2211||2211||52||52||0.023518769787426504||0.023518769787426504
高橋みなみ||2210||2210||158||158||0.07149321266968325||0.07149321266968325
森一夫||2209||2209||12||12||0.005432322317790856||0.005432322317790856
仮面ライダー龍騎||2207||2207||62||62||0.02809243316719529||0.02809243316719529
Saku saku||2207||2207||22||22||0.009968282736746714||0.009968282736746714
はねるのトびら||2202||2202||21||21||0.009536784741144414||0.009536784741144414
宇宙戦隊キュウレンジャー||2201||2201||60||60||0.027260336210813266||0.027260336210813266
ウルトラマンレオ||2200||2200||109||109||0.049545454545454545||0.049545454545454545
札幌テレビ放送||2200||2200||17||17||0.007727272727272728||0.007727272727272728
中華民国||2197||2197||198||198||0.09012289485662267||0.09012289485662267
さよなら絶望先生の登場人物||2196||2196||24||24||0.01092896174863388||0.01092896174863388
讀賣テレビ放送||2195||2195||24||24||0.010933940774487472||0.010933940774487472
NEWS23||2194||2194||39||39||0.017775752051048314||0.017775752051048314
きかんしゃトーマス シーズン毎制作史||2194||2194||52||52||0.023701002734731084||0.023701002734731084
櫻井翔||2194||2194||181||181||0.08249772105742935||0.08249772105742935
NARUTO -ナルト-の登場人物||2194||2194||142||142||0.06472196900638104||0.06472196900638104
実況パワフルプロ野球||2191||2191||18||18||0.008215426745778184||0.008215426745778184
慰安婦||2191||2191||110||110||0.05020538566864446||0.05020538566864446
ハヤテのごとく! (アニメ)||2187||2187||42||42||0.019204389574759947||0.019204389574759947
ローカル路線バス乗り継ぎの旅||2186||2186||33||33||0.015096065873741994||0.015096065873741994
真田丸 (NHK大河ドラマ)||2186||2186||128||128||0.0585544373284538||0.0585544373284538
Wii/history 20130210||2184||2184||18||18||0.008241758241758242||0.008241758241758242
博士と助手〜細かすぎて伝わらないモノマネ選手権〜||2184||2184||8||8||0.003663003663003663||0.003663003663003663
ネコ||2183||2183||130||130||0.05955107650022904||0.05955107650022904
ディズニー・ヴィランズ||2179||2179||32||32||0.014685635612666361||0.014685635612666361
F-15 (戦闘機)||2179||2179||39||39||0.017898118402937126||0.017898118402937126
雨上がり決死隊のトーク番組アメトーーク!||2178||2178||16||16||0.0073461891643709825||0.0073461891643709825
僕のヒーローアカデミア||2178||2178||50||50||0.02295684113865932||0.02295684113865932
東條英機||2177||2177||75||75||0.034451079467156635||0.034451079467156635
トミカ一覧||2177||2177||44||44||0.020211299954065228||0.020211299954065228
天元突破グレンラガン||2177||2177||16||16||0.007349563619660083||0.007349563619660083
韓国起源説||2175||2175||135||135||0.06206896551724138||0.06206896551724138
ウルトラセブン||2174||2174||99||99||0.04553817847286108||0.04553817847286108
宝塚歌劇団||2171||2171||25||25||0.011515430677107323||0.011515430677107323
サッカー日本代表||2171||2171||79||79||0.03638876093965914||0.03638876093965914
ラブライブ!||2171||2171||111||111||0.051128512206356516||0.051128512206356516
頭文字D||2169||2169||29||29||0.013370216689718764||0.013370216689718764
テイルズ オブ ヴェスペリア||2169||2169||61||61||0.028123559243891195||0.028123559243891195
熊本地震 (2016年)||2169||2169||117||117||0.05394190871369295||0.05394190871369295
忍たま乱太郎||2165||2165||42||42||0.019399538106235566||0.019399538106235566
山陽新幹線||2164||2164||42||42||0.019408502772643253||0.019408502772643253
高橋広樹||2163||2163||15||15||0.006934812760055479||0.006934812760055479
護廷十三隊||2163||2163||25||25||0.01155802126675913||0.01155802126675913
あぶない刑事||2162||2162||7||7||0.0032377428307123032||0.0032377428307123032
山田涼介||2161||2161||130||130||0.06015733456732994||0.06015733456732994
リンカーン (テレビ番組)||2155||2155||15||15||0.0069605568445475635||0.0069605568445475635
太平洋戦争||2153||2153||101||101||0.046911286576869486||0.046911286576869486
東京都||2152||2152||110||110||0.05111524163568773||0.05111524163568773
横浜市||2152||2152||43||43||0.019981412639405203||0.019981412639405203
自殺||2151||2151||57||57||0.026499302649930265||0.026499302649930265
きかんしゃトーマス・汽車のえほんの登場キャラクター||2149||2149||42||42||0.019543973941368076||0.019543973941368076
蒼穹のファフナー||2148||2148||22||22||0.010242085661080074||0.010242085661080074
キャプテン翼の登場人物||2148||2148||45||45||0.02094972067039106||0.02094972067039106
七つの大罪 (漫画)||2148||2148||70||70||0.032588454376163874||0.032588454376163874
東京急行電鉄||2146||2146||54||54||0.02516309412861137||0.02516309412861137
長崎放送||2146||2146||8||8||0.003727865796831314||0.003727865796831314
魔法戦隊マジレンジャー||2146||2146||28||28||0.0130475302889096||0.0130475302889096
京都市||2144||2144||45||45||0.020988805970149255||0.020988805970149255
はなかっぱ||2142||2142||45||45||0.02100840336134454||0.02100840336134454
東日本旅客鉄道||2139||2139||52||52||0.02431042543244507||0.02431042543244507
ラジかるッ||2139||2139||4||4||0.0018700327255726976||0.0018700327255726976
ラーメン||2138||2138||77||77||0.03601496725912067||0.03601496725912067
X JAPAN||2135||2135||96||96||0.04496487119437939||0.04496487119437939
ボボボーボ・ボーボボ||2134||2134||44||44||0.020618556701030927||0.020618556701030927
熊本市||2133||2133||50||50||0.02344116268166901||0.02344116268166901
魔法科高校の劣等生||2133||2133||56||56||0.02625410220346929||0.02625410220346929
井上和彦 (声優)||2132||2132||33||33||0.01547842401500938||0.01547842401500938
夜のヒットスタジオ||2132||2132||4||4||0.001876172607879925||0.001876172607879925
ベイブレードバースト||2132||2132||41||41||0.019230769230769232||0.019230769230769232
松本人志||2131||2131||148||148||0.06945096198967621||0.06945096198967621
ペルソナ4||2131||2131||64||64||0.03003284842796809||0.03003284842796809
長寿番組の一覧||2128||2128||28||28||0.013157894736842105||0.013157894736842105
カードキャプターさくら||2127||2127||48||48||0.022566995768688293||0.022566995768688293
踊る大捜査線||2126||2126||19||19||0.008936970837253057||0.008936970837253057
爆笑オンエアバトル||2125||2125||13||13||0.00611764705882353||0.00611764705882353
宮崎駿||2124||2124||72||72||0.03389830508474576||0.03389830508474576
テレビ朝日番組一覧||2123||2123||14||14||0.00659444182760245||0.00659444182760245
To LOVEる -とらぶる-||2123||2123||72||72||0.03391427225624117||0.03391427225624117
艦隊これくしょん -艦これ-||2122||2122||156||156||0.07351555136663525||0.07351555136663525
ニッポン放送番組一覧||2121||2121||17||17||0.008015087223008015||0.008015087223008015
長澤まさみ||2121||2121||66||66||0.031117397454031116||0.031117397454031116
広島ホームテレビ||2119||2119||9||9||0.004247286455875413||0.004247286455875413
東京ドーム||2118||2118||43||43||0.020302171860245515||0.020302171860245515
小笠原道大||2118||2118||108||108||0.05099150141643059||0.05099150141643059
2ちゃんねるの歴史||2118||2118||38||38||0.01794145420207743||0.01794145420207743
鹿児島県出身の人物一覧||2116||2116||28||28||0.013232514177693762||0.013232514177693762
PON!||2116||2116||50||50||0.023629489603024575||0.023629489603024575
王様のブランチ||2115||2115||57||57||0.02695035460992908||0.02695035460992908
きかんしゃトーマス サブタイトルリスト||2115||2115||58||58||0.027423167848699765||0.027423167848699765
東京ディズニーランド||2115||2115||112||112||0.052955082742316785||0.052955082742316785
頭文字Dの登場人物||2114||2114||5||5||0.0023651844843897824||0.0023651844843897824
法政大学||2113||2113||39||39||0.018457169900615238||0.018457169900615238
下関市||2110||2110||29||29||0.013744075829383886||0.013744075829383886
School Days||2110||2110||42||42||0.01990521327014218||0.01990521327014218
BLAZBLUE||2110||2110||12||12||0.005687203791469194||0.005687203791469194
ワンワンパッコロ!キャラともワールド||2110||2110||35||35||0.016587677725118485||0.016587677725118485
神奈川大学||2109||2109||21||21||0.00995732574679943||0.00995732574679943
四国放送||2108||2108||30||30||0.014231499051233396||0.014231499051233396
おはよう朝日です||2107||2107||18||18||0.00854295206454675||0.00854295206454675
美少女戦士セーラームーンの登場人物||2107||2107||58||58||0.027527289985761746||0.027527289985761746
食戟のソーマ||2107||2107||129||129||0.061224489795918366||0.061224489795918366
ウエンツ瑛士||2106||2106||17||17||0.008072174738841406||0.008072174738841406
KARA||2106||2106||54||54||0.02564102564102564||0.02564102564102564
郷里大輔||2105||2105||96||96||0.04560570071258908||0.04560570071258908
モンスターハンター||2105||2105||60||60||0.028503562945368172||0.028503562945368172
公明党||2104||2104||66||66||0.03136882129277566||0.03136882129277566
福島テレビ||2102||2102||20||20||0.009514747859181731||0.009514747859181731
伊集院光||2102||2102||23||23||0.010941960038058992||0.010941960038058992
金沢市||2101||2101||22||22||0.010471204188481676||0.010471204188481676
GReeeeN||2100||2100||66||66||0.03142857142857143||0.03142857142857143
YouTube||2098||2098||170||170||0.08102955195424213||0.08102955195424213
小山力也||2095||2095||42||42||0.020047732696897375||0.020047732696897375
特別攻撃隊||2093||2093||24||24||0.011466794075489728||0.011466794075489728
金曜ロードSHOW!||2092||2092||23||23||0.010994263862332695||0.010994263862332695
ルパン三世||2092||2092||33||33||0.01577437858508604||0.01577437858508604
埼玉県||2091||2091||108||108||0.05164992826398852||0.05164992826398852
手裏剣戦隊ニンニンジャー||2090||2090||139||139||0.06650717703349282||0.06650717703349282
爆竜戦隊アバレンジャー||2088||2088||50||50||0.023946360153256706||0.023946360153256706
東海旅客鉄道||2088||2088||41||41||0.019636015325670497||0.019636015325670497
戊辰戦争||2087||2087||47||47||0.022520364159080018||0.022520364159080018
TVQ九州放送||2087||2087||9||9||0.004312410158121706||0.004312410158121706
竹島 (島根県)||2079||2079||65||65||0.031265031265031266||0.031265031265031266
SKET DANCE||2076||2076||65||65||0.0313102119460501||0.0313102119460501
真・三國無双シリーズ||2074||2074||49||49||0.023625843780135006||0.023625843780135006
ザ・キング・オブ・ファイターズの登場人物||2073||2073||12||12||0.005788712011577424||0.005788712011577424
風林火山 (NHK大河ドラマ)||2072||2072||67||67||0.032335907335907334||0.032335907335907334
少女時代 (音楽グループ)||2072||2072||88||88||0.04247104247104247||0.04247104247104247
クリスマスの約束||2071||2071||11||11||0.005311443746982134||0.005311443746982134
杉山紀彰||2070||2070||15||15||0.007246376811594203||0.007246376811594203
戸松遥||2070||2070||85||85||0.04106280193236715||0.04106280193236715
クリスティアーノ・ロナウド||2069||2069||112||112||0.0541324311261479||0.0541324311261479
ワイド!スクランブル||2068||2068||63||63||0.0304642166344294||0.0304642166344294
PlayStation Portable||2068||2068||34||34||0.01644100580270793||0.01644100580270793
学園黙示録 HIGHSCHOOL OF THE DEAD||2067||2067||78||78||0.03773584905660377||0.03773584905660377
黒の組織||2067||2067||121||121||0.05853894533139816||0.05853894533139816
香港||2066||2066||45||45||0.021781219748305904||0.021781219748305904
統合失調症||2061||2061||102||102||0.049490538573508006||0.049490538573508006
全国高等学校野球選手権大会||2060||2060||25||25||0.012135922330097087||0.012135922330097087
自衛隊||2059||2059||82||82||0.0398251578436134||0.0398251578436134
ORANGE RANGE||2059||2059||65||65||0.03156872268091306||0.03156872268091306
武装錬金||2057||2057||17||17||0.008264462809917356||0.008264462809917356
ASIAN KUNG-FU GENERATION||2057||2057||18||18||0.008750607681088965||0.008750607681088965
品川駅||2057||2057||68||68||0.03305785123966942||0.03305785123966942
ビーイング||2056||2056||11||11||0.005350194552529183||0.005350194552529183
都市伝説||2055||2055||21||21||0.010218978102189781||0.010218978102189781
田中理恵 (声優)||2053||2053||61||61||0.029712615684364344||0.029712615684364344
東武東上本線||2053||2053||32||32||0.015586945932781296||0.015586945932781296
快盗戦隊ルパンレンジャーVS警察戦隊パトレンジャー||2053||2053||54||54||0.026302971261568435||0.026302971261568435
阪和線||2052||2052||32||32||0.015594541910331383||0.015594541910331383
サンフレッチェ広島F.C||2052||2052||31||31||0.015107212475633527||0.015107212475633527
佐藤利奈||2051||2051||63||63||0.030716723549488054||0.030716723549488054
ドラゴンクエストV 天空の花嫁||2051||2051||26||26||0.012676743052169674||0.012676743052169674
釧路市||2050||2050||43||43||0.020975609756097562||0.020975609756097562
出川哲朗の充電させてもらえませんか?||2050||2050||5||5||0.0024390243902439024||0.0024390243902439024
GANTZ||2048||2048||37||37||0.01806640625||0.01806640625
北陸放送||2048||2048||14||14||0.0068359375||0.0068359375
ぐるぐるナインティナイン||2047||2047||26||26||0.012701514411333659||0.012701514411333659
新幹線N700系電車||2047||2047||109||109||0.05324865657059111||0.05324865657059111
笑っていいとも!レギュラー出演者一覧||2047||2047||24||24||0.01172447484123107||0.01172447484123107
学園アリス||2046||2046||9||9||0.004398826979472141||0.004398826979472141
徳光和夫||2045||2045||36||36||0.017603911980440097||0.017603911980440097
アイカツ!||2043||2043||22||22||0.010768477728830151||0.010768477728830151
ちい散歩||2041||2041||48||48||0.023517883390494855||0.023517883390494855
ジャッキー・チェン||2039||2039||40||40||0.0196174595389897||0.0196174595389897
浜田雅功||2039||2039||99||99||0.04855321235899951||0.04855321235899951
仮面ライダー剣||2038||2038||72||72||0.03532875368007851||0.03532875368007851
ミュ〜コミ+プラス||2038||2038||10||10||0.004906771344455349||0.004906771344455349
痛快TV スカッとジャパン||2038||2038||56||56||0.02747791952894995||0.02747791952894995
アメリカ同時多発テロ事件||2037||2037||41||41||0.020127638684339717||0.020127638684339717
欅坂46||2037||2037||195||195||0.09572901325478646||0.09572901325478646
アニメ作品一覧||2035||2035||3||3||0.0014742014742014742||0.0014742014742014742
坂本龍馬||2035||2035||79||79||0.03882063882063882||0.03882063882063882
テレビ埼玉||2031||2031||16||16||0.007877892663712457||0.007877892663712457
ウルトラマンA||2029||2029||73||73||0.035978314440611135||0.035978314440611135
くりぃむしちゅーのオールナイトニッポン||2028||2028||19||19||0.009368836291913214||0.009368836291913214
ドイツ||2026||2026||69||69||0.03405725567620928||0.03405725567620928
大塚芳忠||2025||2025||27||27||0.013333333333333334||0.013333333333333334
テイルズ オブ シンフォニア||2025||2025||14||14||0.006913580246913581||0.006913580246913581
Fate/Grand Order||2025||2025||132||132||0.06518518518518518||0.06518518518518518
インテルナツィオナーレ・ミラノ||2024||2024||23||23||0.011363636363636364||0.011363636363636364
中日ドラゴンズの選手一覧||2024||2024||64||64||0.03162055335968379||0.03162055335968379
ACミラン||2024||2024||13||13||0.006422924901185771||0.006422924901185771
西城秀樹||2023||2023||48||48||0.023727137913989126||0.023727137913989126
ダルビッシュ有||2021||2021||115||115||0.05690252350321623||0.05690252350321623
MOTHER3||2020||2020||8||8||0.0039603960396039604||0.0039603960396039604
松岡禎丞||2020||2020||66||66||0.032673267326732675||0.032673267326732675
BanG Dream!||2019||2019||17||17||0.008420009905894007||0.008420009905894007
鋼の錬金術師||2018||2018||92||92||0.04558969276511397||0.04558969276511397
森田成一||2017||2017||30||30||0.014873574615765989||0.014873574615765989
金妍兒||2015||2015||179||179||0.08883374689826302||0.08883374689826302
志村けん||2014||2014||61||61||0.03028798411122145||0.03028798411122145
宇都宮線||2014||2014||28||28||0.013902681231380337||0.013902681231380337
しゃべくり007||2013||2013||36||36||0.01788375558867362||0.01788375558867362
豊橋市||2011||2011||34||34||0.016907011437095974||0.016907011437095974
イギリス||2011||2011||119||119||0.0591745400298359||0.0591745400298359
遊☆戯☆王ARC-V||2011||2011||108||108||0.05370462456489309||0.05370462456489309
日本の女優一覧||2010||2010||12||12||0.005970149253731343||0.005970149253731343
松本潤||2008||2008||61||61||0.030378486055776893||0.030378486055776893
To LOVEる -とらぶる-の登場人物||2008||2008||45||45||0.022410358565737053||0.022410358565737053
オウム真理教||2004||2004||84||84||0.041916167664670656||0.041916167664670656
アダルトゲーム一覧||2003||2003||5||5||0.0024962556165751375||0.0024962556165751375
セブン-イレブン||2003||2003||113||113||0.056415376934598103||0.056415376934598103
広島電鉄||2002||2002||28||28||0.013986013986013986||0.013986013986013986
暴れん坊将軍||2002||2002||14||14||0.006993006993006993||0.006993006993006993
専修大学の人物一覧||2001||2001||11||11||0.005497251374312844||0.005497251374312844
新垣結衣||2000||2000||99||99||0.0495||0.0495
ひだまりスケッチ||1999||1999||34||34||0.017008504252126064||0.017008504252126064
東京都立日比谷高等学校||1999||1999||25||25||0.01250625312656328||0.01250625312656328
岡本信彦||1998||1998||99||99||0.04954954954954955||0.04954954954954955
零式艦上戦闘機||1998||1998||106||106||0.05305305305305305||0.05305305305305305
チーフプロデューサー||1994||1994||1||1||5.015045135406219E-4||5.015045135406219E-4
インド||1992||1992||45||45||0.022590361445783132||0.022590361445783132
立木文彦||1992||1992||18||18||0.009036144578313253||0.009036144578313253
ウルトラマンダイナの登場怪獣||1992||1992||31||31||0.015562248995983935||0.015562248995983935
日産・スカイライン||1992||1992||33||33||0.016566265060240965||0.016566265060240965
早見沙織||1992||1992||81||81||0.04066265060240964||0.04066265060240964
松任谷由実||1990||1990||21||21||0.010552763819095477||0.010552763819095477
江頭2:50||1990||1990||68||68||0.034170854271356785||0.034170854271356785
J SPORTS STADIUM||1990||1990||6||6||0.003015075376884422||0.003015075376884422
小池徹平||1989||1989||17||17||0.008547008547008548||0.008547008547008548
青森県出身の人物一覧||1989||1989||57||57||0.02865761689291101||0.02865761689291101
山手線||1989||1989||43||43||0.021618903971845148||0.021618903971845148
小田急電鉄||1988||1988||33||33||0.01659959758551308||0.01659959758551308
エフエム東京||1988||1988||20||20||0.01006036217303823||0.01006036217303823
絶対可憐チルドレン||1988||1988||41||41||0.02062374245472837||0.02062374245472837
BB戦士三国伝||1988||1988||30||30||0.015090543259557344||0.015090543259557344
大阪放送||1987||1987||13||13||0.006542526421741319||0.006542526421741319
コードギアスシリーズの登場人物||1987||1987||19||19||0.009562154001006542||0.009562154001006542
貝社員||1987||1987||14||14||0.007045797684952189||0.007045797684952189
日本の城一覧||1985||1985||13||13||0.00654911838790932||0.00654911838790932
テイルズ オブ シリーズ||1985||1985||41||41||0.02065491183879093||0.02065491183879093
ベガルタ仙台||1984||1984||26||26||0.01310483870967742||0.01310483870967742
東京メトロ副都心線||1982||1982||67||67||0.03380423814328961||0.03380423814328961
社会民主党 (日本 1996-)||1981||1981||105||105||0.053003533568904596||0.053003533568904596
有吉弘行||1981||1981||134||134||0.06764260474507824||0.06764260474507824
細谷佳正||1980||1980||39||39||0.019696969696969695||0.019696969696969695
日本の鉄道事故 (2000年以降)||1979||1979||64||64||0.03233956543708944||0.03233956543708944
おそ松さん||1979||1979||177||177||0.08943911066195048||0.08943911066195048
電車でGO!||1977||1977||38||38||0.019221041982802226||0.019221041982802226
松本市||1977||1977||24||24||0.012139605462822459||0.012139605462822459
ハイキュー!!||1977||1977||35||35||0.017703591299949417||0.017703591299949417
ミュージックステーションスーパーライブ||1976||1976||23||23||0.011639676113360324||0.011639676113360324
BIGBANG||1976||1976||72||72||0.03643724696356275||0.03643724696356275
岡村隆史||1974||1974||62||62||0.031408308004052685||0.031408308004052685
アイシールド21の登場人物||1973||1973||12||12||0.006082108464267613||0.006082108464267613
死刑存廃問題||1972||1972||39||39||0.01977687626774848||0.01977687626774848
大塚愛||1972||1972||65||65||0.03296146044624747||0.03296146044624747
遊佐浩二||1970||1970||21||21||0.01065989847715736||0.01065989847715736
ラジオ・チャリティー・ミュージックソン||1970||1970||21||21||0.01065989847715736||0.01065989847715736
ロジャー・フェデラー||1969||1969||45||45||0.0228542407313357||0.0228542407313357
ニート||1969||1969||63||63||0.031995937023869984||0.031995937023869984
ワンパンマン||1969||1969||52||52||0.026409344845099034||0.026409344845099034
ウルトラマンダイナ||1968||1968||51||51||0.025914634146341462||0.025914634146341462
ごくせん (テレビドラマ)||1967||1967||59||59||0.029994916115912557||0.029994916115912557
ファミリーマート||1966||1966||65||65||0.03306205493387589||0.03306205493387589
シャーリー・テンプル||1966||1966||2||2||0.001017293997965412||0.001017293997965412
AKB48関連の楽曲一覧||1965||1965||35||35||0.017811704834605598||0.017811704834605598
神のみぞ知るセカイ||1965||1965||50||50||0.02544529262086514||0.02544529262086514
ドラえもん (2005年のテレビアニメ)||1964||1964||109||109||0.0554989816700611||0.0554989816700611
秋田テレビ||1962||1962||10||10||0.0050968399592252805||0.0050968399592252805
オレたちひょうきん族||1961||1961||54||54||0.027536970933197347||0.027536970933197347
サントリー||1961||1961||19||19||0.009688934217236104||0.009688934217236104
稀勢の里寛||1961||1961||51||51||0.026007139214686385||0.026007139214686385
ONE OK ROCK||1961||1961||61||61||0.031106578276389598||0.031106578276389598
ガンバ大阪||1960||1960||71||71||0.036224489795918365||0.036224489795918365
PASMO||1960||1960||44||44||0.022448979591836733||0.022448979591836733
落合博満||1958||1958||119||119||0.06077630234933606||0.06077630234933606
笑福亭鶴瓶||1958||1958||30||30||0.015321756894790603||0.015321756894790603
相模原市||1957||1957||25||25||0.012774655084312723||0.012774655084312723
東武鉄道||1956||1956||30||30||0.015337423312883436||0.015337423312883436
吉野裕行||1956||1956||40||40||0.02044989775051125||0.02044989775051125
立命館大学||1956||1956||43||43||0.02198364008179959||0.02198364008179959
天皇賞||1955||1955||28||28||0.01432225063938619||0.01432225063938619
京成電鉄||1955||1955||32||32||0.016368286445012786||0.016368286445012786
Pop'n musicの登場キャラクター||1955||1955||15||15||0.0076726342710997444||0.0076726342710997444
ニセコイ||1955||1955||72||72||0.03682864450127877||0.03682864450127877
ジョジョの奇妙な冒険||1954||1954||37||37||0.018935516888433982||0.018935516888433982
浅野真澄||1953||1953||40||40||0.02048131080389145||0.02048131080389145

