
Page||Recent Revisions||Total Revisions||Recent Reverts||Total Reverts||Recent Contention||Total Contention
海賊戦隊ゴーカイジャー/log20120602||5041||5041||169||169||0.03352509422733584||0.03352509422733584
ONE PIECEの登場人物一覧/log||5010||5010||25||25||0.00499001996007984||0.00499001996007984
AKB48/log20110116||4789||4789||199||199||0.04155356024222176||0.04155356024222176
イナズマイレブンの登場人物/history20150222||4647||4647||49||49||0.010544437271357865||0.010544437271357865
仮面ライダーディケイド/log20091223||4546||4546||174||174||0.03827540695116586||0.03827540695116586
仮面ライダー電王/log20080331||4485||4485||26||26||0.005797101449275362||0.005797101449275362
仮面ライダーフォーゼ||4223||4223||83||83||0.01965427421264504||0.01965427421264504
森田一義アワー 笑っていいとも!/log20130117||4178||4178||46||46||0.011010052656773576||0.011010052656773576
けいおん!/log20120612||4172||4172||309||309||0.07406519654841802||0.07406519654841802
ゲームセンターCX/history20160321||4168||4168||26||26||0.006238003838771593||0.006238003838771593
舞-乙HiME/log20120619||4089||4089||2||2||4.891171435558817E-4||4.891171435558817E-4
トリコ||4027||4027||98||98||0.02433573379687112||0.02433573379687112
銀魂/log20081129||4001||4001||15||15||0.003749062734316421||0.003749062734316421
青森放送/history20180113||3977||3977||2||2||5.028916268544129E-4||5.028916268544129E-4
アニメ版ポケットモンスターの登場人物/history20160321||3975||3975||48||48||0.012075471698113207||0.012075471698113207
相棒/history20150820||3955||3955||165||165||0.041719342604298354||0.041719342604298354
SASUKE/history20180113||3954||3954||31||31||0.00784016186140617||0.00784016186140617
スーパー戦隊シリーズ/history20160321||3939||3939||40||40||0.010154861640010155||0.010154861640010155
笑点/log20110201||3890||3890||19||19||0.004884318766066838||0.004884318766066838
BLEACH/log20080419||3877||3877||20||20||0.005158627805003869||0.005158627805003869
24時間テレビ 「愛は地球を救う」/history20160321||3856||3856||97||97||0.025155601659751038||0.025155601659751038
仮面ライダーW/log20110201||3843||3843||77||77||0.020036429872495445||0.020036429872495445
モーニング娘。||3835||3835||117||117||0.030508474576271188||0.030508474576271188
NARUTO -ナルト-の登場人物/log20120612||3800||3800||87||87||0.022894736842105263||0.022894736842105263
アンパンマンの登場人物一覧/log20120613||3798||3798||69||69||0.018167456556082148||0.018167456556082148
ウルトラマンメビウス/log20100825||3792||3792||39||39||0.010284810126582278||0.010284810126582278
ミュージックステーション/log20120615||3784||3784||15||15||0.003964059196617336||0.003964059196617336
EXILE/log 20120611||3778||3778||54||54||0.014293276866066702||0.014293276866066702
銀魂の登場人物一覧/log20080904||3752||3752||3||3||7.995735607675906E-4||7.995735607675906E-4
第二次世界大戦/log20120619||3712||3712||37||37||0.009967672413793104||0.009967672413793104
情報ライブ ミヤネ屋||3703||3703||48||48||0.01296246286794491||0.01296246286794491
BLEACHの登場人物||3697||3697||36||36||0.009737625101433596||0.009737625101433596
ONE PIECE/log||3694||3694||29||29||0.00785056848944234||0.00785056848944234
新日本プロレス/history20160321||3667||3667||12||12||0.00327242977911099||0.00327242977911099
クイズ!ヘキサゴンII/log20090401||3650||3650||31||31||0.008493150684931507||0.008493150684931507
機動戦士ガンダム00||3612||3612||74||74||0.020487264673311186||0.020487264673311186
コードギアス 反逆のルルーシュ/log20080407||3610||3610||21||21||0.005817174515235457||0.005817174515235457
日本/log20090827||3601||3601||74||74||0.02054984726464871||0.02054984726464871
家庭教師ヒットマンREBORN!/log20100415||3591||3591||128||128||0.03564466722361459||0.03564466722361459
テニスの王子様の登場人物/log20120614||3586||3586||11||11||0.003067484662576687||0.003067484662576687
ナインティナインのオールナイトニッポン||3586||3586||25||25||0.006971556051310652||0.006971556051310652
小沢一郎||3585||3585||118||118||0.03291492329149233||0.03291492329149233
阪神タイガース||3584||3584||76||76||0.021205357142857144||0.021205357142857144
銀魂 (アニメ)||3555||3555||13||13||0.0036568213783403658||0.0036568213783403658
石原慎太郎||3549||3549||100||100||0.02817695125387433||0.02817695125387433
プレイステーション3/log20100415||3548||3548||50||50||0.014092446448703494||0.014092446448703494
仮面ライダーオーズ/OOO/log20120616||3547||3547||81||81||0.022836199605300252||0.022836199605300252
Yes!プリキュア5||3526||3526||73||73||0.020703346568349403||0.020703346568349403
ドラゴンボールの登場人物||3523||3523||67||67||0.019017882486517174||0.019017882486517174
テレビ神奈川||3516||3516||16||16||0.004550625711035267||0.004550625711035267
ネプリーグ/log20091026||3501||3501||10||10||0.0028563267637817767||0.0028563267637817767
3年B組金八先生)/history20180113||3498||3498||66||66||0.018867924528301886||0.018867924528301886
太鼓の達人||3495||3495||71||71||0.020314735336194562||0.020314735336194562
涼宮ハルヒシリーズ/log20090701||3492||3492||76||76||0.021764032073310423||0.021764032073310423
読売ジャイアンツ||3491||3491||30||30||0.00859352621025494||0.00859352621025494
D.Gray-man||3486||3486||20||20||0.005737234652897304||0.005737234652897304
エンタの神様/log20091223||3480||3480||28||28||0.008045977011494253||0.008045977011494253
ちちんぷいぷい (テレビ番組)/history20180113||3459||3459||12||12||0.003469210754553339||0.003469210754553339
銀魂の登場人物一覧||3452||3452||49||49||0.014194669756662804||0.014194669756662804
広島県出身の人物一覧||3450||3450||4||4||0.0011594202898550724||0.0011594202898550724
ケロロ軍曹の登場人物一覧/log20090210||3436||3436||5||5||0.0014551804423748546||0.0014551804423748546
オールスター感謝祭/history20190417||3416||3416||56||56||0.01639344262295082||0.01639344262295082
奥州市||3416||3416||8||8||0.00234192037470726||0.00234192037470726
破面||3403||3403||19||19||0.005583308845136644||0.005583308845136644
ジャニーズJr.||3381||3381||55||55||0.01626737651582372||0.01626737651582372
仮面ライダーシリーズ||3379||3379||66||66||0.01953240603728914||0.01953240603728914
フジテレビジョン||3377||3377||36||36||0.010660349422564407||0.010660349422564407
新世紀エヴァンゲリオン||3369||3369||62||62||0.01840308696942713||0.01840308696942713
名探偵コナンの登場人物/history20180113||3341||3341||60||60||0.017958695001496557||0.017958695001496557
テレビ東京||3328||3328||26||26||0.0078125||0.0078125
天装戦隊ゴセイジャー||3327||3327||72||72||0.02164111812443643||0.02164111812443643
大喜利 (笑点)||3311||3311||93||93||0.028088190878888555||0.028088190878888555
ドラえもん||3303||3303||127||127||0.0384498940357251||0.0384498940357251
そこまで言って委員会NP||3296||3296||28||28||0.00849514563106796||0.00849514563106796
クレヨンしんちゃん||3287||3287||26||26||0.007909948281107393||0.007909948281107393
パネルクイズ アタック25||3282||3282||63||63||0.019195612431444242||0.019195612431444242
アメリカ横断ウルトラクイズ||3277||3277||11||11||0.0033567287152883735||0.0033567287152883735
国鉄485系電車||3267||3267||35||35||0.010713192531374349||0.010713192531374349
愛知県出身の人物一覧||3256||3256||25||25||0.007678132678132678||0.007678132678132678
海賊 (ONE PIECE)/history20180113||3252||3252||189||189||0.058118081180811805||0.058118081180811805
ズームイン!!SUPER/log20091228||3247||3247||8||8||0.0024638127502309825||0.0024638127502309825
中部日本放送||3245||3245||13||13||0.004006163328197226||0.004006163328197226
ケロロ軍曹||3241||3241||18||18||0.005553841406973156||0.005553841406973156
UHFアニメ||3223||3223||11||11||0.0034129692832764505||0.0034129692832764505
モンスターハンターのモンスター一覧||3216||3216||36||36||0.011194029850746268||0.011194029850746268
水戸黄門 (パナソニック ドラマシアター)||3213||3213||12||12||0.003734827264239029||0.003734827264239029
クイズ!ヘキサゴンII||3208||3208||131||131||0.0408354114713217||0.0408354114713217
AKB48/history20160321||3207||3207||317||317||0.09884627377611475||0.09884627377611475
SMAP||3206||3206||63||63||0.019650655021834062||0.019650655021834062
早稲田大学の人物一覧||3200||3200||10||10||0.003125||0.003125
北海道日本ハムファイターズ||3192||3192||48||48||0.015037593984962405||0.015037593984962405
日本航空123便墜落事故||3191||3191||33||33||0.010341585709808837||0.010341585709808837
B'z||3186||3186||90||90||0.02824858757062147||0.02824858757062147
ドラゴンボール||3186||3186||94||94||0.029504080351537978||0.029504080351537978
NHK紅白歌合戦||3171||3171||108||108||0.03405865657521287||0.03405865657521287
DEATH NOTEの登場人物||3164||3164||12||12||0.0037926675094816687||0.0037926675094816687
明石家さんま||3133||3133||47||47||0.015001595914458985||0.015001595914458985
福山潤||3121||3121||40||40||0.01281640499839795||0.01281640499839795
めちゃ×2イケてるッ!||3115||3115||53||53||0.017014446227929372||0.017014446227929372
日本体育大学||3110||3110||5||5||0.001607717041800643||0.001607717041800643
ONE PIECEの登場人物一覧||3108||3108||222||222||0.07142857142857142||0.07142857142857142
NARUTO -ナルト-||3075||3075||32||32||0.01040650406504065||0.01040650406504065
水曜どうでしょう||3064||3064||17||17||0.005548302872062663||0.005548302872062663
仙台市||3061||3061||37||37||0.012087553087226397||0.012087553087226397
毎日放送||3056||3056||24||24||0.007853403141361256||0.007853403141361256
DEATH NOTE||3046||3046||36||36||0.011818778726198293||0.011818778726198293
こちら葛飾区亀有公園前派出所||3043||3043||40||40||0.013144922773578704||0.013144922773578704
日本の漫画家一覧||3038||3038||3||3||9.874917709019092E-4||9.874917709019092E-4
めざましテレビ/history20190417||3038||3038||33||33||0.010862409479921||0.010862409479921
二宮和也||3038||3038||115||115||0.03785385121790652||0.03785385121790652
Axis powers ヘタリア||3031||3031||36||36||0.011877268228307489||0.011877268228307489
とある魔術の禁書目録||3027||3027||135||135||0.044598612487611496||0.044598612487611496
トヨタ自動車||3022||3022||87||87||0.028788881535407016||0.028788881535407016
クイズダービー||3013||3013||44||44||0.014603385330235646||0.014603385330235646
VS嵐||3004||3004||38||38||0.012649800266311585||0.012649800266311585
鈴村健一||3002||3002||43||43||0.014323784143904063||0.014323784143904063
麻生太郎||3001||3001||94||94||0.031322892369210265||0.031322892369210265
福岡ソフトバンクホークス||2999||2999||43||43||0.014338112704234745||0.014338112704234745
東京大学の人物一覧||2972||2972||17||17||0.005720053835800807||0.005720053835800807
静岡市||2966||2966||20||20||0.006743088334457181||0.006743088334457181
仮面ライダーカブト||2950||2950||37||37||0.012542372881355932||0.012542372881355932
SAMURAI BASEBALL||2949||2949||14||14||0.004747371990505256||0.004747371990505256
獣拳戦隊ゲキレンジャー||2910||2910||37||37||0.012714776632302405||0.012714776632302405
日本プロサッカーリーグ||2909||2909||60||60||0.020625644551392232||0.020625644551392232
ケロロ軍曹 (アニメ)||2907||2907||24||24||0.008255933952528379||0.008255933952528379
平成||2905||2905||53||53||0.018244406196213425||0.018244406196213425
東京放送ホールディングス||2888||2888||30||30||0.01038781163434903||0.01038781163434903
クイズ世界はSHOW by ショーバイ!!||2875||2875||16||16||0.005565217391304348||0.005565217391304348
大韓民国||2875||2875||78||78||0.027130434782608695||0.027130434782608695
魔人探偵脳噛ネウロ||2875||2875||8||8||0.002782608695652174||0.002782608695652174
ハヤテのごとく!の登場人物||2873||2873||96||96||0.033414549251653325||0.033414549251653325
金色のガッシュ!!の登場人物||2872||2872||12||12||0.004178272980501393||0.004178272980501393
関西国際空港||2865||2865||25||25||0.008726003490401396||0.008726003490401396
らき☆すた||2864||2864||29||29||0.010125698324022346||0.010125698324022346
千葉ロッテマリーンズ||2852||2852||61||61||0.021388499298737727||0.021388499298737727
ハロー!プロジェクト||2850||2850||43||43||0.015087719298245613||0.015087719298245613
仮面ライダーシリーズ登場怪人一覧||2846||2846||128||128||0.044975404075895994||0.044975404075895994
ローゼンメイデン/history 20130917||2843||2843||43||43||0.015124868097080548||0.015124868097080548
国鉄103系電車||2841||2841||29||29||0.010207673354452657||0.010207673354452657
侍戦隊シンケンジャー||2841||2841||54||54||0.01900739176346357||0.01900739176346357
水樹奈々||2839||2839||126||126||0.044381824586121874||0.044381824586121874
浦和レッドダイヤモンズ||2826||2826||40||40||0.014154281670205236||0.014154281670205236
福岡県出身の人物一覧||2823||2823||28||28||0.00991852639036486||0.00991852639036486
世界一の一覧||2817||2817||33||33||0.011714589989350373||0.011714589989350373
轟轟戦隊ボウケンジャー||2817||2817||28||28||0.009939652112176074||0.009939652112176074
櫻井孝宏||2817||2817||57||57||0.02023429179978701||0.02023429179978701
とある魔術の禁書目録の登場人物||2815||2815||148||148||0.05257548845470693||0.05257548845470693
日本共産党||2806||2806||53||53||0.018888096935138987||0.018888096935138987
日本放送協会||2800||2800||76||76||0.027142857142857142||0.027142857142857142
週刊少年ジャンプ||2792||2792||40||40||0.014326647564469915||0.014326647564469915
古畑任三郎||2791||2791||21||21||0.007524184879971337||0.007524184879971337
M-1グランプリ||2780||2780||18||18||0.006474820143884892||0.006474820143884892
WWEに所属する人物一覧||2777||2777||5||5||0.0018005041411595247||0.0018005041411595247
日本テレビ放送網||2762||2762||12||12||0.004344677769732078||0.004344677769732078
ジャニーズ事務所||2755||2755||41||41||0.014882032667876587||0.014882032667876587
石田彰||2753||2753||22||22||0.007991282237559027||0.007991282237559027
慶應義塾大学の人物一覧||2746||2746||48||48||0.01747997086671522||0.01747997086671522
錦戸亮||2736||2736||43||43||0.015716374269005847||0.015716374269005847
2006年||2730||2730||38||38||0.01391941391941392||0.01391941391941392
横浜DeNAベイスターズ||2729||2729||51||51||0.01868816416269696||0.01868816416269696
オールナイトニッポン||2723||2723||21||21||0.007712082262210797||0.007712082262210797
宇宙戦艦ヤマト2199||2723||2723||17||17||0.006243114212265883||0.006243114212265883
全国高等学校クイズ選手権||2722||2722||62||62||0.022777369581190303||0.022777369581190303
ウルトラマン||2706||2706||49||49||0.01810790835181079||0.01810790835181079
逆転裁判||2706||2706||37||37||0.013673318551367332||0.013673318551367332
スーパーベースボール (テレビ朝日系列)||2703||2703||4||4||0.0014798372179060304||0.0014798372179060304
獣電戦隊キョウリュウジャー||2699||2699||73||73||0.027047054464616523||0.027047054464616523
バンプレストオリジナルのキャラクター一覧||2696||2696||5||5||0.00185459940652819||0.00185459940652819
鹿島アントラーズ||2695||2695||42||42||0.015584415584415584||0.015584415584415584
パワーパフガールズ||2690||2690||41||41||0.015241635687732341||0.015241635687732341
成田国際空港||2681||2681||36||36||0.013427825438269302||0.013427825438269302
海軍 (ONE PIECE)||2676||2676||213||213||0.0795964125560538||0.0795964125560538
ドラえもん (1979年のテレビアニメ)||2675||2675||22||22||0.00822429906542056||0.00822429906542056
THE IDOLM@STERの登場人物||2674||2674||111||111||0.04151084517576664||0.04151084517576664
世界平和統一家庭連合||2666||2666||65||65||0.024381095273818456||0.024381095273818456
中部国際空港||2657||2657||37||37||0.013925479864508844||0.013925479864508844
探偵!ナイトスクープ||2641||2641||10||10||0.003786444528587656||0.003786444528587656
相棒の登場人物/history20190113||2637||2637||66||66||0.02502844141069397||0.02502844141069397
Au (携帯電話)||2635||2635||48||48||0.018216318785578747||0.018216318785578747
ポルノグラフィティ||2624||2624||41||41||0.015625||0.015625
王貞治||2620||2620||32||32||0.012213740458015267||0.012213740458015267
黒子のバスケ||2620||2620||48||48||0.0183206106870229||0.0183206106870229
桃太郎電鉄シリーズ||2619||2619||9||9||0.003436426116838488||0.003436426116838488
しゅごキャラ!||2616||2616||18||18||0.006880733944954129||0.006880733944954129
仮面ライダーウィザード||2607||2607||76||76||0.02915228231683928||0.02915228231683928
モヤモヤさまぁ〜ず2||2606||2606||26||26||0.009976976208749041||0.009976976208749041
京都放送||2605||2605||9||9||0.00345489443378119||0.00345489443378119
めだかボックス||2605||2605||88||88||0.03378119001919386||0.03378119001919386
松井秀喜||2591||2591||83||83||0.032033963720571206||0.032033963720571206
TBSテレビ||2587||2587||63||63||0.02435253189022033||0.02435253189022033
Fun!BASEBALL!!||2583||2583||4||4||0.001548586914440573||0.001548586914440573
マイケル・ジャクソン||2557||2557||56||56||0.021900664841611264||0.021900664841611264
2005年||2553||2553||21||21||0.008225616921269096||0.008225616921269096
SLAM DUNKの登場人物||2551||2551||20||20||0.007840062720501764||0.007840062720501764
行列のできる法律相談所||2546||2546||99||99||0.038884524744697564||0.038884524744697564
東北楽天ゴールデンイーグルス||2546||2546||53||53||0.020816967792615867||0.020816967792615867
東京駅||2546||2546||56||56||0.02199528672427337||0.02199528672427337
ポケットモンスター (アニメ)||2534||2534||24||24||0.009471191791633781||0.009471191791633781
北海道放送||2526||2526||3||3||0.0011876484560570072||0.0011876484560570072
堀江由衣||2524||2524||45||45||0.017828843106180665||0.017828843106180665
灼眼のシャナ||2518||2518||28||28||0.011119936457505957||0.011119936457505957
日産自動車||2518||2518||28||28||0.011119936457505957||0.011119936457505957
機動戦士ガンダムAGE||2518||2518||60||60||0.023828435266084195||0.023828435266084195
菅直人||2517||2517||128||128||0.05085419149781486||0.05085419149781486
大野智||2516||2516||77||77||0.030604133545310015||0.030604133545310015
浅田真央||2516||2516||78||78||0.031001589825119236||0.031001589825119236
新潟市||2507||2507||22||22||0.008775428799361787||0.008775428799361787
都市伝説一覧||2506||2506||38||38||0.015163607342378291||0.015163607342378291
家庭教師ヒットマンREBORN!の登場人物||2504||2504||34||34||0.013578274760383386||0.013578274760383386
法政大学の人物一覧||2503||2503||9||9||0.003595685177786656||0.003595685177786656
デジモン一覧||2501||2501||7||7||0.0027988804478208716||0.0027988804478208716
嵐 (グループ)||2493||2493||91||91||0.03650220617729643||0.03650220617729643
FNS27時間テレビ||2489||2489||6||6||0.0024106066693451184||0.0024106066693451184
GTO (漫画)||2474||2474||11||11||0.00444624090541633||0.00444624090541633
キン肉マンの登場人物||2472||2472||6||6||0.0024271844660194173||0.0024271844660194173
ONE PIECE (アニメ)||2472||2472||65||65||0.026294498381877023||0.026294498381877023
朝ズバッ!||2472||2472||31||31||0.012540453074433657||0.012540453074433657
東京ヤクルトスワローズ||2471||2471||49||49||0.019830028328611898||0.019830028328611898
SCHOOL OF LOCK!||2471||2471||17||17||0.006879805746661271||0.006879805746661271
暁 (NARUTO)||2471||2471||77||77||0.031161473087818695||0.031161473087818695
ダウンタウンのガキの使いやあらへんで!||2469||2469||22||22||0.008910490076954233||0.008910490076954233
SKE48||2468||2468||137||137||0.05551053484602917||0.05551053484602917
トリビアの泉 〜素晴らしきムダ知識〜||2465||2465||16||16||0.006490872210953347||0.006490872210953347
2011年のテレビ (日本)||2455||2455||12||12||0.004887983706720978||0.004887983706720978
劇場版 仮面ライダーディケイド オールライダー対大ショッカー||2451||2451||113||113||0.046103631170950635||0.046103631170950635
FNNスーパーニュース||2450||2450||17||17||0.0069387755102040816||0.0069387755102040816
ZIP!/history20181110||2448||2448||45||45||0.01838235294117647||0.01838235294117647
ガンダムシリーズの登場機動兵器一覧||2445||2445||12||12||0.0049079754601227||0.0049079754601227
能登麻美子||2443||2443||32||32||0.013098649201801064||0.013098649201801064
Run for money 逃走中||2443||2443||40||40||0.01637331150225133||0.01637331150225133
帝京大学||2439||2439||35||35||0.014350143501435014||0.014350143501435014
FAIRY TAILの登場人物||2436||2436||97||97||0.03981937602627258||0.03981937602627258
日本航空||2434||2434||47||47||0.019309778142974528||0.019309778142974528
織田信長||2430||2430||52||52||0.02139917695473251||0.02139917695473251
北海道出身の人物一覧||2430||2430||20||20||0.00823045267489712||0.00823045267489712
涼宮ハルヒの憂鬱 (アニメ)||2430||2430||85||85||0.03497942386831276||0.03497942386831276
タモリ||2430||2430||59||59||0.0242798353909465||0.0242798353909465
平野綾||2425||2425||153||153||0.06309278350515464||0.06309278350515464
福山市||2420||2420||7||7||0.002892561983471074||0.002892561983471074
新宿駅||2420||2420||39||39||0.016115702479338842||0.016115702479338842
魔法少女まどか☆マギカ||2419||2419||155||155||0.06407606448945845||0.06407606448945845
新幹線||2412||2412||42||42||0.017412935323383085||0.017412935323383085
朝日放送グループホールディングス||2412||2412||31||31||0.01285240464344942||0.01285240464344942
東京大学||2409||2409||60||60||0.024906600249066||0.024906600249066
ダンボール戦機||2405||2405||37||37||0.015384615384615385||0.015384615384615385
自由民主党 (日本)||2404||2404||53||53||0.02204658901830283||0.02204658901830283
子安武人||2403||2403||20||20||0.008322929671244279||0.008322929671244279
SoftBank (携帯電話)||2401||2401||22||22||0.009162848812994586||0.009162848812994586
東北地方太平洋沖地震||2399||2399||69||69||0.028761984160066693||0.028761984160066693
杉田智和||2397||2397||51||51||0.02127659574468085||0.02127659574468085
アイシールド21||2392||2392||21||21||0.008779264214046822||0.008779264214046822
森川智之||2390||2390||22||22||0.009205020920502092||0.009205020920502092
声優||2387||2387||26||26||0.010892333472978634||0.010892333472978634
沢城みゆき||2386||2386||67||67||0.028080469404861693||0.028080469404861693
イナズマイレブン||2382||2382||31||31||0.013014273719563391||0.013014273719563391
龍が如くシリーズの登場人物||2380||2380||23||23||0.009663865546218488||0.009663865546218488
ゲゲゲの鬼太郎 (アニメ)||2373||2373||8||8||0.00337126000842815||0.00337126000842815
2007年||2371||2371||45||45||0.018979333614508646||0.018979333614508646
前田敦子||2371||2371||265||265||0.11176718684099536||0.11176718684099536
特命戦隊ゴーバスターズ||2367||2367||54||54||0.022813688212927757||0.022813688212927757
志田未来||2366||2366||45||45||0.019019442096365174||0.019019442096365174
BUMP OF CHICKEN||2363||2363||62||62||0.026237833262801522||0.026237833262801522
遊☆戯☆王5D's||2353||2353||34||34||0.014449638759031025||0.014449638759031025
機動戦士ガンダム00シリーズの登場兵器||2352||2352||89||89||0.03784013605442177||0.03784013605442177
秋田放送||2350||2350||3||3||0.001276595744680851||0.001276595744680851
D.Gray-manの登場人物||2347||2347||28||28||0.011930123561994035||0.011930123561994035
浪川大輔||2345||2345||34||34||0.014498933901918977||0.014498933901918977
クイズタイムショック||2341||2341||12||12||0.0051260145237078175||0.0051260145237078175
サザエさんの登場人物||2338||2338||75||75||0.0320786997433704||0.0320786997433704
グルメチキンレース・ゴチになります!||2336||2336||23||23||0.009845890410958904||0.009845890410958904
釘宮理恵||2332||2332||51||51||0.021869639794168096||0.021869639794168096
マジカル頭脳パワー!!||2326||2326||19||19||0.00816852966466036||0.00816852966466036
中日ドラゴンズ||2321||2321||45||45||0.01938819474364498||0.01938819474364498
仮面ライダーディケイド||2316||2316||84||84||0.03626943005181347||0.03626943005181347
植田佳奈||2313||2313||64||64||0.027669693039342844||0.027669693039342844
オリックス・バファローズ||2309||2309||32||32||0.013858813339107838||0.013858813339107838
さよなら絶望先生||2308||2308||23||23||0.00996533795493934||0.00996533795493934
テニスの王子様||2308||2308||46||46||0.01993067590987868||0.01993067590987868
吉本総合芸能学院||2306||2306||11||11||0.004770164787510842||0.004770164787510842
鋼の錬金術師の登場人物一覧/history 20120609||2299||2299||20||20||0.008699434536755112||0.008699434536755112
山下達郎||2295||2295||24||24||0.01045751633986928||0.01045751633986928
KAT-TUN||2295||2295||46||46||0.020043572984749455||0.020043572984749455
慶應義塾大学/history20130405||2294||2294||68||68||0.02964254577157803||0.02964254577157803
野村克也||2293||2293||59||59||0.02573048408198866||0.02573048408198866
ONE PIECE||2292||2292||292||292||0.1273996509598604||0.1273996509598604
山下智久||2292||2292||67||67||0.029232111692844676||0.029232111692844676
草なぎ剛||2292||2292||61||61||0.026614310645724257||0.026614310645724257
Hey! Say! JUMP||2289||2289||91||91||0.039755351681957186||0.039755351681957186
大阪府出身の人物一覧||2288||2288||4||4||0.0017482517482517483||0.0017482517482517483
サザエさん (テレビアニメ)||2288||2288||52||52||0.022727272727272728||0.022727272727272728
徳川家康||2287||2287||83||83||0.036292085701792744||0.036292085701792744
神谷浩史||2285||2285||23||23||0.010065645514223195||0.010065645514223195
小野大輔||2279||2279||19||19||0.008336989907854322||0.008336989907854322
日本一の一覧||2277||2277||26||26||0.011418533157663592||0.011418533157663592
仮面ライダー×仮面ライダー W&ディケイド MOVIE大戦2010||2277||2277||44||44||0.01932367149758454||0.01932367149758454
千葉テレビ放送||2275||2275||6||6||0.0026373626373626374||0.0026373626373626374
ハヤテのごとく!||2273||2273||31||31||0.013638363396392433||0.013638363396392433
コロンビア大学||2271||2271||8||8||0.0035226772346983706||0.0035226772346983706
日本のラジオパーソナリティ一覧||2271||2271||5||5||0.002201673271686482||0.002201673271686482
サトシ (アニメポケットモンスター)||2268||2268||25||25||0.011022927689594356||0.011022927689594356
浜松市||2260||2260||18||18||0.007964601769911504||0.007964601769911504
嫌韓||2258||2258||86||86||0.03808680248007086||0.03808680248007086
小泉純一郎||2252||2252||49||49||0.021758436944937832||0.021758436944937832
Perfume||2252||2252||76||76||0.03374777975133215||0.03374777975133215
IBC岩手放送||2251||2251||17||17||0.007552199022656597||0.007552199022656597
とんねるずのみなさんのおかげでした||2251||2251||11||11||0.004886717014660151||0.004886717014660151
サンテレビジョン||2250||2250||9||9||0.004||0.004
ヤッターマン||2249||2249||12||12||0.005335704757670075||0.005335704757670075
在日韓国・朝鮮人||2245||2245||175||175||0.0779510022271715||0.0779510022271715
イチロー||2244||2244||100||100||0.044563279857397504||0.044563279857397504
史上最強の弟子ケンイチの登場人物||2240||2240||31||31||0.013839285714285714||0.013839285714285714
ポケットモンスターSPECIALの登場人物||2238||2238||13||13||0.00580875781948168||0.00580875781948168
ダウンタウン (お笑いコンビ)||2237||2237||26||26||0.0116227089852481||0.0116227089852481
みんなが出るテレビ||2236||2236||5||5||0.0022361359570661895||0.0022361359570661895
スーパーロボット大戦シリーズ||2236||2236||16||16||0.007155635062611807||0.007155635062611807
遊☆戯☆王デュエルモンスターズGXの登場人物||2236||2236||13||13||0.005813953488372093||0.005813953488372093
安倍晋三||2229||2229||78||78||0.034993270524899055||0.034993270524899055
国鉄115系電車||2227||2227||36||36||0.016165244723843737||0.016165244723843737
スッキリ (テレビ番組)||2227||2227||23||23||0.010327795240233499||0.010327795240233499
やしきたかじん||2226||2226||27||27||0.012129380053908356||0.012129380053908356
広島東洋カープ||2225||2225||56||56||0.025168539325842697||0.025168539325842697
阪神・淡路大震災||2225||2225||36||36||0.016179775280898877||0.016179775280898877
戦国BASARA||2224||2224||28||28||0.012589928057553957||0.012589928057553957
HUNTER×HUNTER||2223||2223||56||56||0.025191183085919926||0.025191183085919926
ダウンタウンのガキの使いやあらへんで!!の企画||2223||2223||13||13||0.005847953216374269||0.005847953216374269
マクロスF||2221||2221||31||31||0.013957676722197209||0.013957676722197209
手塚治虫||2214||2214||27||27||0.012195121951219513||0.012195121951219513
戦国BASARAの登場人物||2212||2212||45||45||0.02034358047016275||0.02034358047016275
GLAY||2210||2210||48||48||0.02171945701357466||0.02171945701357466
CLANNAD (ゲーム)||2207||2207||59||59||0.026733121884911646||0.026733121884911646
おかあさんといっしょ||2206||2206||30||30||0.013599274705349048||0.013599274705349048
東海道新幹線||2206||2206||34||34||0.015412511332728921||0.015412511332728921
野球道 (フジテレビ系列)||2205||2205||2||2||9.070294784580499E-4||9.070294784580499E-4
鉄道事故||2202||2202||19||19||0.00862851952770209||0.00862851952770209
橋下徹||2201||2201||63||63||0.02862335302135393||0.02862335302135393
東京都出身の人物一覧||2200||2200||6||6||0.0027272727272727275||0.0027272727272727275
宮野真守||2200||2200||19||19||0.008636363636363636||0.008636363636363636
福島第一原子力発電所事故||2199||2199||62||62||0.02819463392451114||0.02819463392451114
スマイルプリキュア!||2199||2199||97||97||0.04411095952705776||0.04411095952705776
諏訪部順一||2198||2198||18||18||0.00818926296633303||0.00818926296633303
こちら葛飾区亀有公園前派出所の登場人物||2197||2197||40||40||0.018206645425580335||0.018206645425580335
東急田園都市線||2192||2192||54||54||0.024635036496350366||0.024635036496350366
Wii/history 20130210||2184||2184||18||18||0.008241758241758242||0.008241758241758242
あまちゃん||2183||2183||40||40||0.01832340815391663||0.01832340815391663
男性差別||2181||2181||100||100||0.04585052728106373||0.04585052728106373
いきものがかり||2168||2168||105||105||0.04843173431734318||0.04843173431734318
森一夫||2167||2167||12||12||0.0055376095985233045||0.0055376095985233045
ひぐらしのなく頃に||2160||2160||30||30||0.013888888888888888||0.013888888888888888
日本の高校野球||2157||2157||53||53||0.024571163653222067||0.024571163653222067
MAJORの登場人物||2155||2155||21||21||0.00974477958236659||0.00974477958236659
HUNTER×HUNTERの登場人物||2155||2155||40||40||0.018561484918793503||0.018561484918793503
渋谷駅||2150||2150||39||39||0.01813953488372093||0.01813953488372093
ニッポン放送||2149||2149||6||6||0.002791996277338297||0.002791996277338297
日本テレビ制作局制作番組の分野別一覧||2149||2149||4||4||0.0018613308515588647||0.0018613308515588647
林原めぐみ||2148||2148||44||44||0.020484171322160148||0.020484171322160148
一関学院高等学校||2147||2147||10||10||0.004657661853749418||0.004657661853749418
日本語||2146||2146||76||76||0.035414725069897485||0.035414725069897485
さよなら絶望先生の登場人物||2142||2142||20||20||0.009337068160597572||0.009337068160597572
2012年のテレビ (日本)||2139||2139||11||11||0.005142589995324918||0.005142589995324918
若本規夫||2135||2135||25||25||0.0117096018735363||0.0117096018735363
FNNスーパータイム||2132||2132||8||8||0.00375234521575985||0.00375234521575985
NTTドコモ||2130||2130||29||29||0.013615023474178404||0.013615023474178404
東海テレビ放送||2130||2130||9||9||0.004225352112676056||0.004225352112676056
全日本プロレス||2129||2129||5||5||0.0023485204321277596||0.0023485204321277596
帰ってきたウルトラマン||2127||2127||37||37||0.017395392571697227||0.017395392571697227
関ジャニ∞||2127||2127||33||33||0.015514809590973202||0.015514809590973202
20世紀少年||2127||2127||31||31||0.01457451810061119||0.01457451810061119
モンキー・D・ルフィ||2124||2124||133||133||0.06261770244821092||0.06261770244821092
近畿日本鉄道||2123||2123||28||28||0.0131888836552049||0.0131888836552049
広島テレビ放送||2122||2122||6||6||0.002827521206409048||0.002827521206409048
Mr.Children||2122||2122||54||54||0.02544769085768143||0.02544769085768143
アンパンマン||2121||2121||26||26||0.012258368694012258||0.012258368694012258
創価学会||2121||2121||193||193||0.090994813767091||0.090994813767091
日本||2118||2118||304||304||0.14353163361661944||0.14353163361661944
北斗の拳||2117||2117||15||15||0.007085498346717053||0.007085498346717053
マスコットキャラクター一覧||2117||2117||8||8||0.003778932451582428||0.003778932451582428
緑川光||2114||2114||17||17||0.00804162724692526||0.00804162724692526
仮面ライダー||2111||2111||34||34||0.016106110847939364||0.016106110847939364
アメリカ合衆国||2111||2111||29||29||0.013737565135007106||0.013737565135007106
ハートキャッチプリキュア!||2111||2111||65||65||0.030791094268119375||0.030791094268119375
関口宏の東京フレンドパークII||2110||2110||26||26||0.012322274881516588||0.012322274881516588
ラジかるッ||2110||2110||4||4||0.0018957345971563982||0.0018957345971563982
ハヤテのごとく! (アニメ)||2110||2110||42||42||0.01990521327014218||0.01990521327014218
福山雅治||2106||2106||27||27||0.01282051282051282||0.01282051282051282
宇多田ヒカル||2105||2105||30||30||0.014251781472684086||0.014251781472684086
ACジャパン||2097||2097||37||37||0.01764425369575584||0.01764425369575584
全日本空輸||2090||2090||13||13||0.006220095693779904||0.006220095693779904
中村悠一||2089||2089||43||43||0.0205840114887506||0.0205840114887506
ウルトラマンティガの登場怪獣||2086||2086||24||24||0.011505273250239693||0.011505273250239693
School Days||2083||2083||40||40||0.019203072491598656||0.019203072491598656
ドラえもんの登場人物一覧||2079||2079||41||41||0.019721019721019722||0.019721019721019722
島田紳助||2075||2075||92||92||0.04433734939759036||0.04433734939759036
東京スカイツリー||2075||2075||89||89||0.042891566265060244||0.042891566265060244
常磐線||2073||2073||39||39||0.01881331403762663||0.01881331403762663
上地雄輔||2072||2072||62||62||0.029922779922779922||0.029922779922779922
おはスタ||2071||2071||25||25||0.012071463061323033||0.012071463061323033
中川翔子||2071||2071||75||75||0.036214389183969097||0.036214389183969097
東急東横線||2069||2069||58||58||0.02803286611889802||0.02803286611889802
国鉄113系電車||2066||2066||29||29||0.014036786060019362||0.014036786060019362
青森テレビ||2066||2066||1||1||4.84027105517909E-4||4.84027105517909E-4
はねるのトびら||2065||2065||15||15||0.007263922518159807||0.007263922518159807
清原和博||2062||2062||32||32||0.015518913676042677||0.015518913676042677
西日本旅客鉄道||2059||2059||37||37||0.017969888295288974||0.017969888295288974
ウルトラマンティガ||2056||2056||23||23||0.011186770428015564||0.011186770428015564
アニメシャワー||2055||2055||3||3||0.00145985401459854||0.00145985401459854
保志総一朗||2053||2053||17||17||0.008280565026790063||0.008280565026790063
2ちゃんねる||2051||2051||28||28||0.013651877133105802||0.013651877133105802
天元突破グレンラガン||2051||2051||13||13||0.006338371526084837||0.006338371526084837
踊る大捜査線||2045||2045||16||16||0.007823960880195598||0.007823960880195598
アップダウンクイズ||2043||2043||8||8||0.003915810083210965||0.003915810083210965
千葉県||2042||2042||32||32||0.015670910871694418||0.015670910871694418
野比のび太||2041||2041||71||71||0.03478686918177364||0.03478686918177364
岸尾だいすけ||2041||2041||10||10||0.004899559039686428||0.004899559039686428
韓国起源説||2038||2038||121||121||0.05937193326790972||0.05937193326790972
戦国無双シリーズ||2038||2038||6||6||0.002944062806673209||0.002944062806673209
山寺宏一||2027||2027||25||25||0.0123334977799704||0.0123334977799704
AKBINGO!||2027||2027||99||99||0.048840651208682785||0.048840651208682785
関智一||2023||2023||27||27||0.013346515076618883||0.013346515076618883
ビートルズ||2023||2023||32||32||0.015818091942659415||0.015818091942659415
大塚明夫||2022||2022||12||12||0.005934718100890208||0.005934718100890208
東京箱根間往復大学駅伝競走||2021||2021||9||9||0.004453240969816922||0.004453240969816922
神戸市||2018||2018||24||24||0.011892963330029732||0.011892963330029732
AAA (音楽グループ)||2017||2017||34||34||0.01685671789786812||0.01685671789786812
東海道本線||2016||2016||30||30||0.01488095238095238||0.01488095238095238
松田聖子||2012||2012||47||47||0.023359840954274354||0.023359840954274354
テレビ朝日||2012||2012||14||14||0.006958250497017893||0.006958250497017893
ザ・キング・オブ・ファイターズ||2011||2011||4||4||0.001989060169070114||0.001989060169070114
東京メトロポリタンテレビジョン||2010||2010||14||14||0.006965174129353234||0.006965174129353234
札幌市||2009||2009||81||81||0.04031856645097063||0.04031856645097063
クイズマジックアカデミー||2005||2005||11||11||0.005486284289276808||0.005486284289276808
タモリ倶楽部||2005||2005||8||8||0.00399002493765586||0.00399002493765586
都市伝説||2003||2003||16||16||0.00798801797304044||0.00798801797304044
ICOCA||2001||2001||32||32||0.015992003998001||0.015992003998001
Saku saku||1999||1999||19||19||0.009504752376188095||0.009504752376188095
太陽にほえろ!||1998||1998||5||5||0.0025025025025025025||0.0025025025025025025
2ちゃんねるの歴史||1997||1997||21||21||0.010515773660490736||0.010515773660490736
ポケットモンスター||1996||1996||39||39||0.019539078156312624||0.019539078156312624
横浜駅||1993||1993||27||27||0.013547415955845458||0.013547415955845458
ディズニー・ヴィランズ||1993||1993||31||31||0.015554440541896638||0.015554440541896638
アドルフ・ヒトラー||1993||1993||33||33||0.01655795283492223||0.01655795283492223
リンカーン (テレビ番組)||1990||1990||14||14||0.007035175879396985||0.007035175879396985
ボボボーボ・ボーボボ||1986||1986||16||16||0.008056394763343404||0.008056394763343404
PlayStation Portable||1985||1985||29||29||0.014609571788413099||0.014609571788413099
マリオ (ゲームキャラクター)||1984||1984||33||33||0.01663306451612903||0.01663306451612903
スーパーJチャンネル||1982||1982||14||14||0.007063572149344097||0.007063572149344097
JR東日本E231系電車||1981||1981||72||72||0.03634528016153458||0.03634528016153458
テレビ北海道||1980||1980||13||13||0.0065656565656565654||0.0065656565656565654
一橋大学の人物一覧||1980||1980||11||11||0.005555555555555556||0.005555555555555556
武装錬金||1979||1979||6||6||0.003031834259727135||0.003031834259727135
プロレスリング・ノア||1979||1979||21||21||0.010611419909044972||0.010611419909044972
テイルズ オブ ヴェスペリア||1979||1979||56||56||0.02829711975745326||0.02829711975745326
SKET DANCE||1979||1979||52||52||0.02627589691763517||0.02627589691763517
学園アリス||1976||1976||8||8||0.004048582995951417||0.004048582995951417
岡田有希子||1974||1974||47||47||0.023809523809523808||0.023809523809523808
スーパー戦隊シリーズ登場敵対勢力一覧||1971||1971||74||74||0.03754439370877727||0.03754439370877727
新庄剛志||1971||1971||19||19||0.009639776763064434||0.009639776763064434
ポケットモンスターSPECIAL||1970||1970||30||30||0.015228426395939087||0.015228426395939087
ロンドンハーツ||1967||1967||22||22||0.011184544992374174||0.011184544992374174
連続テレビ小説||1961||1961||59||59||0.030086690464048955||0.030086690464048955
スイートプリキュア♪||1961||1961||87||87||0.04436511983681795||0.04436511983681795
あぶない刑事||1958||1958||5||5||0.002553626149131767||0.002553626149131767
おたく||1957||1957||74||74||0.03781297904956566||0.03781297904956566
ウエンツ瑛士||1955||1955||11||11||0.005626598465473146||0.005626598465473146
八王子市||1952||1952||12||12||0.006147540983606557||0.006147540983606557
中居正広||1951||1951||47||47||0.02409021014864172||0.02409021014864172
くりぃむしちゅーのオールナイトニッポン||1948||1948||15||15||0.0077002053388090345||0.0077002053388090345
静岡放送||1946||1946||13||13||0.006680369989722507||0.006680369989722507
中村俊輔||1945||1945||106||106||0.0544987146529563||0.0544987146529563
ゲームセンターCXの放送内容||1944||1944||11||11||0.00565843621399177||0.00565843621399177
イナズマイレブンGO||1943||1943||32||32||0.016469377251672673||0.016469377251672673
バカとテストと召喚獣||1942||1942||23||23||0.01184346035015448||0.01184346035015448
鳩山由紀夫||1940||1940||134||134||0.06907216494845361||0.06907216494845361
魔法戦隊マジレンジャー||1938||1938||13||13||0.006707946336429308||0.006707946336429308
初音ミク||1938||1938||99||99||0.05108359133126935||0.05108359133126935
飛田展男||1937||1937||28||28||0.014455343314403717||0.014455343314403717
名古屋テレビ放送||1935||1935||4||4||0.0020671834625322996||0.0020671834625322996
AKB48のオールナイトニッポン||1934||1934||77||77||0.03981385729058945||0.03981385729058945
Nスタ||1930||1930||22||22||0.011398963730569948||0.011398963730569948
日本プロ野球||1927||1927||33||33||0.017125064867669952||0.017125064867669952
爆笑オンエアバトル||1925||1925||11||11||0.005714285714285714||0.005714285714285714
池袋駅||1925||1925||31||31||0.016103896103896103||0.016103896103896103
テレビ東京番組一覧||1923||1923||4||4||0.0020800832033281333||0.0020800832033281333
東武伊勢崎線||1922||1922||28||28||0.014568158168574402||0.014568158168574402
パナソニック||1922||1922||30||30||0.015608740894901144||0.015608740894901144
FAIRY TAIL||1920||1920||51||51||0.0265625||0.0265625
F-15 (戦闘機)||1920||1920||26||26||0.013541666666666667||0.013541666666666667
るろうに剣心 -明治剣客浪漫譚-の登場人物一覧||1919||1919||31||31||0.01615424700364773||0.01615424700364773
日立 世界・ふしぎ発見!||1917||1917||29||29||0.015127803860198226||0.015127803860198226
ディープインパクト (競走馬)||1916||1916||29||29||0.015135699373695199||0.015135699373695199
頭文字D||1915||1915||16||16||0.00835509138381201||0.00835509138381201
関西テレビ放送||1913||1913||40||40||0.020909566126502875||0.020909566126502875
アイシールド21の登場人物||1913||1913||10||10||0.005227391531625719||0.005227391531625719
クレヨンしんちゃん (アニメ)||1912||1912||34||34||0.01778242677824268||0.01778242677824268
日本大学||1911||1911||38||38||0.01988487702773417||0.01988487702773417
仮面ライダークウガ||1910||1910||31||31||0.016230366492146597||0.016230366492146597
本田技研工業||1910||1910||20||20||0.010471204188481676||0.010471204188481676
中央線快速||1906||1906||38||38||0.01993704092339979||0.01993704092339979
朝鮮民主主義人民共和国||1901||1901||97||97||0.05102577590741715||0.05102577590741715
Suica||1899||1899||52||52||0.02738283307003686||0.02738283307003686
魔法先生ネギま!の登場人物||1899||1899||23||23||0.012111637704054766||0.012111637704054766
ロケみつ||1899||1899||17||17||0.008952080042127435||0.008952080042127435
深夜アニメ||1898||1898||9||9||0.004741833508956797||0.004741833508956797
賭博黙示録カイジ||1897||1897||18||18||0.009488666315234581||0.009488666315234581
ドラゴンクエストV 天空の花嫁||1894||1894||21||21||0.011087645195353749||0.011087645195353749
星野仙一||1894||1894||45||45||0.02375923970432946||0.02375923970432946
ゲゲゲの鬼太郎の登場キャラクター/history20190113||1892||1892||8||8||0.004228329809725159||0.004228329809725159
News zero||1886||1886||35||35||0.01855779427359491||0.01855779427359491
ウルトラマンタロウ||1885||1885||25||25||0.013262599469496022||0.013262599469496022
テレビ愛知||1885||1885||13||13||0.006896551724137931||0.006896551724137931
MOTHER3||1884||1884||8||8||0.004246284501061571||0.004246284501061571
松本潤||1883||1883||58||58||0.030801911842804036||0.030801911842804036
置鮎龍太郎||1883||1883||21||21||0.011152416356877323||0.011152416356877323
2012年の日本競馬||1881||1881||2||2||0.001063264221158958||0.001063264221158958
アニメ作品一覧||1880||1880||1||1||5.319148936170213E-4||5.319148936170213E-4
死刑存廃問題||1879||1879||31||31||0.016498137307078234||0.016498137307078234
日本大学の人物一覧||1878||1878||6||6||0.003194888178913738||0.003194888178913738
東京国際空港||1878||1878||32||32||0.01703940362087327||0.01703940362087327
モンスターハンター||1874||1874||46||46||0.02454642475987193||0.02454642475987193
鳥人戦隊ジェットマン||1873||1873||17||17||0.009076348104644954||0.009076348104644954
名古屋鉄道||1873||1873||17||17||0.009076348104644954||0.009076348104644954
北日本放送||1873||1873||12||12||0.006406833956219968||0.006406833956219968
徳光和夫||1871||1871||24||24||0.012827365045430252||0.012827365045430252
秘密のケンミンSHOW||1871||1871||70||70||0.03741314804917156||0.03741314804917156
ウルトラセブン||1871||1871||42||42||0.02244788882950294||0.02244788882950294
昭和天皇||1870||1870||23||23||0.01229946524064171||0.01229946524064171
L'Arc〜en〜Ciel||1868||1868||29||29||0.015524625267665952||0.015524625267665952
BB戦士三国伝||1866||1866||27||27||0.014469453376205787||0.014469453376205787
自殺||1866||1866||43||43||0.02304394426580922||0.02304394426580922
ONE PIECEの用語一覧||1866||1866||173||173||0.09271168274383708||0.09271168274383708
茨城県||1865||1865||43||43||0.023056300268096516||0.023056300268096516
ふたりはプリキュア||1865||1865||41||41||0.02198391420911528||0.02198391420911528
中国放送||1864||1864||2||2||0.001072961373390558||0.001072961373390558
風林火山 (NHK大河ドラマ)||1864||1864||30||30||0.016094420600858368||0.016094420600858368
サザンオールスターズ||1863||1863||23||23||0.012345679012345678||0.012345679012345678
井上喜久子||1861||1861||22||22||0.011821601289629231||0.011821601289629231
伊集院光||1856||1856||16||16||0.008620689655172414||0.008620689655172414
絶対可憐チルドレン||1856||1856||22||22||0.011853448275862068||0.011853448275862068
戊辰戦争||1853||1853||38||38||0.02050728548300054||0.02050728548300054
ザ・ベストテン||1852||1852||7||7||0.003779697624190065||0.003779697624190065
岐阜放送||1848||1848||7||7||0.003787878787878788||0.003787878787878788
暴れん坊将軍||1848||1848||10||10||0.005411255411255411||0.005411255411255411
NARUTO -ナルト-の術||1847||1847||25||25||0.01353546291283162||0.01353546291283162
福岡市||1847||1847||28||28||0.015159718462371413||0.015159718462371413
長澤まさみ||1847||1847||64||64||0.034650785056848946||0.034650785056848946
在日特権を許さない市民の会||1846||1846||134||134||0.07258938244853738||0.07258938244853738
仮面ライダー龍騎||1845||1845||20||20||0.01084010840108401||0.01084010840108401
福井放送||1845||1845||4||4||0.002168021680216802||0.002168021680216802
ローソン||1840||1840||12||12||0.006521739130434782||0.006521739130434782
実況パワフルプロ野球||1838||1838||13||13||0.007072905331882481||0.007072905331882481
ゆず (音楽グループ)||1838||1838||16||16||0.008705114254624592||0.008705114254624592
ひだまりスケッチ||1837||1837||30||30||0.01633097441480675||0.01633097441480675
杉原千畝||1835||1835||5||5||0.0027247956403269754||0.0027247956403269754
瀬戸内海放送||1835||1835||5||5||0.0027247956403269754||0.0027247956403269754
ちい散歩||1835||1835||33||33||0.017983651226158037||0.017983651226158037
京阪本線||1834||1834||20||20||0.010905125408942203||0.010905125408942203
2ちゃんねらー||1832||1832||35||35||0.01910480349344978||0.01910480349344978
仮面ライダーSPIRITS||1831||1831||7||7||0.0038230475150191155||0.0038230475150191155
札幌テレビ放送||1831||1831||11||11||0.006007646095030038||0.006007646095030038
兵庫県出身の人物一覧||1830||1830||7||7||0.003825136612021858||0.003825136612021858
小室哲哉||1828||1828||16||16||0.0087527352297593||0.0087527352297593
アニメ関係者一覧||1827||1827||3||3||0.0016420361247947454||0.0016420361247947454
神のみぞ知るセカイ||1827||1827||43||43||0.02353585112205802||0.02353585112205802
東條英機||1825||1825||48||48||0.0263013698630137||0.0263013698630137
ORANGE RANGE||1824||1824||52||52||0.02850877192982456||0.02850877192982456
Fate/stay night||1824||1824||29||29||0.015899122807017545||0.015899122807017545
仮面ライダーアギト||1823||1823||22||22||0.012068019747668678||0.012068019747668678
ニコニコ動画||1823||1823||41||41||0.022490400438837082||0.022490400438837082
笑っていいとも!レギュラー出演者一覧||1822||1822||21||21||0.011525795828759604||0.011525795828759604
龍馬伝||1822||1822||74||74||0.04061470911086718||0.04061470911086718
トヨタ・カローラ||1821||1821||21||21||0.011532125205930808||0.011532125205930808
東京都立日比谷高等学校||1821||1821||19||19||0.01043382756727073||0.01043382756727073
小池徹平||1819||1819||12||12||0.006597031335898846||0.006597031335898846
花澤香菜||1819||1819||129||129||0.07091808686091258||0.07091808686091258
京阪電気鉄道||1816||1816||23||23||0.012665198237885462||0.012665198237885462
テレビせとうち||1815||1815||49||49||0.02699724517906336||0.02699724517906336
読売ジャイアンツの選手一覧||1814||1814||52||52||0.02866593164277839||0.02866593164277839
ラジオ・チャリティー・ミュージックソン||1813||1813||18||18||0.009928295642581356||0.009928295642581356
三木眞一郎||1812||1812||13||13||0.00717439293598234||0.00717439293598234
ネコ||1811||1811||77||77||0.04251794588625069||0.04251794588625069
SMAP×SMAP||1809||1809||13||13||0.007186290768380321||0.007186290768380321
埼玉西武ライオンズ||1808||1808||26||26||0.014380530973451327||0.014380530973451327
横浜市||1806||1806||30||30||0.016611295681063124||0.016611295681063124
FOMA||1804||1804||1||1||5.543237250554324E-4||5.543237250554324E-4
JR西日本223系電車||1803||1803||41||41||0.02273987798114254||0.02273987798114254
機動戦士ガンダムSEEDの登場人物||1803||1803||14||14||0.00776483638380477||0.00776483638380477
テイルズ オブ シンフォニア||1802||1802||7||7||0.00388457269700333||0.00388457269700333
バクマン。||1802||1802||49||49||0.02719200887902331||0.02719200887902331
アダルトゲーム一覧||1799||1799||5||5||0.0027793218454697055||0.0027793218454697055
シャーリー・テンプル||1797||1797||0||0||0.0||0.0
ASIAN KUNG-FU GENERATION||1797||1797||12||12||0.00667779632721202||0.00667779632721202
大泉洋||1795||1795||22||22||0.012256267409470752||0.012256267409470752
新世紀エヴァンゲリオンの登場人物||1793||1793||14||14||0.007808142777467931||0.007808142777467931
玄田哲章||1791||1791||25||25||0.013958682300390842||0.013958682300390842
東日本大震災||1790||1790||47||47||0.026256983240223464||0.026256983240223464
夜のヒットスタジオ||1789||1789||2||2||0.0011179429849077697||0.0011179429849077697
テイルズ オブ シリーズ||1788||1788||33||33||0.018456375838926176||0.018456375838926176
エホバの証人||1785||1785||61||61||0.03417366946778711||0.03417366946778711
訃報 2009年||1785||1785||11||11||0.0061624649859943975||0.0061624649859943975
小林ゆう||1784||1784||48||48||0.026905829596412557||0.026905829596412557
讀賣テレビ放送||1783||1783||14||14||0.007851934941110488||0.007851934941110488
MAJOR||1781||1781||18||18||0.010106681639528355||0.010106681639528355
FNSの日||1780||1780||47||47||0.026404494382022473||0.026404494382022473
Oha!4 NEWS LIVE||1780||1780||14||14||0.007865168539325843||0.007865168539325843
護廷十三隊||1778||1778||21||21||0.011811023622047244||0.011811023622047244
中京テレビ放送||1777||1777||6||6||0.0033764772087788407||0.0033764772087788407
KARA||1777||1777||44||44||0.024760832864378166||0.024760832864378166
日本の城一覧||1772||1772||8||8||0.004514672686230248||0.004514672686230248
東北新幹線||1772||1772||31||31||0.017494356659142212||0.017494356659142212
るろうに剣心 -明治剣客浪漫譚-||1771||1771||15||15||0.00846979107848673||0.00846979107848673
熊本市||1770||1770||36||36||0.020338983050847456||0.020338983050847456
鋼の錬金術師||1769||1769||51||51||0.02882984737139627||0.02882984737139627
豊臣秀吉||1764||1764||65||65||0.036848072562358274||0.036848072562358274
小西克幸||1763||1763||25||25||0.014180374361883154||0.014180374361883154
井上麻里奈||1761||1761||48||48||0.027257240204429302||0.027257240204429302
日本の女優一覧||1760||1760||8||8||0.004545454545454545||0.004545454545454545
阿澄佳奈||1760||1760||77||77||0.04375||0.04375
ビートたけし||1758||1758||43||43||0.024459613196814563||0.024459613196814563
NARUTO -ナルト- 疾風伝||1756||1756||18||18||0.010250569476082005||0.010250569476082005
クイズ$ミリオネア||1755||1755||9||9||0.005128205128205128||0.005128205128205128
ウルトラマンダイナの登場怪獣||1753||1753||16||16||0.00912721049629207||0.00912721049629207
ラーメン||1753||1753||47||47||0.026811180832857957||0.026811180832857957
地上デジタルテレビ放送||1751||1751||16||16||0.009137635636778984||0.009137635636778984
小笠原道大||1751||1751||53||53||0.03026841804683038||0.03026841804683038
金妍兒||1751||1751||163||163||0.0930896630496859||0.0930896630496859
大塚愛||1750||1750||57||57||0.03257142857142857||0.03257142857142857
うたばん||1749||1749||35||35||0.020011435105774727||0.020011435105774727
きらりん☆レボリューション||1749||1749||17||17||0.009719839908519153||0.009719839908519153
天皇||1746||1746||85||85||0.04868270332187858||0.04868270332187858
JR東日本E233系電車||1745||1745||112||112||0.06418338108882521||0.06418338108882521
北九州市||1745||1745||33||33||0.018911174785100286||0.018911174785100286
大原大次郎||1744||1744||19||19||0.010894495412844037||0.010894495412844037
鉄拳の登場人物||1744||1744||39||39||0.02236238532110092||0.02236238532110092
秘密結社鷹の爪||1741||1741||3||3||0.0017231476163124641||0.0017231476163124641
ウルトラマンメビウスの登場怪獣||1741||1741||7||7||0.00402067777139575||0.00402067777139575
東方Projectの登場人物||1741||1741||71||71||0.040781160252728314||0.040781160252728314
盛岡市||1741||1741||7||7||0.00402067777139575||0.00402067777139575
中田英寿||1739||1739||32||32||0.018401380103507763||0.018401380103507763
とんねるず||1738||1738||19||19||0.01093210586881473||0.01093210586881473
岡山放送||1736||1736||1||1||5.76036866359447E-4||5.76036866359447E-4
国鉄201系電車||1736||1736||62||62||0.03571428571428571||0.03571428571428571
脳内エステ IQサプリ||1736||1736||16||16||0.009216589861751152||0.009216589861751152
伊藤静||1736||1736||38||38||0.021889400921658985||0.021889400921658985
川澄綾子||1735||1735||16||16||0.009221902017291067||0.009221902017291067
NMB48||1735||1735||103||103||0.05936599423631124||0.05936599423631124
オレたちひょうきん族||1731||1731||24||24||0.01386481802426343||0.01386481802426343
山口放送||1730||1730||3||3||0.0017341040462427746||0.0017341040462427746
To LOVEる -とらぶる-||1730||1730||33||33||0.01907514450867052||0.01907514450867052
スーパー戦隊Vシネマ||1729||1729||16||16||0.009253903990746095||0.009253903990746095
埼玉県出身の人物一覧||1729||1729||12||12||0.006940427993059572||0.006940427993059572
笑点Jr.||1728||1728||9||9||0.005208333333333333||0.005208333333333333
魔人探偵脳噛ネウロの登場人物||1726||1726||6||6||0.0034762456546929316||0.0034762456546929316
江頭2:50||1724||1724||36||36||0.02088167053364269||0.02088167053364269
悪魔の実||1724||1724||224||224||0.12993039443155452||0.12993039443155452
テレビ大阪||1723||1723||14||14||0.00812536273940801||0.00812536273940801
ちびまる子ちゃん||1723||1723||27||27||0.01567034242600116||0.01567034242600116
喜多村英梨||1722||1722||51||51||0.029616724738675958||0.029616724738675958
仮面ライダー剣||1720||1720||25||25||0.014534883720930232||0.014534883720930232
名探偵コナン||1719||1719||22||22||0.012798138452588714||0.012798138452588714
リンカーンの企画・コーナー||1719||1719||5||5||0.0029086678301337987||0.0029086678301337987
テレビ埼玉||1719||1719||8||8||0.004653868528214078||0.004653868528214078
松浦亜弥||1717||1717||34||34||0.019801980198019802||0.019801980198019802
下野紘||1717||1717||24||24||0.013977868375072802||0.013977868375072802
ソウルイーター||1717||1717||19||19||0.0110658124635993||0.0110658124635993
IS 〈インフィニット・ストラトス〉||1717||1717||38||38||0.0221316249271986||0.0221316249271986
山陽新幹線||1716||1716||25||25||0.014568764568764568||0.014568764568764568
北海道コンサドーレ札幌||1713||1713||28||28||0.01634559252772913||0.01634559252772913
ベトナム戦争||1713||1713||17||17||0.0099241097489784||0.0099241097489784
山口勝平||1713||1713||26||26||0.015178050204319907||0.015178050204319907
金沢市||1712||1712||9||9||0.005257009345794392||0.005257009345794392
JR東日本209系電車||1712||1712||114||114||0.06658878504672897||0.06658878504672897
テイルズ オブ シリーズの術技形態||1712||1712||2||2||0.0011682242990654205||0.0011682242990654205
東京ドーム||1711||1711||23||23||0.013442431326709527||0.013442431326709527
宮崎駿||1708||1708||40||40||0.0234192037470726||0.0234192037470726
BLOODY MONDAY||1708||1708||28||28||0.01639344262295082||0.01639344262295082
鋼の錬金術師の主要な登場人物||1706||1706||55||55||0.03223915592028136||0.03223915592028136
大阪府||1705||1705||38||38||0.022287390029325515||0.022287390029325515
ムヒョとロージーの魔法律相談事務所||1703||1703||6||6||0.0035231943628890195||0.0035231943628890195
アメリカ同時多発テロ事件||1702||1702||23||23||0.013513513513513514||0.013513513513513514
日本の男優一覧||1701||1701||11||11||0.006466784244562022||0.006466784244562022
〈物語〉シリーズ||1701||1701||53||53||0.03115814226925338||0.03115814226925338
福島テレビ||1697||1697||8||8||0.004714201532115498||0.004714201532115498
ラグナロクオンライン||1697||1697||9||9||0.005303476723629935||0.005303476723629935
国鉄205系電車||1697||1697||77||77||0.04537418974661167||0.04537418974661167
GANTZ||1696||1696||26||26||0.015330188679245283||0.015330188679245283
コンビニATM||1695||1695||5||5||0.0029498525073746312||0.0029498525073746312
ローゼンメイデンの登場人物一覧||1694||1694||28||28||0.01652892561983471||0.01652892561983471
小清水亜美||1693||1693||47||47||0.027761370348493797||0.027761370348493797
堂本光一||1691||1691||9||9||0.005322294500295683||0.005322294500295683
釧路市||1690||1690||18||18||0.010650887573964497||0.010650887573964497
天地人 (NHK大河ドラマ)||1690||1690||61||61||0.03609467455621302||0.03609467455621302
おおきく振りかぶって||1688||1688||12||12||0.0071090047393364926||0.0071090047393364926
ロウきゅーぶ!||1687||1687||43||43||0.025489033787788974||0.025489033787788974
広島ホームテレビ||1686||1686||1||1||5.931198102016608E-4||5.931198102016608E-4
竹島 (島根県)||1686||1686||47||47||0.027876631079478055||0.027876631079478055
PASMO||1683||1683||36||36||0.0213903743315508||0.0213903743315508
忍たま乱太郎||1681||1681||22||22||0.013087447947650209||0.013087447947650209
茅原実里||1681||1681||29||29||0.017251635930993457||0.017251635930993457
安田章大||1680||1680||4||4||0.002380952380952381||0.002380952380952381
ニート||1679||1679||21||21||0.012507444907683145||0.012507444907683145
ネット右翼||1678||1678||198||198||0.11799761620977355||0.11799761620977355
エフエム東京||1675||1675||2||2||0.0011940298507462687||0.0011940298507462687
花ざかりの君たちへ||1675||1675||15||15||0.008955223880597015||0.008955223880597015
豊橋市||1674||1674||23||23||0.013739545997610514||0.013739545997610514
松本市||1674||1674||17||17||0.01015531660692951||0.01015531660692951
2010年のテレビ (日本)||1673||1673||7||7||0.0041841004184100415||0.0041841004184100415
サンフレッチェ広島F.C||1672||1672||19||19||0.011363636363636364||0.011363636363636364
ドイツ||1672||1672||37||37||0.022129186602870814||0.022129186602870814
1982年||1670||1670||9||9||0.005389221556886228||0.005389221556886228
朴ロ美||1670||1670||28||28||0.016766467065868262||0.016766467065868262
指原莉乃||1669||1669||168||168||0.1006590772917915||0.1006590772917915
発車メロディ||1666||1666||6||6||0.003601440576230492||0.003601440576230492
UVERworld||1664||1664||33||33||0.019831730769230768||0.019831730769230768
小田急小田原線||1662||1662||25||25||0.015042117930204572||0.015042117930204572
中井正広のブラックバラエティ||1662||1662||5||5||0.0030084235860409147||0.0030084235860409147
A&G 超RADIO SHOW〜アニスパ!〜||1662||1662||12||12||0.007220216606498195||0.007220216606498195
キャプテン翼の登場人物||1662||1662||29||29||0.017448856799037304||0.017448856799037304
宝塚歌劇団||1661||1661||12||12||0.007224563515954244||0.007224563515954244
藤原啓治||1661||1661||17||17||0.010234798314268514||0.010234798314268514
ルパン三世||1661||1661||17||17||0.010234798314268514||0.010234798314268514
2009年新型インフルエンザの世界的流行||1661||1661||35||35||0.02107164358819988||0.02107164358819988
同性愛||1660||1660||63||63||0.03795180722891566||0.03795180722891566
北斗の拳の登場人物一覧||1659||1659||7||7||0.004219409282700422||0.004219409282700422
コードギアスシリーズの登場人物||1659||1659||9||9||0.0054249547920434||0.0054249547920434
青森県出身の人物一覧||1659||1659||8||8||0.004822182037371911||0.004822182037371911
九州王朝説||1659||1659||28||28||0.016877637130801686||0.016877637130801686
NEWS23||1658||1658||32||32||0.019300361881785282||0.019300361881785282
ウルトラマンレオ||1657||1657||40||40||0.024140012070006035||0.024140012070006035
くりぃむナントカ||1657||1657||8||8||0.004828002414001207||0.004828002414001207
ザ・キング・オブ・ファイターズの登場人物||1655||1655||8||8||0.004833836858006042||0.004833836858006042
アメリカ横断ウルトラクイズの各大会の詳細||1655||1655||5||5||0.0030211480362537764||0.0030211480362537764
立命館大学||1654||1654||35||35||0.021160822249093107||0.021160822249093107
相模原市||1653||1653||16||16||0.009679370840895343||0.009679370840895343
爆竜戦隊アバレンジャー||1652||1652||13||13||0.007869249394673124||0.007869249394673124
ポーランド||1651||1651||10||10||0.0060569351907934586||0.0060569351907934586
西武鉄道||1650||1650||21||21||0.012727272727272728||0.012727272727272728
太平洋戦争||1649||1649||41||41||0.024863553668890235||0.024863553668890235
エア・ギア||1647||1647||3||3||0.0018214936247723133||0.0018214936247723133
カードキャプターさくら||1646||1646||30||30||0.018226002430133656||0.018226002430133656
ウルトラマンダイナ||1645||1645||15||15||0.00911854103343465||0.00911854103343465
香港||1643||1643||24||24||0.014607425441265977||0.014607425441265977
坂本真綾||1643||1643||33||33||0.02008520998174072||0.02008520998174072
デビルメイクライシリーズ||1642||1642||16||16||0.0097442143727162||0.0097442143727162
チュートリアル (お笑いコンビ)||1640||1640||8||8||0.004878048780487805||0.004878048780487805
Kis-My-Ft2||1639||1639||77||77||0.04697986577181208||0.04697986577181208
メインページ||1638||1638||5||5||0.0030525030525030525||0.0030525030525030525
真選組||1638||1638||4||4||0.002442002442002442||0.002442002442002442
電車でGO!||1637||1637||29||29||0.0177153329260843||0.0177153329260843
FCバルセロナ||1637||1637||6||6||0.0036652412950519244||0.0036652412950519244
ニンテンドーDSのゲームタイトル一覧||1637||1637||9||9||0.005497861942577886||0.005497861942577886
逸見政孝||1636||1636||7||7||0.004278728606356968||0.004278728606356968
ニンテンドーDS||1634||1634||21||21||0.012851897184822521||0.012851897184822521
レミオロメン||1634||1634||21||21||0.012851897184822521||0.012851897184822521
萌え||1634||1634||29||29||0.017747858017135864||0.017747858017135864
トランスフォーマー/リベンジ||1634||1634||15||15||0.009179926560587515||0.009179926560587515
阪和線||1633||1633||28||28||0.017146356399265157||0.017146356399265157
NHKニュースおはよう日本||1633||1633||17||17||0.010410287813839559||0.010410287813839559
上杉謙信||1631||1631||62||62||0.03801348865726548||0.03801348865726548
神奈川県出身の人物一覧||1629||1629||9||9||0.0055248618784530384||0.0055248618784530384
ARIA (漫画)||1628||1628||21||21||0.012899262899262898||0.012899262899262898
フジテレビ番組一覧||1625||1625||4||4||0.0024615384615384616||0.0024615384615384616
クロノス (テレビ番組)||1623||1623||13||13||0.008009858287122612||0.008009858287122612
松任谷由実||1621||1621||14||14||0.00863664404688464||0.00863664404688464
幽☆遊☆白書の登場人物一覧||1621||1621||5||5||0.0030845157310302285||0.0030845157310302285
三島由紀夫||1618||1618||20||20||0.012360939431396786||0.012360939431396786
日本のアナウンサー一覧||1618||1618||6||6||0.003708281829419036||0.003708281829419036
全国高校野球選手権大会中継||1616||1616||3||3||0.0018564356435643563||0.0018564356435643563
東北学院大学||1616||1616||2||2||0.0012376237623762376||0.0012376237623762376
To LOVEる -とらぶる-の登場人物||1616||1616||30||30||0.018564356435643563||0.018564356435643563
IPhone||1616||1616||36||36||0.022277227722772276||0.022277227722772276
吉田拓郎||1615||1615||9||9||0.005572755417956657||0.005572755417956657
ゲイ用語||1615||1615||7||7||0.0043343653250774||0.0043343653250774
ちびまる子ちゃんの登場人物||1615||1615||36||36||0.022291021671826627||0.022291021671826627
イギリス||1615||1615||57||57||0.03529411764705882||0.03529411764705882
東海ラジオ放送||1613||1613||2||2||0.0012399256044637321||0.0012399256044637321
美少女戦士セーラームーンの登場人物||1613||1613||13||13||0.008059516429014259||0.008059516429014259
日産・スカイライン||1612||1612||17||17||0.01054590570719603||0.01054590570719603
DRAGON GATE||1610||1610||31||31||0.019254658385093167||0.019254658385093167
魔法少女リリカルなのはシリーズの登場人物||1610||1610||23||23||0.014285714285714285||0.014285714285714285
鳥海浩輔||1607||1607||19||19||0.011823273179838207||0.011823273179838207
京成電鉄||1606||1606||23||23||0.014321295143212951||0.014321295143212951
金曜ロードSHOW!||1605||1605||11||11||0.006853582554517134||0.006853582554517134
新垣結衣||1605||1605||70||70||0.04361370716510903||0.04361370716510903
桑島法子||1604||1604||18||18||0.011221945137157107||0.011221945137157107
ミュージックステーションスーパーライブ||1604||1604||12||12||0.007481296758104738||0.007481296758104738
武豊||1604||1604||47||47||0.029301745635910224||0.029301745635910224
日本の女性専用車両||1604||1604||53||53||0.033042394014962596||0.033042394014962596
真・三國無双シリーズ||1604||1604||42||42||0.026184538653366583||0.026184538653366583
高橋広樹||1603||1603||5||5||0.0031191515907673115||0.0031191515907673115
仮面ライダー響鬼||1602||1602||11||11||0.00686641697877653||0.00686641697877653
それいけ!アンパンマン||1601||1601||55||55||0.034353529044347283||0.034353529044347283
必殺シリーズ||1600||1600||16||16||0.01||0.01
ウルトラマンガイア||1600||1600||9||9||0.005625||0.005625
レアル・マドリード||1599||1599||17||17||0.010631644777986242||0.010631644777986242
ジャッキー・チェン||1598||1598||19||19||0.011889862327909888||0.011889862327909888
ニッポン放送番組一覧||1598||1598||6||6||0.0037546933667083854||0.0037546933667083854
高崎市||1598||1598||7||7||0.004380475594493116||0.004380475594493116
インド||1597||1597||32||32||0.020037570444583593||0.020037570444583593
日本のプロ野球選手一覧||1597||1597||7||7||0.004383218534752661||0.004383218534752661
広島電鉄||1597||1597||15||15||0.00939261114589856||0.00939261114589856
みつどもえ||1596||1596||20||20||0.012531328320802004||0.012531328320802004
ヨシフ・スターリン||1596||1596||14||14||0.008771929824561403||0.008771929824561403
大島優子||1596||1596||164||164||0.10275689223057644||0.10275689223057644
おはよう朝日です||1595||1595||9||9||0.005642633228840125||0.005642633228840125
任天堂||1594||1594||23||23||0.014429109159347553||0.014429109159347553
WWE||1593||1593||5||5||0.003138731952291274||0.003138731952291274
日本お笑い史||1593||1593||7||7||0.004394224733207784||0.004394224733207784
東芝||1592||1592||13||13||0.008165829145728644||0.008165829145728644
ウルトラマンA||1590||1590||40||40||0.025157232704402517||0.025157232704402517
笑福亭鶴瓶||1590||1590||18||18||0.011320754716981131||0.011320754716981131
ビーイング||1587||1587||11||11||0.006931316950220542||0.006931316950220542
曲名一覧||1585||1585||2||2||0.0012618296529968455||0.0012618296529968455
下関市||1585||1585||23||23||0.014511041009463722||0.014511041009463722
堂本剛||1585||1585||6||6||0.0037854889589905363||0.0037854889589905363
四国放送||1585||1585||5||5||0.0031545741324921135||0.0031545741324921135
井上聡||1584||1584||15||15||0.00946969696969697||0.00946969696969697
リトルバスターズ!||1584||1584||36||36||0.022727272727272728||0.022727272727272728
ゲームセンターCX 有野の挑戦||1583||1583||28||28||0.017687934301958308||0.017687934301958308
東海旅客鉄道||1582||1582||33||33||0.020859671302149177||0.020859671302149177
埼玉県||1581||1581||27||27||0.017077798861480076||0.017077798861480076
井上和彦 (声優)||1580||1580||12||12||0.007594936708860759||0.007594936708860759
24 -TWENTY FOUR-||1580||1580||10||10||0.006329113924050633||0.006329113924050633
京都市||1579||1579||28||28||0.01773274224192527||0.01773274224192527
テレフォンショッキング||1579||1579||14||14||0.008866371120962635||0.008866371120962635
小田急電鉄||1578||1578||25||25||0.015842839036755388||0.015842839036755388
群馬県||1578||1578||13||13||0.008238276299112801||0.008238276299112801
みなみけ||1577||1577||22||22||0.013950538998097653||0.013950538998097653
NON STYLE||1576||1576||42||42||0.0266497461928934||0.0266497461928934
クレヨンしんちゃんの登場人物一覧||1576||1576||25||25||0.015862944162436547||0.015862944162436547
千葉県出身の人物一覧||1575||1575||10||10||0.006349206349206349||0.006349206349206349
東京タワー||1575||1575||26||26||0.01650793650793651||0.01650793650793651
プロレスラー一覧||1574||1574||3||3||0.0019059720457433292||0.0019059720457433292
RSK山陽放送||1574||1574||3||3||0.0019059720457433292||0.0019059720457433292
岩手県出身の人物一覧||1574||1574||1||1||6.353240152477764E-4||6.353240152477764E-4
吉本興業||1574||1574||23||23||0.014612452350698857||0.014612452350698857
鹿児島県出身の人物一覧||1573||1573||10||10||0.006357279084551812||0.006357279084551812
長寿番組の一覧||1573||1573||8||8||0.0050858232676414495||0.0050858232676414495
コサキンDEワァオ!||1572||1572||5||5||0.0031806615776081423||0.0031806615776081423
学園黙示録 HIGHSCHOOL OF THE DEAD||1572||1572||29||29||0.018447837150127225||0.018447837150127225
電脳コイル||1572||1572||10||10||0.006361323155216285||0.006361323155216285
日本レコード大賞||1571||1571||46||46||0.02928071292170592||0.02928071292170592
遊佐浩二||1571||1571||10||10||0.006365372374283896||0.006365372374283896
慰安婦||1571||1571||68||68||0.04328453214513049||0.04328453214513049
三浦知良||1568||1568||21||21||0.013392857142857142||0.013392857142857142
東京急行電鉄||1568||1568||34||34||0.021683673469387755||0.021683673469387755
ユニバーサル・スタジオ・ジャパン||1567||1567||13||13||0.008296107211231652||0.008296107211231652
福岡県||1566||1566||16||16||0.010217113665389528||0.010217113665389528
メイプルストーリー||1566||1566||38||38||0.024265644955300127||0.024265644955300127
テレビ朝日番組一覧||1565||1565||9||9||0.005750798722044728||0.005750798722044728
大倉忠義||1563||1563||10||10||0.006397952655150352||0.006397952655150352
白鵬翔||1561||1561||30||30||0.019218449711723255||0.019218449711723255
井上真央||1561||1561||48||48||0.03074951953875721||0.03074951953875721
ベガルタ仙台||1560||1560||8||8||0.005128205128205128||0.005128205128205128
郷里大輔||1560||1560||50||50||0.03205128205128205||0.03205128205128205
ナインティナイン||1558||1558||20||20||0.012836970474967908||0.012836970474967908
岡村隆史||1558||1558||19||19||0.012195121951219513||0.012195121951219513
法政大学||1558||1558||29||29||0.018613607188703467||0.018613607188703467
田中理恵 (声優)||1557||1557||45||45||0.028901734104046242||0.028901734104046242
水戸黄門 (第31-38部)||1557||1557||23||23||0.014771997430956968||0.014771997430956968
ハンセン病||1555||1555||6||6||0.0038585209003215433||0.0038585209003215433
XXXHOLiC||1555||1555||8||8||0.005144694533762058||0.005144694533762058
ハイスクールD×D||1555||1555||7||7||0.0045016077170418||0.0045016077170418
News every.||1555||1555||34||34||0.021864951768488745||0.021864951768488745
遊☆戯☆王デュエルモンスターズGX||1554||1554||13||13||0.008365508365508366||0.008365508365508366
進撃の巨人||1553||1553||32||32||0.0206052801030264||0.0206052801030264
デジモンクロスウォーズ||1552||1552||17||17||0.01095360824742268||0.01095360824742268
8時だョ!全員集合||1551||1551||16||16||0.010315925209542231||0.010315925209542231
近鉄特急||1550||1550||18||18||0.011612903225806452||0.011612903225806452
大宮駅 (埼玉県)||1549||1549||31||31||0.020012911555842477||0.020012911555842477
蒼天航路||1548||1548||70||70||0.04521963824289406||0.04521963824289406
全国高等学校野球選手権大会||1548||1548||11||11||0.0071059431524547806||0.0071059431524547806
高橋みなみ||1548||1548||143||143||0.09237726098191215||0.09237726098191215
機動戦士ガンダムSEED||1547||1547||28||28||0.01809954751131222||0.01809954751131222
新婚さんいらっしゃい!||1547||1547||3||3||0.0019392372333548805||0.0019392372333548805
訃報 2012年||1546||1546||9||9||0.005821474773609315||0.005821474773609315
さいたま市||1545||1545||35||35||0.022653721682847898||0.022653721682847898
たまごっち!||1545||1545||25||25||0.016181229773462782||0.016181229773462782
涼宮ハルヒシリーズの登場人物||1545||1545||83||83||0.05372168284789644||0.05372168284789644
朝日新聞||1544||1544||81||81||0.052461139896373056||0.052461139896373056
キリスト教||1543||1543||46||46||0.029812054439403757||0.029812054439403757
ヴィジュアル系||1543||1543||19||19||0.012313674659753726||0.012313674659753726
ペルソナ4||1543||1543||20||20||0.012961762799740765||0.012961762799740765
ドキドキ!プリキュア||1543||1543||35||35||0.02268308489954634||0.02268308489954634
旭川市||1542||1542||12||12||0.007782101167315175||0.007782101167315175
マリオシリーズ||1542||1542||31||31||0.020103761348897537||0.020103761348897537
クイズプレゼンバラエティー Qさま!!||1541||1541||25||25||0.016223231667748216||0.016223231667748216
東京メトロ副都心線||1540||1540||56||56||0.03636363636363636||0.03636363636363636
落第忍者乱太郎の登場人物||1539||1539||8||8||0.005198180636777128||0.005198180636777128
日本三大一覧||1538||1538||38||38||0.0247074122236671||0.0247074122236671
王様のブランチ||1536||1536||18||18||0.01171875||0.01171875
ウルトラQの登場怪獣||1536||1536||14||14||0.009114583333333334||0.009114583333333334
両津勘吉||1535||1535||59||59||0.038436482084690554||0.038436482084690554
東京都||1535||1535||25||25||0.016286644951140065||0.016286644951140065
フレッシュプリキュア!||1534||1534||68||68||0.04432855280312908||0.04432855280312908
犬夜叉||1534||1534||26||26||0.01694915254237288||0.01694915254237288
鉄道ファン||1533||1533||38||38||0.024787997390737115||0.024787997390737115
西城秀樹||1533||1533||29||29||0.018917155903457272||0.018917155903457272
ウェザーニュースLiVE||1532||1532||24||24||0.015665796344647518||0.015665796344647518
ロザリオとバンパイア||1531||1531||43||43||0.028086218158066622||0.028086218158066622
社会民主党 (日本 1996-)||1530||1530||68||68||0.044444444444444446||0.044444444444444446
地獄少女||1530||1530||21||21||0.013725490196078431||0.013725490196078431
TVQ九州放送||1529||1529||5||5||0.0032701111837802484||0.0032701111837802484
激走戦隊カーレンジャー||1528||1528||9||9||0.0058900523560209425||0.0058900523560209425
新幹線N700系電車||1527||1527||69||69||0.04518664047151277||0.04518664047151277
小諸藩牧野氏の家臣団||1526||1526||1||1||6.55307994757536E-4||6.55307994757536E-4
東武鉄道||1524||1524||20||20||0.013123359580052493||0.013123359580052493
檜山修之||1524||1524||40||40||0.026246719160104987||0.026246719160104987
青森朝日放送||1524||1524||1||1||6.561679790026247E-4||6.561679790026247E-4
MAR (漫画)||1524||1524||7||7||0.004593175853018373||0.004593175853018373
東武東上本線||1524||1524||26||26||0.01706036745406824||0.01706036745406824
一覧の一覧||1523||1523||7||7||0.004596191726854892||0.004596191726854892
秋元康||1523||1523||76||76||0.04990151017728168||0.04990151017728168
NHK放送センター||1522||1522||23||23||0.015111695137976347||0.015111695137976347
CLAYMORE||1522||1522||2||2||0.001314060446780552||0.001314060446780552
志村けん||1521||1521||14||14||0.009204470742932281||0.009204470742932281
公明党||1520||1520||30||30||0.019736842105263157||0.019736842105263157
ベルセルク (漫画)||1520||1520||13||13||0.008552631578947369||0.008552631578947369
筋肉番付シリーズ||1520||1520||3||3||0.001973684210526316||0.001973684210526316
ゴッドタン||1519||1519||6||6||0.003949967083607637||0.003949967083607637
フランス||1519||1519||55||55||0.03620803159973667||0.03620803159973667
専修大学の人物一覧||1518||1518||9||9||0.005928853754940711||0.005928853754940711
クリスマスの約束||1517||1517||9||9||0.005932762030323006||0.005932762030323006
ダルビッシュ有||1517||1517||66||66||0.043506921555702044||0.043506921555702044
ZARD||1517||1517||18||18||0.011865524060646011||0.011865524060646011
柿原徹也||1517||1517||22||22||0.014502307185234015||0.014502307185234015
鹿児島テレビ放送||1516||1516||10||10||0.006596306068601583||0.006596306068601583
明治大学||1516||1516||36||36||0.023746701846965697||0.023746701846965697
近畿方言||1516||1516||42||42||0.027704485488126648||0.027704485488126648
爆笑レッドカーペット||1516||1516||31||31||0.020448548812664908||0.020448548812664908
革命機ヴァルヴレイヴ||1516||1516||20||20||0.013192612137203167||0.013192612137203167
森喜朗||1515||1515||31||31||0.02046204620462046||0.02046204620462046
テレビ山口||1514||1514||4||4||0.002642007926023778||0.002642007926023778
YouTube||1514||1514||59||59||0.03896961690885073||0.03896961690885073
北千住駅||1510||1510||22||22||0.01456953642384106||0.01456953642384106
中華人民共和国||1509||1509||19||19||0.012591119946984758||0.012591119946984758
手越祐也||1509||1509||24||24||0.015904572564612324||0.015904572564612324
過去に存在したダイエーの店舗||1508||1508||0||0||0.0||0.0
埼京線||1507||1507||41||41||0.027206370272063702||0.027206370272063702
ジャパン・ニュース・ネットワーク||1506||1506||53||53||0.0351925630810093||0.0351925630810093
ぬらりひょんの孫||1505||1505||20||20||0.013289036544850499||0.013289036544850499
広島市||1504||1504||15||15||0.00997340425531915||0.00997340425531915
三重テレビ放送||1504||1504||7||7||0.004654255319148936||0.004654255319148936
ドラゴンクエストIX 星空の守り人||1503||1503||34||34||0.02262142381902861||0.02262142381902861
杉山紀彰||1502||1502||10||10||0.006657789613848202||0.006657789613848202
布袋寅泰||1501||1501||22||22||0.014656895403064623||0.014656895403064623
特殊急襲部隊||1500||1500||11||11||0.007333333333333333||0.007333333333333333
NISSAN あ、安部礼司〜BEYOND THE AVERAGE||1499||1499||3||3||0.0020013342228152103||0.0020013342228152103
絶体絶命でんぢゃらすじーさん||1497||1497||12||12||0.008016032064128256||0.008016032064128256
銀魂||1497||1497||59||59||0.0394121576486306||0.0394121576486306
秋葉原||1497||1497||20||20||0.013360053440213761||0.013360053440213761
桑田佳祐||1497||1497||34||34||0.022712090848363394||0.022712090848363394
お笑いタレント||1496||1496||8||8||0.0053475935828877||0.0053475935828877
パチンコ||1496||1496||107||107||0.07152406417112299||0.07152406417112299
ひるおび!||1493||1493||26||26||0.017414601473543203||0.017414601473543203
1985年||1493||1493||14||14||0.009377093101138647||0.009377093101138647
ミュ〜コミ+プラス||1493||1493||3||3||0.0020093770931011385||0.0020093770931011385
仮面ライダー×スーパー戦隊 スーパーヒーロー大戦||1493||1493||28||28||0.018754186202277295||0.018754186202277295
ゴルゴ13||1489||1489||8||8||0.005372733378106112||0.005372733378106112
ボウリング革命 P★League||1489||1489||16||16||0.010745466756212223||0.010745466756212223
京都大学の人物一覧||1488||1488||4||4||0.002688172043010753||0.002688172043010753
戯言シリーズ||1488||1488||10||10||0.006720430107526882||0.006720430107526882
岡山市||1487||1487||23||23||0.01546738399462004||0.01546738399462004
大乱闘スマッシュブラザーズシリーズ||1485||1485||20||20||0.013468013468013467||0.013468013468013467
沢田研二||1485||1485||6||6||0.00404040404040404||0.00404040404040404
テイルズ オブ デスティニー||1485||1485||5||5||0.003367003367003367||0.003367003367003367
のだめカンタービレ||1485||1485||11||11||0.007407407407407408||0.007407407407407408
トヨタ・クラウン||1484||1484||15||15||0.010107816711590296||0.010107816711590296
宇都宮線||1483||1483||12||12||0.008091706001348618||0.008091706001348618
交響詩篇エウレカセブン||1481||1481||5||5||0.00337609723160027||0.00337609723160027
乃木坂春香の秘密||1481||1481||3||3||0.002025658338960162||0.002025658338960162
Aqua Timez||1481||1481||23||23||0.015530047265361242||0.015530047265361242
カードファイト!! ヴァンガード||1481||1481||15||15||0.01012829169480081||0.01012829169480081
関俊彦||1480||1480||16||16||0.010810810810810811||0.010810810810810811
東北放送||1480||1480||6||6||0.004054054054054054||0.004054054054054054
ゼロの使い魔||1480||1480||13||13||0.008783783783783784||0.008783783783783784
ピラメキーノ||1480||1480||34||34||0.022972972972972974||0.022972972972972974
平清盛 (NHK大河ドラマ)||1478||1478||109||109||0.07374830852503383||0.07374830852503383
喫煙||1478||1478||58||58||0.03924221921515562||0.03924221921515562
地球戦隊ファイブマン||1477||1477||9||9||0.006093432633716994||0.006093432633716994
東日本旅客鉄道||1476||1476||30||30||0.02032520325203252||0.02032520325203252
クラシック音楽の曲名一覧||1476||1476||0||0||0.0||0.0
バイオハザードシリーズ||1476||1476||19||19||0.012872628726287264||0.012872628726287264
聖闘士星矢||1475||1475||18||18||0.012203389830508475||0.012203389830508475
つるの剛士||1475||1475||16||16||0.010847457627118645||0.010847457627118645
西部警察||1474||1474||2||2||0.0013568521031207597||0.0013568521031207597
豊崎愛生||1474||1474||101||101||0.06852103120759837||0.06852103120759837
アントニオ猪木||1473||1473||23||23||0.015614392396469789||0.015614392396469789
情報プレゼンター とくダネ!||1473||1473||40||40||0.027155465037338764||0.027155465037338764
やじうまプラス||1473||1473||9||9||0.006109979633401222||0.006109979633401222
中華民国||1473||1473||70||70||0.04752206381534284||0.04752206381534284
吉野裕行||1472||1472||15||15||0.010190217391304348||0.010190217391304348
Blu-ray Disc||1471||1471||11||11||0.007477906186267845||0.007477906186267845
2013年のテレビ (日本)||1471||1471||11||11||0.007477906186267845||0.007477906186267845
川越市||1470||1470||16||16||0.010884353741496598||0.010884353741496598
自衛隊||1470||1470||45||45||0.030612244897959183||0.030612244897959183
北海道||1469||1469||34||34||0.02314499659632403||0.02314499659632403
仲間由紀恵||1469||1469||10||10||0.0068073519400953025||0.0068073519400953025
中森明菜||1468||1468||35||35||0.023841961852861037||0.023841961852861037
『ぷっ』すま||1467||1467||18||18||0.012269938650306749||0.012269938650306749
ぐるぐるナインティナイン||1467||1467||12||12||0.0081799591002045||0.0081799591002045
松山市||1466||1466||24||24||0.01637107776261937||0.01637107776261937
山田涼介||1466||1466||40||40||0.027285129604365622||0.027285129604365622

