
Page||Recent Revisions||Total Revisions||Recent Reverts||Total Reverts||Recent Contention||Total Contention
ONE PIECEの登場人物一覧/log||3864||3864||12||12||0.003105590062111801||0.003105590062111801
舞-乙HiME/log20120619||3786||3786||0||0||0.0||0.0
ONE PIECE/log||3330||3330||16||16||0.004804804804804805||0.004804804804804805
BLEACH/log20080419||3009||3009||12||12||0.003988035892323031||0.003988035892323031
銀魂/log20081129||2694||2694||5||5||0.001855976243504083||0.001855976243504083
ケロロ軍曹||2692||2692||6||6||0.002228826151560178||0.002228826151560178
クレヨンしんちゃん||2353||2353||5||5||0.0021249468763280916||0.0021249468763280916
森田一義アワー 笑っていいとも!/log20130117||2329||2329||7||7||0.0030055817947617003||0.0030055817947617003
NARUTO -ナルト-||2215||2215||14||14||0.006320541760722348||0.006320541760722348
笑点/log20110201||2093||2093||4||4||0.0019111323459149545||0.0019111323459149545
キン肉マンの登場人物||2070||2070||4||4||0.001932367149758454||0.001932367149758454
2006年||2068||2068||5||5||0.0024177949709864605||0.0024177949709864605
DEATH NOTE||2065||2065||17||17||0.008232445520581114||0.008232445520581114
ミュージックステーション/log20120615||2055||2055||3||3||0.00145985401459854||0.00145985401459854
2005年||2034||2034||4||4||0.0019665683382497543||0.0019665683382497543
D.Gray-man||2009||2009||4||4||0.001991040318566451||0.001991040318566451
アイシールド21||2008||2008||7||7||0.0034860557768924302||0.0034860557768924302
ローゼンメイデン/history 20130917||1989||1989||24||24||0.012066365007541479||0.012066365007541479
広島県出身の人物一覧||1950||1950||0||0||0.0||0.0
轟轟戦隊ボウケンジャー||1929||1929||6||6||0.003110419906687403||0.003110419906687403
ドラえもん||1925||1925||16||16||0.008311688311688312||0.008311688311688312
FNS27時間テレビ||1910||1910||1||1||5.235602094240838E-4||5.235602094240838E-4
クイズ世界はSHOW by ショーバイ!!||1898||1898||3||3||0.0015806111696522655||0.0015806111696522655
DEATH NOTEの登場人物||1891||1891||3||3||0.0015864621893178213||0.0015864621893178213
めちゃ×2イケてるッ!||1886||1886||4||4||0.0021208907741251328||0.0021208907741251328
ナインティナインのオールナイトニッポン||1851||1851||5||5||0.002701242571582928||0.002701242571582928
仙台市||1835||1835||11||11||0.005994550408719346||0.005994550408719346
第二次世界大戦/log20120619||1817||1817||13||13||0.007154650522839846||0.007154650522839846
ケロロ軍曹の登場人物一覧/log20090210||1813||1813||4||4||0.002206287920573635||0.002206287920573635
ウルトラマンメビウス/log20100825||1810||1810||7||7||0.0038674033149171273||0.0038674033149171273
デジモン一覧||1770||1770||3||3||0.001694915254237288||0.001694915254237288
国鉄103系電車||1764||1764||7||7||0.003968253968253968||0.003968253968253968
銀魂の登場人物一覧/log20080904||1752||1752||1||1||5.707762557077625E-4||5.707762557077625E-4
BLEACHの登場人物||1737||1737||4||4||0.002302820955670697||0.002302820955670697
モーニング娘。||1733||1733||10||10||0.005770340450086555||0.005770340450086555
水曜どうでしょう||1692||1692||1||1||5.91016548463357E-4||5.91016548463357E-4
ドラゴンボールの登場人物||1679||1679||3||3||0.001786777843954735||0.001786777843954735
仮面ライダーカブト||1677||1677||7||7||0.0041741204531902205||0.0041741204531902205
読売ジャイアンツ||1674||1674||2||2||0.0011947431302270011||0.0011947431302270011
古畑任三郎||1599||1599||3||3||0.001876172607879925||0.001876172607879925
日本の漫画家一覧||1587||1587||0||0||0.0||0.0
毎日放送||1584||1584||4||4||0.0025252525252525255||0.0025252525252525255
メインページ||1581||1581||4||4||0.002530044275774826||0.002530044275774826
涼宮ハルヒシリーズ/log20090701||1580||1580||16||16||0.010126582278481013||0.010126582278481013
ズームイン!!SUPER/log20091228||1559||1559||1||1||6.414368184733803E-4||6.414368184733803E-4
ネプリーグ/log20091026||1559||1559||2||2||0.0012828736369467607||0.0012828736369467607
フジテレビジョン||1546||1546||1||1||6.46830530401035E-4||6.46830530401035E-4
トヨタ自動車||1535||1535||13||13||0.008469055374592834||0.008469055374592834
阪神タイガース||1516||1516||7||7||0.004617414248021108||0.004617414248021108
ちちんぷいぷい (テレビ番組)/history20180113||1510||1510||2||2||0.0013245033112582781||0.0013245033112582781
日本/log20090827||1507||1507||20||20||0.013271400132714002||0.013271400132714002
青森放送/history20180113||1501||1501||0||0||0.0||0.0
日本テレビ放送網||1498||1498||1||1||6.675567423230974E-4||6.675567423230974E-4
アニメ作品一覧||1496||1496||1||1||6.684491978609625E-4||6.684491978609625E-4
静岡市||1495||1495||2||2||0.0013377926421404682||0.0013377926421404682
オールナイトニッポン||1472||1472||1||1||6.793478260869565E-4||6.793478260869565E-4
鉄道事故||1460||1460||10||10||0.00684931506849315||0.00684931506849315
テニスの王子様||1459||1459||8||8||0.0054832076764907475||0.0054832076764907475
福山市||1451||1451||0||0||0.0||0.0
日本放送協会||1444||1444||1||1||6.925207756232687E-4||6.925207756232687E-4
B'z||1431||1431||9||9||0.006289308176100629||0.006289308176100629
東京放送ホールディングス||1428||1428||3||3||0.0021008403361344537||0.0021008403361344537
テレビ神奈川||1427||1427||1||1||7.00770847932726E-4||7.00770847932726E-4
鋼の錬金術師の登場人物一覧/history 20120609||1418||1418||2||2||0.0014104372355430183||0.0014104372355430183
トリビアの泉 〜素晴らしきムダ知識〜||1408||1408||4||4||0.002840909090909091||0.002840909090909091
大韓民国||1408||1408||30||30||0.02130681818181818||0.02130681818181818
東京都立日比谷高等学校||1406||1406||1||1||7.112375533428165E-4||7.112375533428165E-4
都市伝説||1405||1405||7||7||0.00498220640569395||0.00498220640569395
北海道放送||1397||1397||0||0||0.0||0.0
錦戸亮||1388||1388||0||0||0.0||0.0
テレビ東京||1388||1388||2||2||0.001440922190201729||0.001440922190201729
FNNスーパータイム||1385||1385||1||1||7.220216606498195E-4||7.220216606498195E-4
ガンダムシリーズの登場機動兵器一覧||1377||1377||2||2||0.0014524328249818446||0.0014524328249818446
朝日放送グループホールディングス||1366||1366||7||7||0.005124450951683748||0.005124450951683748
中部日本放送||1360||1360||1||1||7.352941176470588E-4||7.352941176470588E-4
MAR (漫画)||1353||1353||3||3||0.0022172949002217295||0.0022172949002217295
魔人探偵脳噛ネウロ||1342||1342||1||1||7.451564828614009E-4||7.451564828614009E-4
こちら葛飾区亀有公園前派出所||1338||1338||4||4||0.0029895366218236174||0.0029895366218236174
視聴率争い||1338||1338||3||3||0.002242152466367713||0.002242152466367713
日産自動車||1336||1336||8||8||0.005988023952095809||0.005988023952095809
ボボボーボ・ボーボボ||1331||1331||6||6||0.004507888805409466||0.004507888805409466
魔法戦隊マジレンジャー||1317||1317||1||1||7.593014426727411E-4||7.593014426727411E-4
ゲームセンターCX/history20160321||1314||1314||5||5||0.00380517503805175||0.00380517503805175
バンプレストオリジナル||1308||1308||1||1||7.645259938837921E-4||7.645259938837921E-4
2ちゃんねる||1307||1307||4||4||0.00306044376434583||0.00306044376434583
中部国際空港||1295||1295||3||3||0.0023166023166023165||0.0023166023166023165
金色のガッシュ!!の登場人物||1290||1290||2||2||0.0015503875968992248||0.0015503875968992248
KAT-TUN||1271||1271||25||25||0.01966955153422502||0.01966955153422502
ドラゴンボール||1267||1267||5||5||0.003946329913180742||0.003946329913180742
岡田有希子||1263||1263||8||8||0.006334125098970704||0.006334125098970704
ニッポン放送||1261||1261||1||1||7.930214115781126E-4||7.930214115781126E-4
ニート||1260||1260||4||4||0.0031746031746031746||0.0031746031746031746
週刊少年ジャンプ||1259||1259||6||6||0.004765687053216839||0.004765687053216839
東京大学||1249||1249||7||7||0.005604483586869495||0.005604483586869495
ジャニーズJr.||1244||1244||2||2||0.001607717041800643||0.001607717041800643
ドラえもん (1979年のテレビアニメ)||1241||1241||6||6||0.004834810636583401||0.004834810636583401
明石家さんま||1229||1229||2||2||0.0016273393002441008||0.0016273393002441008
NARUTO -ナルト-の登場人物/log20120612||1225||1225||7||7||0.005714285714285714||0.005714285714285714
はねるのトびら||1223||1223||1||1||8.176614881439084E-4||8.176614881439084E-4
筋肉番付シリーズ||1222||1222||1||1||8.183306055646482E-4||8.183306055646482E-4
3年B組金八先生)/history20180113||1216||1216||2||2||0.001644736842105263||0.001644736842105263
北斗の拳||1202||1202||2||2||0.0016638935108153079||0.0016638935108153079
武装錬金||1185||1185||1||1||8.438818565400844E-4||8.438818565400844E-4
新世紀エヴァンゲリオン||1184||1184||6||6||0.005067567567567568||0.005067567567567568
水曜どうでしょうの企画||1183||1183||0||0||0.0||0.0
アメリカ横断ウルトラクイズ||1166||1166||1||1||8.576329331046312E-4||8.576329331046312E-4
ポケットモンスター||1160||1160||12||12||0.010344827586206896||0.010344827586206896
るろうに剣心 -明治剣客浪漫譚-||1158||1158||6||6||0.0051813471502590676||0.0051813471502590676
踊る大捜査線||1141||1141||0||0||0.0||0.0
小沢一郎||1141||1141||4||4||0.0035056967572304996||0.0035056967572304996
東京駅||1139||1139||3||3||0.0026338893766461808||0.0026338893766461808
ハヤテのごとく!||1129||1129||2||2||0.001771479185119575||0.001771479185119575
千葉ロッテマリーンズ||1126||1126||8||8||0.007104795737122558||0.007104795737122558
そこまで言って委員会NP||1120||1120||2||2||0.0017857142857142857||0.0017857142857142857
BUMP OF CHICKEN||1114||1114||7||7||0.0062836624775583485||0.0062836624775583485
みんなが出るテレビ||1113||1113||4||4||0.0035938903863432167||0.0035938903863432167
サザンオールスターズ||1103||1103||5||5||0.004533091568449683||0.004533091568449683
UHFアニメ||1101||1101||4||4||0.0036330608537693005||0.0036330608537693005
新宿駅||1098||1098||8||8||0.007285974499089253||0.007285974499089253
萌え||1097||1097||19||19||0.01731996353691887||0.01731996353691887
浦和レッドダイヤモンズ||1094||1094||3||3||0.002742230347349177||0.002742230347349177
ウエンツ瑛士||1089||1089||1||1||9.182736455463728E-4||9.182736455463728E-4
PlayStation Portable||1087||1087||15||15||0.013799448022079117||0.013799448022079117
ルパン三世||1086||1086||4||4||0.003683241252302026||0.003683241252302026
日本のアナウンサー一覧||1082||1082||3||3||0.0027726432532347504||0.0027726432532347504
ジャニーズ事務所||1077||1077||11||11||0.01021355617455896||0.01021355617455896
クイズダービー||1071||1071||0||0||0.0||0.0
SMAP||1068||1068||4||4||0.003745318352059925||0.003745318352059925
あぶない刑事||1067||1067||2||2||0.0018744142455482662||0.0018744142455482662
GLAY||1058||1058||13||13||0.012287334593572778||0.012287334593572778
浜松市||1058||1058||1||1||9.45179584120983E-4||9.45179584120983E-4
エンタの神様/log20091223||1056||1056||14||14||0.013257575757575758||0.013257575757575758
ラグナロクオンライン||1056||1056||0||0||0.0||0.0
慶應義塾大学/history20130405||1049||1049||16||16||0.015252621544327931||0.015252621544327931
マイケル・ジャクソン||1049||1049||3||3||0.002859866539561487||0.002859866539561487
テレビ朝日||1048||1048||5||5||0.004770992366412214||0.004770992366412214
プレイステーション3/log20100415||1045||1045||17||17||0.016267942583732056||0.016267942583732056
ダウンタウンのガキの使いやあらへんで!||1044||1044||1||1||9.578544061302681E-4||9.578544061302681E-4
一覧の一覧||1031||1031||2||2||0.0019398642095053346||0.0019398642095053346
スーパー戦隊シリーズ/history20160321||1029||1029||2||2||0.001943634596695821||0.001943634596695821
新潟市||1026||1026||4||4||0.003898635477582846||0.003898635477582846
国鉄113系電車||1025||1025||4||4||0.003902439024390244||0.003902439024390244
MOTHER3||1024||1024||0||0||0.0||0.0
内村プロデュース||1021||1021||1||1||9.794319294809011E-4||9.794319294809011E-4
堀江由衣||1019||1019||2||2||0.001962708537782139||0.001962708537782139
スーパーロボット大戦シリーズ||1018||1018||3||3||0.0029469548133595285||0.0029469548133595285
常磐線||1016||1016||0||0||0.0||0.0
ひぐらしのなく頃に||1015||1015||12||12||0.011822660098522168||0.011822660098522168
Mr.FULLSWING||1013||1013||2||2||0.0019743336623889436||0.0019743336623889436
HUNTER×HUNTER||1010||1010||4||4||0.0039603960396039604||0.0039603960396039604
日本共産党||1002||1002||4||4||0.003992015968063872||0.003992015968063872
コードギアス 反逆のルルーシュ/log20080407||1002||1002||2||2||0.001996007984031936||0.001996007984031936
世界平和統一家庭連合||997||997||7||7||0.007021063189568706||0.007021063189568706
声優||995||995||4||4||0.004020100502512563||0.004020100502512563
24時間テレビ 「愛は地球を救う」/history20160321||995||995||11||11||0.011055276381909548||0.011055276381909548
NHK紅白歌合戦||994||994||1||1||0.001006036217303823||0.001006036217303823
新幹線||985||985||2||2||0.0020304568527918783||0.0020304568527918783
東急田園都市線||980||980||5||5||0.00510204081632653||0.00510204081632653
L'Arc〜en〜Ciel||976||976||1||1||0.0010245901639344263||0.0010245901639344263
同姓同名||975||975||1||1||0.0010256410256410256||0.0010256410256410256
ハロー!プロジェクト||970||970||3||3||0.003092783505154639||0.003092783505154639
2ちゃんねるの歴史||970||970||6||6||0.006185567010309278||0.006185567010309278
2005年日本国際博覧会||967||967||3||3||0.0031023784901758012||0.0031023784901758012
頭文字D||964||964||2||2||0.002074688796680498||0.002074688796680498
小池徹平||963||963||1||1||0.0010384215991692627||0.0010384215991692627
ポルノグラフィティ||963||963||1||1||0.0010384215991692627||0.0010384215991692627
新日本プロレス/history20160321||962||962||2||2||0.002079002079002079||0.002079002079002079
本田技研工業||962||962||2||2||0.002079002079002079||0.002079002079002079
テイルズ オブ デスティニー||956||956||1||1||0.0010460251046025104||0.0010460251046025104
ポケットモンスターSPECIAL||954||954||4||4||0.0041928721174004195||0.0041928721174004195
野村克也||954||954||2||2||0.0020964360587002098||0.0020964360587002098
Saku saku||951||951||1||1||0.0010515247108307045||0.0010515247108307045
北海道日本ハムファイターズ||950||950||1||1||0.0010526315789473684||0.0010526315789473684
タモリ||944||944||6||6||0.006355932203389831||0.006355932203389831
夜のヒットスタジオ||942||942||0||0||0.0||0.0
脳内エステ IQサプリ||941||941||1||1||0.0010626992561105207||0.0010626992561105207
ミュージシャン一覧 (グループ)||938||938||0||0||0.0||0.0
織田信長||938||938||10||10||0.010660980810234541||0.010660980810234541
スーパーベースボール (テレビ朝日系列)||936||936||0||0||0.0||0.0
西日本旅客鉄道||934||934||4||4||0.004282655246252677||0.004282655246252677
松本市||933||933||2||2||0.0021436227224008574||0.0021436227224008574
MAJOR||930||930||0||0||0.0||0.0
仮面ライダー響鬼||930||930||3||3||0.0032258064516129032||0.0032258064516129032
福岡ソフトバンクホークス||928||928||5||5||0.005387931034482759||0.005387931034482759
ザ・キング・オブ・ファイターズ||927||927||1||1||0.0010787486515641855||0.0010787486515641855
児童性的虐待||927||927||2||2||0.002157497303128371||0.002157497303128371
Wii/history 20130210||924||924||11||11||0.011904761904761904||0.011904761904761904
日本一の一覧||922||922||2||2||0.0021691973969631237||0.0021691973969631237
日本の漫画作品一覧||920||920||3||3||0.003260869565217391||0.003260869565217391
桃太郎電鉄シリーズ||919||919||1||1||0.001088139281828074||0.001088139281828074
日本テレビ制作局制作番組の分野別一覧||919||919||0||0||0.0||0.0
ARIA (漫画)||917||917||8||8||0.008724100327153763||0.008724100327153763
名探偵コナンの登場人物/history20180113||915||915||10||10||0.01092896174863388||0.01092896174863388
2004年||913||913||7||7||0.007667031763417305||0.007667031763417305
ツバサ-RESERVoir CHRoNiCLE-||911||911||5||5||0.005488474204171241||0.005488474204171241
松浦亜弥||909||909||5||5||0.005500550055005501||0.005500550055005501
機動警察パトレイバー||907||907||1||1||0.0011025358324145535||0.0011025358324145535
コロンビア大学||900||900||0||0||0.0||0.0
SoftBank (携帯電話)||899||899||5||5||0.0055617352614015575||0.0055617352614015575
大阪府出身の人物一覧||899||899||1||1||0.0011123470522803114||0.0011123470522803114
D.C. 〜ダ・カーポ〜||899||899||7||7||0.00778642936596218||0.00778642936596218
レイザーラモンHG||899||899||5||5||0.0055617352614015575||0.0055617352614015575
日本プロ野球||897||897||1||1||0.0011148272017837235||0.0011148272017837235
ドラえもんの登場人物一覧||897||897||2||2||0.002229654403567447||0.002229654403567447
太田市||896||896||0||0||0.0||0.0
仮面ライダー剣||894||894||2||2||0.0022371364653243847||0.0022371364653243847
広島テレビ放送||892||892||0||0||0.0||0.0
愛知県出身の人物一覧||892||892||1||1||0.0011210762331838565||0.0011210762331838565
遊☆戯☆王デュエルモンスターズGXの登場人物||885||885||1||1||0.0011299435028248588||0.0011299435028248588
ムヒョとロージーの魔法律相談事務所||884||884||4||4||0.004524886877828055||0.004524886877828055
小泉純一郎||878||878||19||19||0.02164009111617312||0.02164009111617312
エア・ギア||876||876||2||2||0.00228310502283105||0.00228310502283105
草なぎ剛||875||875||5||5||0.005714285714285714||0.005714285714285714
井上聡||871||871||0||0||0.0||0.0
オールスター感謝祭/history20190417||869||869||3||3||0.0034522439585730723||0.0034522439585730723
パネルクイズ アタック25||868||868||3||3||0.0034562211981566822||0.0034562211981566822
ロックマンエグゼ (アニメ)||867||867||3||3||0.0034602076124567475||0.0034602076124567475
かっとばせ!キヨハラくん||867||867||0||0||0.0||0.0
忍たま乱太郎||866||866||1||1||0.0011547344110854503||0.0011547344110854503
ディープインパクト (競走馬)||866||866||5||5||0.005773672055427252||0.005773672055427252
嫌韓||864||864||27||27||0.03125||0.03125
GTO (漫画)||861||861||2||2||0.0023228803716608595||0.0023228803716608595
手塚治虫||860||860||4||4||0.004651162790697674||0.004651162790697674
北海道出身の人物一覧||860||860||0||0||0.0||0.0
SMAP×SMAP||859||859||1||1||0.0011641443538998836||0.0011641443538998836
日本三大一覧||859||859||9||9||0.010477299185098952||0.010477299185098952
名古屋鉄道||855||855||4||4||0.004678362573099415||0.004678362573099415
札幌市||855||855||5||5||0.005847953216374269||0.005847953216374269
IBC岩手放送||854||854||1||1||0.00117096018735363||0.00117096018735363
魔弾戦記リュウケンドー||853||853||1||1||0.0011723329425556857||0.0011723329425556857
バンプレストオリジナルのキャラクター一覧||852||852||0||0||0.0||0.0
京都放送||849||849||0||0||0.0||0.0
王貞治||849||849||1||1||0.001177856301531213||0.001177856301531213
安田章大||849||849||1||1||0.001177856301531213||0.001177856301531213
清原和博||846||846||1||1||0.001182033096926714||0.001182033096926714
お笑いタレント||845||845||3||3||0.0035502958579881655||0.0035502958579881655
全国高等学校クイズ選手権||840||840||0||0||0.0||0.0
ナインティナイン||839||839||0||0||0.0||0.0
岩手県出身の人物一覧||838||838||0||0||0.0||0.0
関ジャニ∞||837||837||3||3||0.0035842293906810036||0.0035842293906810036
水戸黄門 (パナソニック ドラマシアター)||836||836||1||1||0.0011961722488038277||0.0011961722488038277
大泉洋||835||835||1||1||0.0011976047904191617||0.0011976047904191617
舞-HiME||833||833||0||0||0.0||0.0
東武伊勢崎線||831||831||4||4||0.0048134777376654635||0.0048134777376654635
ジパング (漫画)||828||828||2||2||0.0024154589371980675||0.0024154589371980675
星野仙一||827||827||2||2||0.0024183796856106408||0.0024183796856106408
メタルギアソリッド||826||826||1||1||0.0012106537530266344||0.0012106537530266344
拓殖大学||823||823||2||2||0.002430133657351154||0.002430133657351154
東京都||823||823||2||2||0.002430133657351154||0.002430133657351154
ORANGE RANGE||823||823||11||11||0.013365735115431349||0.013365735115431349
打ち切り||822||822||5||5||0.006082725060827251||0.006082725060827251
野比のび太||821||821||2||2||0.00243605359317905||0.00243605359317905
ロックマンXシリーズ||818||818||0||0||0.0||0.0
松任谷由実||814||814||1||1||0.0012285012285012285||0.0012285012285012285
ソーシャル・ネットワーキング・サービス||813||813||8||8||0.00984009840098401||0.00984009840098401
堺市||813||813||1||1||0.0012300123001230013||0.0012300123001230013
小田急小田原線||811||811||7||7||0.008631319358816275||0.008631319358816275
ちびまる子ちゃん||809||809||2||2||0.002472187886279357||0.002472187886279357
コンピュータゲームのタイトル一覧||804||804||2||2||0.0024875621890547263||0.0024875621890547263
遊☆戯☆王デュエルモンスターズGX||803||803||6||6||0.007471980074719801||0.007471980074719801
ケータイ刑事 銭形シリーズ||801||801||1||1||0.0012484394506866417||0.0012484394506866417
特殊急襲部隊||801||801||3||3||0.003745318352059925||0.003745318352059925
福岡県出身の人物一覧||798||798||1||1||0.0012531328320802004||0.0012531328320802004
関西テレビ放送||797||797||0||0||0.0||0.0
日本の市町村の廃置分合||797||797||1||1||0.0012547051442910915||0.0012547051442910915
公明党||794||794||3||3||0.003778337531486146||0.003778337531486146
天皇||794||794||7||7||0.008816120906801008||0.008816120906801008
日本プロサッカーリーグ||793||793||2||2||0.0025220680958385876||0.0025220680958385876
神戸市||793||793||1||1||0.0012610340479192938||0.0012610340479192938
Au (携帯電話)||793||793||7||7||0.008827238335435058||0.008827238335435058
クイズ!ヘキサゴンII/log20090401||793||793||2||2||0.0025220680958385876||0.0025220680958385876
銀河英雄伝説||792||792||2||2||0.0025252525252525255||0.0025252525252525255
青森テレビ||792||792||0||0||0.0||0.0
日本航空123便墜落事故||792||792||3||3||0.003787878787878788||0.003787878787878788
法政大学||792||792||2||2||0.0025252525252525255||0.0025252525252525255
架空の武器||788||788||1||1||0.0012690355329949238||0.0012690355329949238
世界一の一覧||786||786||5||5||0.006361323155216285||0.006361323155216285
東武鉄道||785||785||4||4||0.005095541401273885||0.005095541401273885
広島東洋カープ||785||785||6||6||0.007643312101910828||0.007643312101910828
中国放送||785||785||0||0||0.0||0.0
電車男||782||782||0||0||0.0||0.0
SLAM DUNK||780||780||3||3||0.0038461538461538464||0.0038461538461538464
石原慎太郎||779||779||13||13||0.01668806161745828||0.01668806161745828
八王子市||779||779||1||1||0.0012836970474967907||0.0012836970474967907
東京都出身の人物一覧||779||779||0||0||0.0||0.0
灼眼のシャナ||778||778||8||8||0.010282776349614395||0.010282776349614395
リンカーン (テレビ番組)||777||777||1||1||0.001287001287001287||0.001287001287001287
安倍なつみ||776||776||16||16||0.020618556701030927||0.020618556701030927
能登麻美子||776||776||3||3||0.003865979381443299||0.003865979381443299
さんまのSUPERからくりTV||776||776||0||0||0.0||0.0
くりぃむしちゅーのオールナイトニッポン||774||774||6||6||0.007751937984496124||0.007751937984496124
アメリカ同時多発テロ事件||773||773||3||3||0.0038809831824062097||0.0038809831824062097
新庄剛志||773||773||2||2||0.00258732212160414||0.00258732212160414
東京ヤクルトスワローズ||772||772||6||6||0.007772020725388601||0.007772020725388601
クインテット (テレビ番組)||771||771||3||3||0.0038910505836575876||0.0038910505836575876
ポケットモンスター (アニメ)||769||769||2||2||0.002600780234070221||0.002600780234070221
横浜駅||767||767||2||2||0.002607561929595828||0.002607561929595828
山下智久||766||766||8||8||0.010443864229765013||0.010443864229765013
中日ドラゴンズ||765||765||1||1||0.00130718954248366||0.00130718954248366
学習院大学||763||763||0||0||0.0||0.0
JR福知山線脱線事故||763||763||0||0||0.0||0.0
釧路市||762||762||0||0||0.0||0.0
国際空港の一覧||761||761||0||0||0.0||0.0
ニンテンドーDS||761||761||8||8||0.010512483574244415||0.010512483574244415
群馬県||761||761||1||1||0.001314060446780552||0.001314060446780552
東急東横線||760||760||3||3||0.003947368421052632||0.003947368421052632
東海大学||759||759||5||5||0.006587615283267457||0.006587615283267457
浦安鉄筋家族||759||759||0||0||0.0||0.0
プロレスラー一覧||756||756||0||0||0.0||0.0
大塚愛||756||756||8||8||0.010582010582010581||0.010582010582010581
金色のガッシュ!!||755||755||1||1||0.0013245033112582781||0.0013245033112582781
鋼の錬金術師||754||754||1||1||0.001326259946949602||0.001326259946949602
Mr.Children||753||753||0||0||0.0||0.0
Dr.スランプ||751||751||5||5||0.006657789613848202||0.006657789613848202
GUILTY GEAR||749||749||1||1||0.0013351134846461949||0.0013351134846461949
エースコンバットシリーズ||748||748||0||0||0.0||0.0
石田彰||747||747||2||2||0.002677376171352075||0.002677376171352075
キン肉マン||747||747||1||1||0.0013386880856760374||0.0013386880856760374
逆転裁判||747||747||5||5||0.006693440428380187||0.006693440428380187
笑いの金メダル||747||747||3||3||0.004016064257028112||0.004016064257028112
立命館大学||746||746||1||1||0.0013404825737265416||0.0013404825737265416
おたく||745||745||13||13||0.0174496644295302||0.0174496644295302
レミオロメン||744||744||0||0||0.0||0.0
さよなら絶望先生||742||742||6||6||0.008086253369272238||0.008086253369272238
朝ズバッ!||742||742||0||0||0.0||0.0
SAMURAI BASEBALL||741||741||1||1||0.001349527665317139||0.001349527665317139
福岡市||741||741||7||7||0.009446693657219974||0.009446693657219974
地上デジタルテレビ放送||739||739||1||1||0.0013531799729364006||0.0013531799729364006
東北放送||739||739||0||0||0.0||0.0
ASIAN KUNG-FU GENERATION||739||739||1||1||0.0013531799729364006||0.0013531799729364006
中井正広のブラックバラエティ||737||737||0||0||0.0||0.0
クイズ$ミリオネア||735||735||0||0||0.0||0.0
オレたちひょうきん族||735||735||13||13||0.017687074829931974||0.017687074829931974
北日本放送||735||735||1||1||0.0013605442176870747||0.0013605442176870747
新潟県中越地震||734||734||2||2||0.0027247956403269754||0.0027247956403269754
ガンダムシリーズの登場人物一覧||733||733||0||0||0.0||0.0
テレビ山口||733||733||1||1||0.001364256480218281||0.001364256480218281
彩雲国物語||730||730||0||0||0.0||0.0
軍隊の階級||729||729||1||1||0.0013717421124828531||0.0013717421124828531
どうぶつの森の登場キャラクター一覧||728||728||4||4||0.005494505494505495||0.005494505494505495
東北楽天ゴールデンイーグルス||728||728||0||0||0.0||0.0
FOMA||726||726||1||1||0.0013774104683195593||0.0013774104683195593
日本の女性専用車両||726||726||1||1||0.0013774104683195593||0.0013774104683195593
山口放送||725||725||1||1||0.001379310344827586||0.001379310344827586
グランド・セフト・オートシリーズ||725||725||1||1||0.001379310344827586||0.001379310344827586
ファイナルファンタジーXII||723||723||2||2||0.0027662517289073307||0.0027662517289073307
西部警察||723||723||1||1||0.0013831258644536654||0.0013831258644536654
ニッポン放送番組一覧||723||723||0||0||0.0||0.0
魔法先生ネギま!||723||723||0||0||0.0||0.0
小室哲哉||723||723||2||2||0.0027662517289073307||0.0027662517289073307
2ちゃんねらー||721||721||10||10||0.013869625520110958||0.013869625520110958
東海道本線||721||721||5||5||0.006934812760055479||0.006934812760055479
ブラック・ジャック||721||721||3||3||0.004160887656033287||0.004160887656033287
女王の教室||720||720||1||1||0.001388888888888889||0.001388888888888889
デジモンアドベンチャー||720||720||2||2||0.002777777777777778||0.002777777777777778
川嶋あい||720||720||4||4||0.005555555555555556||0.005555555555555556
NTTドコモ||719||719||1||1||0.0013908205841446453||0.0013908205841446453
WWEに所属する人物一覧||718||718||0||0||0.0||0.0
戯言シリーズ||718||718||3||3||0.004178272980501393||0.004178272980501393
ビートルズ||718||718||3||3||0.004178272980501393||0.004178272980501393
兵庫県出身の人物一覧||716||716||1||1||0.0013966480446927375||0.0013966480446927375
ウルトラマン||714||714||4||4||0.0056022408963585435||0.0056022408963585435
ゆず (音楽グループ)||714||714||4||4||0.0056022408963585435||0.0056022408963585435
日産・スカイライン||712||712||1||1||0.0014044943820224719||0.0014044943820224719
太臓もて王サーガ||712||712||1||1||0.0014044943820224719||0.0014044943820224719
キャプテン翼||711||711||0||0||0.0||0.0
テレビ埼玉||711||711||0||0||0.0||0.0
自由民主党 (日本)||710||710||1||1||0.0014084507042253522||0.0014084507042253522
JR東日本E231系電車||709||709||8||8||0.011283497884344146||0.011283497884344146
子安武人||708||708||1||1||0.0014124293785310734||0.0014124293785310734
金田一少年の事件簿||707||707||2||2||0.002828854314002829||0.002828854314002829
機動戦士ガンダムSEEDの登場人物||707||707||1||1||0.0014144271570014145||0.0014144271570014145
志田未来||707||707||0||0||0.0||0.0
秋田放送||706||706||0||0||0.0||0.0
ベルセルク (漫画)||706||706||0||0||0.0||0.0
SCHOOL OF LOCK!||705||705||1||1||0.0014184397163120568||0.0014184397163120568
岡村隆史||705||705||7||7||0.009929078014184398||0.009929078014184398
東京箱根間往復大学駅伝競走||704||704||1||1||0.0014204545454545455||0.0014204545454545455
アドルフ・ヒトラー||704||704||5||5||0.007102272727272727||0.007102272727272727
吉本興業||704||704||2||2||0.002840909090909091||0.002840909090909091
ザ・ベストテン||702||702||0||0||0.0||0.0
2007年||702||702||4||4||0.005698005698005698||0.005698005698005698
うる星やつら||701||701||2||2||0.0028530670470756064||0.0028530670470756064
機動戦士ガンダムSEED||701||701||2||2||0.0028530670470756064||0.0028530670470756064
福山潤||701||701||0||0||0.0||0.0
M-1グランプリ||700||700||0||0||0.0||0.0
特捜戦隊デカレンジャー||700||700||1||1||0.0014285714285714286||0.0014285714285714286
名古屋テレビ放送||699||699||0||0||0.0||0.0
岐阜放送||699||699||1||1||0.001430615164520744||0.001430615164520744
日本のテレビドラマ一覧||699||699||0||0||0.0||0.0
小笠原道大||699||699||5||5||0.00715307582260372||0.00715307582260372
キン肉マンII世||699||699||0||0||0.0||0.0
2006年の音楽||699||699||0||0||0.0||0.0
地獄少女||699||699||5||5||0.00715307582260372||0.00715307582260372
桑田佳祐||699||699||5||5||0.00715307582260372||0.00715307582260372
横浜DeNAベイスターズ||698||698||6||6||0.008595988538681949||0.008595988538681949
越後長岡藩||697||697||0||0||0.0||0.0
ふたりはプリキュア||697||697||14||14||0.020086083213773313||0.020086083213773313
編曲家||696||696||0||0||0.0||0.0
キテレツ大百科||695||695||2||2||0.0028776978417266188||0.0028776978417266188
山口県出身の人物一覧||695||695||0||0||0.0||0.0
ボーイスカウト||694||694||2||2||0.002881844380403458||0.002881844380403458
8時だョ!全員集合||694||694||1||1||0.001440922190201729||0.001440922190201729
暗殺||694||694||0||0||0.0||0.0
はじめの一歩||693||693||0||0||0.0||0.0
Fate/stay night||693||693||3||3||0.004329004329004329||0.004329004329004329
広岡達朗||692||692||0||0||0.0||0.0
バイオハザードシリーズ||692||692||1||1||0.001445086705202312||0.001445086705202312
ダウンタウン (お笑いコンビ)||690||690||6||6||0.008695652173913044||0.008695652173913044
実況パワフルプロ野球||690||690||4||4||0.005797101449275362||0.005797101449275362
中央本線||690||690||3||3||0.004347826086956522||0.004347826086956522
あずまんが大王||689||689||4||4||0.005805515239477504||0.005805515239477504
交響詩篇エウレカセブン||689||689||1||1||0.001451378809869376||0.001451378809869376
山手線||689||689||11||11||0.015965166908563134||0.015965166908563134
聖闘士星矢||686||686||1||1||0.0014577259475218659||0.0014577259475218659
NNNニュースプラス1||686||686||1||1||0.0014577259475218659||0.0014577259475218659
ゴジラ||685||685||2||2||0.00291970802919708||0.00291970802919708
広島ホームテレビ||685||685||0||0||0.0||0.0
野球道 (フジテレビ系列)||685||685||1||1||0.00145985401459854||0.00145985401459854
爆笑オンエアバトル||684||684||0||0||0.0||0.0
松本人志||684||684||1||1||0.0014619883040935672||0.0014619883040935672
サンテレビジョン||683||683||0||0||0.0||0.0
テイルズ オブ シンフォニア||682||682||4||4||0.005865102639296188||0.005865102639296188
林原めぐみ||681||681||2||2||0.002936857562408223||0.002936857562408223
小田急電鉄||680||680||2||2||0.0029411764705882353||0.0029411764705882353
札幌テレビ放送||680||680||0||0||0.0||0.0
くりぃむナントカ||679||679||2||2||0.0029455081001472753||0.0029455081001472753
東日本旅客鉄道||678||678||2||2||0.0029498525073746312||0.0029498525073746312
日本の温泉地一覧||678||678||1||1||0.0014749262536873156||0.0014749262536873156
奥州市||677||677||0||0||0.0||0.0
逸見政孝||676||676||0||0||0.0||0.0
国鉄201系電車||676||676||14||14||0.020710059171597635||0.020710059171597635
サザエさん||676||676||1||1||0.0014792899408284023||0.0014792899408284023
熊本市||676||676||0||0||0.0||0.0
巨人の星||675||675||2||2||0.002962962962962963||0.002962962962962963
徳川家康||673||673||10||10||0.014858841010401188||0.014858841010401188
福島テレビ||672||672||0||0||0.0||0.0
テニスの王子様の登場人物/log20120614||672||672||0||0||0.0||0.0
長嶋茂雄||671||671||0||0||0.0||0.0
任天堂||668||668||2||2||0.0029940119760479044||0.0029940119760479044
菊名駅||668||668||2||2||0.0029940119760479044||0.0029940119760479044
関口宏の東京フレンドパークII||667||667||0||0||0.0||0.0
あたしンち||666||666||7||7||0.010510510510510511||0.010510510510510511
マジカル頭脳パワー!!||665||665||3||3||0.004511278195488722||0.004511278195488722
日本語||664||664||8||8||0.012048192771084338||0.012048192771084338
仮面ライダー555||664||664||1||1||0.0015060240963855422||0.0015060240963855422
鹿児島市||663||663||1||1||0.0015082956259426848||0.0015082956259426848
勇者王ガオガイガー||663||663||8||8||0.012066365007541479||0.012066365007541479
東海道新幹線||663||663||6||6||0.00904977375565611||0.00904977375565611
日本大学||663||663||6||6||0.00904977375565611||0.00904977375565611
携帯電話||661||661||7||7||0.01059001512859304||0.01059001512859304
帰ってきたウルトラマン||660||660||0||0||0.0||0.0
明治大学||659||659||5||5||0.007587253414264037||0.007587253414264037
靖国神社||657||657||8||8||0.0121765601217656||0.0121765601217656
るろうに剣心 -明治剣客浪漫譚-の登場人物一覧||657||657||14||14||0.0213089802130898||0.0213089802130898
北海道||656||656||2||2||0.003048780487804878||0.003048780487804878
発車メロディ||655||655||2||2||0.0030534351145038168||0.0030534351145038168
宮崎駿||655||655||10||10||0.015267175572519083||0.015267175572519083
名古屋市||654||654||3||3||0.0045871559633027525||0.0045871559633027525
テレビ大阪||654||654||0||0||0.0||0.0
マスコットキャラクター一覧||654||654||2||2||0.0030581039755351682||0.0030581039755351682
文化放送||652||652||0||0||0.0||0.0
アニマル横町||650||650||4||4||0.006153846153846154||0.006153846153846154
阪神・淡路大震災||650||650||3||3||0.004615384615384616||0.004615384615384616
東京大学の人物一覧||649||649||1||1||0.0015408320493066256||0.0015408320493066256
近畿日本鉄道||649||649||4||4||0.0061633281972265025||0.0061633281972265025
松井秀喜||648||648||7||7||0.010802469135802469||0.010802469135802469
めざましテレビ/history20190417||648||648||3||3||0.004629629629629629||0.004629629629629629
中央競馬||647||647||1||1||0.0015455950540958269||0.0015455950540958269
みえるひと||646||646||5||5||0.007739938080495356||0.007739938080495356
自動車||645||645||1||1||0.0015503875968992248||0.0015503875968992248
美少女戦士セーラームーンの登場人物||645||645||0||0||0.0||0.0
徳光和夫||644||644||5||5||0.007763975155279503||0.007763975155279503
ゼーガペイン||644||644||9||9||0.013975155279503106||0.013975155279503106
侮蔑||644||644||2||2||0.003105590062111801||0.003105590062111801
倖田來未||642||642||0||0||0.0||0.0
東北本線||641||641||3||3||0.0046801872074883||0.0046801872074883
大倉忠義||640||640||0||0||0.0||0.0
TBSテレビ||640||640||6||6||0.009375||0.009375
日本の法学者一覧||639||639||2||2||0.003129890453834116||0.003129890453834116
アダルトゲーム||638||638||3||3||0.004702194357366771||0.004702194357366771
映画作品一覧||638||638||0||0||0.0||0.0
ウルトラ怪獣一覧||637||637||1||1||0.0015698587127158557||0.0015698587127158557
パタリロ!||632||632||0||0||0.0||0.0
東海テレビ放送||632||632||1||1||0.0015822784810126582||0.0015822784810126582
ダウンタウンのごっつええ感じ||631||631||1||1||0.001584786053882726||0.001584786053882726
長寿番組の一覧||630||630||2||2||0.0031746031746031746||0.0031746031746031746
旭川市||629||629||1||1||0.001589825119236884||0.001589825119236884
NEWS23||629||629||16||16||0.025437201907790145||0.025437201907790145
アメリカ合衆国||629||629||7||7||0.011128775834658187||0.011128775834658187
探偵!ナイトスクープ||628||628||1||1||0.0015923566878980893||0.0015923566878980893
戦え!超ロボット生命体トランスフォーマー||628||628||0||0||0.0||0.0
うたばん||628||628||1||1||0.0015923566878980893||0.0015923566878980893
ドイツ||628||628||8||8||0.012738853503184714||0.012738853503184714
華原朋美||627||627||0||0||0.0||0.0
東貴博 ニッポン全国 ラジベガス||627||627||1||1||0.001594896331738437||0.001594896331738437
ギャラクシーエンジェル||626||626||1||1||0.001597444089456869||0.001597444089456869
SLAM DUNKの登場人物||626||626||2||2||0.003194888178913738||0.003194888178913738
全日本空輸||626||626||0||0||0.0||0.0
笑福亭鶴瓶||625||625||1||1||0.0016||0.0016
亀田興毅||625||625||5||5||0.008||0.008
コスプレ系飲食店||624||624||1||1||0.0016025641025641025||0.0016025641025641025
東京メトロポリタンテレビジョン||623||623||0||0||0.0||0.0
渋谷すばる||623||623||0||0||0.0||0.0
いぬかみっ!||622||622||1||1||0.001607717041800643||0.001607717041800643
機動戦士ガンダムSEED ASTRAYシリーズの登場人物||622||622||1||1||0.001607717041800643||0.001607717041800643
関西国際空港||621||621||0||0||0.0||0.0
ぱにぽに||620||620||6||6||0.00967741935483871||0.00967741935483871
フォーミュラ1||619||619||4||4||0.006462035541195477||0.006462035541195477
日本レコード大賞||619||619||3||3||0.004846526655896607||0.004846526655896607
湘南新宿ライン||619||619||6||6||0.009693053311793215||0.009693053311793215
チュートリアル (お笑いコンビ)||617||617||0||0||0.0||0.0
Suica||616||616||4||4||0.006493506493506494||0.006493506493506494
東京ドーム||616||616||3||3||0.00487012987012987||0.00487012987012987
日本の城一覧||616||616||1||1||0.0016233766233766235||0.0016233766233766235
ミルモでポン!||616||616||2||2||0.003246753246753247||0.003246753246753247
戦国BASARA||616||616||1||1||0.0016233766233766235||0.0016233766233766235
野球||615||615||8||8||0.013008130081300813||0.013008130081300813
カードキャプターさくら||615||615||1||1||0.0016260162601626016||0.0016260162601626016
国鉄115系電車||615||615||1||1||0.0016260162601626016||0.0016260162601626016
東洋大学||615||615||1||1||0.0016260162601626016||0.0016260162601626016
慶應義塾大学の人物一覧||615||615||0||0||0.0||0.0
全国高等学校野球選手権大会||615||615||2||2||0.0032520325203252032||0.0032520325203252032
首都圏新都市鉄道つくばエクスプレス||615||615||3||3||0.004878048780487805||0.004878048780487805
Macintosh||614||614||0||0||0.0||0.0
さだまさし||614||614||2||2||0.003257328990228013||0.003257328990228013
WWE||614||614||1||1||0.0016286644951140066||0.0016286644951140066
史上最強の弟子ケンイチ||614||614||0||0||0.0||0.0
長野県||613||613||1||1||0.0016313213703099511||0.0016313213703099511
BoA||613||613||2||2||0.0032626427406199023||0.0032626427406199023
茨城県||613||613||5||5||0.008156606851549755||0.008156606851549755
きらりん☆レボリューション||612||612||4||4||0.006535947712418301||0.006535947712418301
フロントミッションシリーズの登場人物||612||612||6||6||0.00980392156862745||0.00980392156862745
西城秀樹||612||612||1||1||0.0016339869281045752||0.0016339869281045752
Fun!BASEBALL!!||611||611||0||0||0.0||0.0
蒼穹のファフナー||611||611||2||2||0.0032733224222585926||0.0032733224222585926
東海旅客鉄道||611||611||4||4||0.006546644844517185||0.006546644844517185
横浜市||609||609||0||0||0.0||0.0
太陽にほえろ!||608||608||1||1||0.001644736842105263||0.001644736842105263
とんねるずのみなさんのおかげでした||608||608||1||1||0.001644736842105263||0.001644736842105263
やしきたかじん||608||608||1||1||0.001644736842105263||0.001644736842105263
テイルズ オブ シリーズの術技形態||608||608||0||0||0.0||0.0
ラーメン||608||608||1||1||0.001644736842105263||0.001644736842105263
スーパーコンピュータ||607||607||1||1||0.0016474464579901153||0.0016474464579901153
クイズプレゼンバラエティー Qさま!!||607||607||0||0||0.0||0.0
F-15 (戦闘機)||607||607||7||7||0.011532125205930808||0.011532125205930808
山形放送||606||606||0||0||0.0||0.0
相棒/history20150820||606||606||1||1||0.0016501650165016502||0.0016501650165016502
JNNニュースコープ||606||606||1||1||0.0016501650165016502||0.0016501650165016502
おねがいマイメロディの登場キャラクター||604||604||19||19||0.03145695364238411||0.03145695364238411
宇都宮線||604||604||2||2||0.0033112582781456954||0.0033112582781456954
北九州市||604||604||0||0||0.0||0.0
次長課長||604||604||2||2||0.0033112582781456954||0.0033112582781456954
星のカービィ (アニメ)||603||603||0||0||0.0||0.0
XXXHOLiC||603||603||2||2||0.003316749585406302||0.003316749585406302
ゼロの使い魔||603||603||6||6||0.009950248756218905||0.009950248756218905
スーパーJチャンネル||603||603||1||1||0.001658374792703151||0.001658374792703151
キャッチコピー||602||602||3||3||0.0049833887043189366||0.0049833887043189366
とっとこハム太郎||602||602||2||2||0.0033222591362126247||0.0033222591362126247
暴れん坊将軍||602||602||3||3||0.0049833887043189366||0.0049833887043189366
保志総一朗||601||601||1||1||0.0016638935108153079||0.0016638935108153079
魁!!男塾||601||601||0||0||0.0||0.0
トランスフォーマー ギャラクシーフォース||601||601||0||0||0.0||0.0
京成電鉄||601||601||2||2||0.0033277870216306157||0.0033277870216306157
西郷隆盛||600||600||4||4||0.006666666666666667||0.006666666666666667
愛のエプロン||600||600||1||1||0.0016666666666666668||0.0016666666666666668
日本大学の人物一覧||599||599||1||1||0.001669449081803005||0.001669449081803005
櫻井孝宏||599||599||2||2||0.00333889816360601||0.00333889816360601
RSK山陽放送||598||598||0||0||0.0||0.0
欽ちゃん&香取慎吾の全日本仮装大賞||598||598||0||0||0.0||0.0
デジモンアドベンチャー02||598||598||0||0||0.0||0.0
上戸彩||598||598||8||8||0.013377926421404682||0.013377926421404682
ガイキング LEGEND OF DAIKU-MARYU||597||597||1||1||0.0016750418760469012||0.0016750418760469012
香港||597||597||2||2||0.0033500837520938024||0.0033500837520938024
ザ・ドリフターズ||596||596||0||0||0.0||0.0
マリア様がみてる||596||596||3||3||0.0050335570469798654||0.0050335570469798654
さいたま市||596||596||1||1||0.0016778523489932886||0.0016778523489932886
FNNスーパーニュース||595||595||1||1||0.0016806722689075631||0.0016806722689075631
SAMURAI DEEPER KYO||595||595||1||1||0.0016806722689075631||0.0016806722689075631
2005年のスポーツ||595||595||1||1||0.0016806722689075631||0.0016806722689075631
まほらば||595||595||0||0||0.0||0.0
埼玉西武ライオンズ||594||594||0||0||0.0||0.0
稲森いずみ||594||594||4||4||0.006734006734006734||0.006734006734006734
JR西日本207系電車||593||593||0||0||0.0||0.0
長渕剛||593||593||2||2||0.003372681281618887||0.003372681281618887
トヨタ・ブレイド||593||593||0||0||0.0||0.0
シャーマンキング||593||593||0||0||0.0||0.0
若槻千夏||593||593||2||2||0.003372681281618887||0.003372681281618887
青森朝日放送||592||592||0||0||0.0||0.0
法政大学の人物一覧||592||592||1||1||0.0016891891891891893||0.0016891891891891893
中居正広||591||591||4||4||0.00676818950930626||0.00676818950930626
アニメ版ポケットモンスターの登場人物/history20160321||591||591||4||4||0.00676818950930626||0.00676818950930626
Mixi||591||591||21||21||0.03553299492385787||0.03553299492385787
豊橋市||590||590||3||3||0.005084745762711864||0.005084745762711864
ロンドンハーツ||589||589||0||0||0.0||0.0
焼きたて!!ジャぱん||589||589||0||0||0.0||0.0
ダイエー||589||589||0||0||0.0||0.0
岡山県出身の人物一覧||588||588||0||0||0.0||0.0
京浜急行電鉄||587||587||2||2||0.0034071550255536627||0.0034071550255536627
名古屋駅||587||587||0||0||0.0||0.0
日本酒||587||587||0||0||0.0||0.0
タカヤ -閃武学園激闘伝-||586||586||2||2||0.0034129692832764505||0.0034129692832764505
スバル・レオーネ||585||585||0||0||0.0||0.0
事務次官||585||585||0||0||0.0||0.0
プロ野球中継||584||584||0||0||0.0||0.0
仮面ライダー龍騎||583||583||0||0||0.0||0.0
手稲区||581||581||3||3||0.0051635111876075735||0.0051635111876075735
SIREN (ゲームソフト)||581||581||0||0||0.0||0.0
世にも奇妙な物語||581||581||1||1||0.0017211703958691911||0.0017211703958691911
魔法先生ネギま!の登場人物||580||580||7||7||0.01206896551724138||0.01206896551724138
ICOCA||579||579||4||4||0.0069084628670120895||0.0069084628670120895
ベトナム戦争||579||579||1||1||0.0017271157167530224||0.0017271157167530224
SOUL'd OUT||579||579||1||1||0.0017271157167530224||0.0017271157167530224
相模原市||579||579||4||4||0.0069084628670120895||0.0069084628670120895
山寺宏一||579||579||0||0||0.0||0.0
封神演義 (漫画)||578||578||0||0||0.0||0.0
渋谷駅||578||578||2||2||0.0034602076124567475||0.0034602076124567475
ミュージシャン一覧 (個人)||577||577||1||1||0.0017331022530329288||0.0017331022530329288
コミュニティ放送局一覧||577||577||0||0||0.0||0.0
オリエンタルラジオ||577||577||3||3||0.005199306759098787||0.005199306759098787
大和 (戦艦)||576||576||4||4||0.006944444444444444||0.006944444444444444
エフエム豊橋||576||576||4||4||0.006944444444444444||0.006944444444444444
山口組||576||576||3||3||0.005208333333333333||0.005208333333333333
オリックス・バファローズ||574||574||1||1||0.0017421602787456446||0.0017421602787456446
キャプテン翼の登場人物||574||574||0||0||0.0||0.0
伊集院光||573||573||2||2||0.0034904013961605585||0.0034904013961605585
二宮和也||573||573||0||0||0.0||0.0
ヴィジュアル系||572||572||3||3||0.005244755244755245||0.005244755244755245
Gatas Brilhantes H.P.||572||572||0||0||0.0||0.0
トヨタのエンジン型式一覧||572||572||0||0||0.0||0.0
宇多田ヒカル||571||571||1||1||0.0017513134851138354||0.0017513134851138354
堂本剛||571||571||0||0||0.0||0.0
GARNET CROW||571||571||1||1||0.0017513134851138354||0.0017513134851138354
台湾||571||571||10||10||0.017513134851138354||0.017513134851138354
あいのり||571||571||10||10||0.017513134851138354||0.017513134851138354
後藤真希||571||571||7||7||0.012259194395796848||0.012259194395796848
木村拓哉||570||570||4||4||0.007017543859649123||0.007017543859649123
GUILTY GEARの登場人物||570||570||0||0||0.0||0.0
東北大学||570||570||1||1||0.0017543859649122807||0.0017543859649122807
盛岡市||570||570||0||0||0.0||0.0
東京急行電鉄||569||569||3||3||0.005272407732864675||0.005272407732864675
ツンデレ||569||569||3||3||0.005272407732864675||0.005272407732864675
鉄道ファン||569||569||3||3||0.005272407732864675||0.005272407732864675
武蔵野線||569||569||3||3||0.005272407732864675||0.005272407732864675
スペーシア||567||567||4||4||0.007054673721340388||0.007054673721340388
ケーブルテレビ局の一覧||567||567||0||0||0.0||0.0
ウルトラセブン||567||567||1||1||0.001763668430335097||0.001763668430335097
のだめカンタービレ (テレビドラマ)||566||566||0||0||0.0||0.0
ゼノギアス||565||565||0||0||0.0||0.0
新聞||564||564||1||1||0.0017730496453900709||0.0017730496453900709
三菱自動車工業||564||564||2||2||0.0035460992907801418||0.0035460992907801418
クイズタイムショック||564||564||1||1||0.0017730496453900709||0.0017730496453900709
FNNスピーク||564||564||1||1||0.0017730496453900709||0.0017730496453900709
日本の男優一覧||564||564||0||0||0.0||0.0
封印作品||564||564||0||0||0.0||0.0
ハロー!モーニング。||564||564||1||1||0.0017730496453900709||0.0017730496453900709
神奈川県出身の人物一覧||564||564||0||0||0.0||0.0
架空の惑星一覧||563||563||2||2||0.003552397868561279||0.003552397868561279
JR西日本223系電車||563||563||1||1||0.0017761989342806395||0.0017761989342806395
日本の鉄道駅一覧 あ||563||563||1||1||0.0017761989342806395||0.0017761989342806395
福井放送||563||563||0||0||0.0||0.0
近鉄特急||563||563||1||1||0.0017761989342806395||0.0017761989342806395
ビートたけし||562||562||0||0||0.0||0.0
浪川大輔||562||562||1||1||0.0017793594306049821||0.0017793594306049821
マイ☆ボス マイ☆ヒーロー||562||562||1||1||0.0017793594306049821||0.0017793594306049821
デュエル・マスターズ||562||562||0||0||0.0||0.0
静岡県||561||561||5||5||0.008912655971479501||0.008912655971479501
夜な夜なニュースいぢり X-Radio バツラジ||561||561||0||0||0.0||0.0
IPod||560||560||0||0||0.0||0.0
志村けん||560||560||1||1||0.0017857142857142857||0.0017857142857142857
元祖!でぶや||559||559||0||0||0.0||0.0
福岡県立修猷館高等学校||559||559||0||0||0.0||0.0
横山裕||558||558||0||0||0.0||0.0
ボボボーボ・ボーボボの登場人物一覧||558||558||1||1||0.0017921146953405018||0.0017921146953405018
ルノー||557||557||1||1||0.0017953321364452424||0.0017953321364452424
船橋市||557||557||2||2||0.003590664272890485||0.003590664272890485
中華人民共和国||556||556||6||6||0.01079136690647482||0.01079136690647482
ミュージックステーションスーパーライブ||556||556||0||0||0.0||0.0
中島みゆき||556||556||2||2||0.0035971223021582736||0.0035971223021582736
美少女戦士セーラームーン||555||555||4||4||0.007207207207207207||0.007207207207207207
伊集院光 深夜の馬鹿力||554||554||0||0||0.0||0.0
埼玉県||554||554||1||1||0.0018050541516245488||0.0018050541516245488
キリスト教用語一覧||553||553||0||0||0.0||0.0
新快速||553||553||18||18||0.0325497287522604||0.0325497287522604
広島市||553||553||0||0||0.0||0.0
千葉県||552||552||7||7||0.012681159420289856||0.012681159420289856
真・三國無双シリーズ||552||552||1||1||0.0018115942028985507||0.0018115942028985507
高松市||551||551||1||1||0.0018148820326678765||0.0018148820326678765
成田国際空港||551||551||3||3||0.0054446460980036296||0.0054446460980036296
京都大学||550||550||1||1||0.0018181818181818182||0.0018181818181818182
エフエム山口||550||550||1||1||0.0018181818181818182||0.0018181818181818182
2003年||549||549||0||0||0.0||0.0
東條英機||549||549||3||3||0.00546448087431694||0.00546448087431694
TOKIO||549||549||2||2||0.0036429872495446266||0.0036429872495446266
テレビ宮崎||549||549||3||3||0.00546448087431694||0.00546448087431694
緑川光||548||548||0||0||0.0||0.0
連続テレビ小説||547||547||0||0||0.0||0.0
埼京線||547||547||1||1||0.0018281535648994515||0.0018281535648994515
新選組!||546||546||1||1||0.0018315018315018315||0.0018315018315018315
ワンナイR&R||546||546||0||0||0.0||0.0
JNNニュースの森||545||545||3||3||0.005504587155963303||0.005504587155963303
グラップラー刃牙||545||545||2||2||0.003669724770642202||0.003669724770642202
天上天下||545||545||10||10||0.01834862385321101||0.01834862385321101
優香||544||544||2||2||0.003676470588235294||0.003676470588235294
トリック (テレビドラマ)||544||544||3||3||0.0055147058823529415||0.0055147058823529415
四国放送||544||544||1||1||0.001838235294117647||0.001838235294117647
三重県||544||544||2||2||0.003676470588235294||0.003676470588235294
プロレス||543||543||0||0||0.0||0.0
広島電鉄||542||542||0||0||0.0||0.0
GANTZ||542||542||2||2||0.0036900369003690036||0.0036900369003690036
関智一||542||542||1||1||0.0018450184501845018||0.0018450184501845018
小林よしのり||541||541||1||1||0.0018484288354898336||0.0018484288354898336
北海道テレビ放送||541||541||0||0||0.0||0.0
山梨放送||540||540||0||0||0.0||0.0
プロ野球再編問題 (2004年)||540||540||8||8||0.014814814814814815||0.014814814814814815
うえきの法則||540||540||2||2||0.003703703703703704||0.003703703703703704
名古屋弁||540||540||0||0||0.0||0.0
魔法騎士レイアース||539||539||0||0||0.0||0.0
国鉄205系電車||539||539||6||6||0.011131725417439703||0.011131725417439703
やじうまプラス||538||538||0||0||0.0||0.0
イギリス||538||538||6||6||0.011152416356877323||0.011152416356877323
マリオ (ゲームキャラクター)||538||538||0||0||0.0||0.0
日本国憲法||537||537||5||5||0.00931098696461825||0.00931098696461825
大阪市||537||537||0||0||0.0||0.0
ファイナルファンタジーVII||537||537||6||6||0.0111731843575419||0.0111731843575419
ダム||536||536||2||2||0.0037313432835820895||0.0037313432835820895
鹿児島県出身の人物一覧||536||536||0||0||0.0||0.0
2006年のスポーツ||536||536||2||2||0.0037313432835820895||0.0037313432835820895
大阪近鉄バファローズ||535||535||0||0||0.0||0.0
ひみつ道具||535||535||1||1||0.001869158878504673||0.001869158878504673
ぐるぐるナインティナイン||535||535||1||1||0.001869158878504673||0.001869158878504673
ウルトラマンマックス||535||535||2||2||0.003738317757009346||0.003738317757009346
ロックマンシリーズ||535||535||0||0||0.0||0.0
新婚さんいらっしゃい!||534||534||0||0||0.0||0.0
沢田研二||534||534||0||0||0.0||0.0
ゲゲゲの鬼太郎||534||534||0||0||0.0||0.0
イスラエル||533||533||4||4||0.0075046904315197||0.0075046904315197
プロレスリング・ノア||533||533||2||2||0.00375234521575985||0.00375234521575985
幽☆遊☆白書||532||532||1||1||0.0018796992481203006||0.0018796992481203006
ウルトラマンネクサス||531||531||0||0||0.0||0.0
テイルズ オブ レジェンディア||531||531||4||4||0.007532956685499058||0.007532956685499058
名探偵コナン||531||531||6||6||0.011299435028248588||0.011299435028248588
パナソニック||531||531||0||0||0.0||0.0
小田原駅||530||530||1||1||0.0018867924528301887||0.0018867924528301887
サルヂエ||529||529||4||4||0.007561436672967864||0.007561436672967864
DRAGON QUEST -ダイの大冒険-||529||529||1||1||0.001890359168241966||0.001890359168241966
日本の廃止市町村一覧||529||529||0||0||0.0||0.0
のだめカンタービレ||528||528||1||1||0.001893939393939394||0.001893939393939394
池袋駅||528||528||1||1||0.001893939393939394||0.001893939393939394
『ぷっ』すま||527||527||0||0||0.0||0.0
フェミニズム||527||527||4||4||0.007590132827324478||0.007590132827324478
中京テレビ放送||527||527||0||0||0.0||0.0
スーパーモーニング||527||527||0||0||0.0||0.0
古畑任三郎の登場人物||527||527||2||2||0.003795066413662239||0.003795066413662239
陰陽大戦記||526||526||3||3||0.005703422053231939||0.005703422053231939
京都大学の人物一覧||526||526||0||0||0.0||0.0
サクラ大戦シリーズ||526||526||1||1||0.0019011406844106464||0.0019011406844106464
大宮駅 (埼玉県)||525||525||0||0||0.0||0.0
Google||525||525||13||13||0.024761904761904763||0.024761904761904763
青森県||525||525||4||4||0.007619047619047619||0.007619047619047619
ラジオ関西||524||524||0||0||0.0||0.0
日本お笑い史||524||524||0||0||0.0||0.0
置鮎龍太郎||524||524||1||1||0.0019083969465648854||0.0019083969465648854
千葉県出身の人物一覧||524||524||0||0||0.0||0.0
廃駅||524||524||0||0||0.0||0.0
石川梨華||524||524||4||4||0.007633587786259542||0.007633587786259542
若者言葉||524||524||2||2||0.003816793893129771||0.003816793893129771
RKB毎日放送||523||523||1||1||0.0019120458891013384||0.0019120458891013384
讀賣テレビ放送||523||523||1||1||0.0019120458891013384||0.0019120458891013384
西日本放送||523||523||1||1||0.0019120458891013384||0.0019120458891013384
日本酒の銘柄一覧||523||523||0||0||0.0||0.0
長澤まさみ||523||523||3||3||0.0057361376673040155||0.0057361376673040155
宝塚歌劇団||522||522||0||0||0.0||0.0
香取慎吾||522||522||3||3||0.005747126436781609||0.005747126436781609
相撲||521||521||2||2||0.003838771593090211||0.003838771593090211
英語||521||521||6||6||0.011516314779270634||0.011516314779270634
ビーイング||521||521||0||0||0.0||0.0
BLOOD+||520||520||1||1||0.0019230769230769232||0.0019230769230769232
森喜朗||520||520||4||4||0.007692307692307693||0.007692307692307693
桃花台ニュータウン||519||519||0||0||0.0||0.0
オウム真理教||519||519||6||6||0.011560693641618497||0.011560693641618497
瀬戸内海放送||518||518||1||1||0.0019305019305019305||0.0019305019305019305
ジーコ||518||518||0||0||0.0||0.0
結界師||518||518||1||1||0.0019305019305019305||0.0019305019305019305
青山学院大学||518||518||4||4||0.007722007722007722||0.007722007722007722
烈火の炎||517||517||5||5||0.009671179883945842||0.009671179883945842
テロリズム||517||517||5||5||0.009671179883945842||0.009671179883945842
麻生太郎||517||517||15||15||0.029013539651837523||0.029013539651837523
日本の歴史||516||516||5||5||0.009689922480620155||0.009689922480620155
銀河英雄伝説の登場人物||516||516||0||0||0.0||0.0
MSX||515||515||1||1||0.001941747572815534||0.001941747572815534
ジャパン・ラジオ・ネットワーク||515||515||0||0||0.0||0.0
SDガンダムフォース||515||515||0||0||0.0||0.0
阪神電気鉄道||514||514||1||1||0.0019455252918287938||0.0019455252918287938
功名が辻 (NHK大河ドラマ)||514||514||4||4||0.007782101167315175||0.007782101167315175
ザ・キング・オブ・ファイターズの登場人物||514||514||1||1||0.0019455252918287938||0.0019455252918287938
三重テレビ放送||514||514||0||0||0.0||0.0
犬夜叉||514||514||1||1||0.0019455252918287938||0.0019455252918287938
福知山線||513||513||4||4||0.007797270955165692||0.007797270955165692
2006 FIFAワールドカップ||513||513||6||6||0.011695906432748537||0.011695906432748537
中央大学||512||512||4||4||0.0078125||0.0078125
京都市||511||511||3||3||0.005870841487279843||0.005870841487279843
マツダ||511||511||1||1||0.0019569471624266144||0.0019569471624266144
佐賀県||510||510||15||15||0.029411764705882353||0.029411764705882353
大学一覧||510||510||0||0||0.0||0.0
ジャパン・ニュース・ネットワーク||510||510||0||0||0.0||0.0
大河ドラマ||510||510||1||1||0.00196078431372549||0.00196078431372549
朴ロ美||510||510||1||1||0.00196078431372549||0.00196078431372549
和泉市||510||510||0||0||0.0||0.0
知ってる?24時。||510||510||1||1||0.00196078431372549||0.00196078431372549
篠原ともえ||510||510||0||0||0.0||0.0
広島県||509||509||0||0||0.0||0.0
和製英語||509||509||5||5||0.009823182711198428||0.009823182711198428
北千住駅||509||509||2||2||0.003929273084479371||0.003929273084479371
嵐 (グループ)||509||509||1||1||0.0019646365422396855||0.0019646365422396855
インド||508||508||2||2||0.003937007874015748||0.003937007874015748
必殺シリーズ||508||508||0||0||0.0||0.0
井川慶||508||508||0||0||0.0||0.0
静岡放送||508||508||0||0||0.0||0.0
コサキンDEワァオ!||508||508||0||0||0.0||0.0
BLACK CAT||508||508||7||7||0.013779527559055118||0.013779527559055118
東北新幹線||508||508||3||3||0.005905511811023622||0.005905511811023622
豊臣秀吉||508||508||6||6||0.011811023622047244||0.011811023622047244
全国ラジオネットワーク||507||507||1||1||0.0019723865877712033||0.0019723865877712033
土曜ワイド劇場||507||507||0||0||0.0||0.0
吉本新喜劇||507||507||0||0||0.0||0.0
大阪府||507||507||2||2||0.0039447731755424065||0.0039447731755424065
トヨタ・クラウン||507||507||0||0||0.0||0.0
阪神甲子園球場||507||507||4||4||0.007889546351084813||0.007889546351084813
行列のできる法律相談所||506||506||3||3||0.005928853754940711||0.005928853754940711
午後は○○おもいッきりテレビ||506||506||0||0||0.0||0.0
仲間由紀恵||506||506||1||1||0.001976284584980237||0.001976284584980237
キリスト教||505||505||2||2||0.0039603960396039604||0.0039603960396039604
ウルトラシリーズ||505||505||6||6||0.011881188118811881||0.011881188118811881
ファイナルファンタジーV||505||505||1||1||0.0019801980198019802||0.0019801980198019802
家庭教師ヒットマンREBORN!/log20100415||505||505||1||1||0.0019801980198019802||0.0019801980198019802
フジテレビ月曜9時枠の連続ドラマ||504||504||0||0||0.0||0.0
新世紀エヴァンゲリオンの登場人物||504||504||3||3||0.005952380952380952||0.005952380952380952
兵庫県||503||503||1||1||0.0019880715705765406||0.0019880715705765406
パラグライダー||503||503||3||3||0.005964214711729622||0.005964214711729622
日本選手権シリーズ||503||503||0||0||0.0||0.0
日本の地方公共団体一覧||503||503||2||2||0.003976143141153081||0.003976143141153081
JR東日本209系電車||503||503||8||8||0.015904572564612324||0.015904572564612324
水樹奈々||503||503||17||17||0.033797216699801194||0.033797216699801194
自動車の車種名一覧||503||503||0||0||0.0||0.0
駒澤大学||503||503||4||4||0.007952286282306162||0.007952286282306162
昭和天皇||503||503||5||5||0.009940357852882704||0.009940357852882704
日本の高校野球||503||503||3||3||0.005964214711729622||0.005964214711729622
劇場版 仮面ライダーカブト GOD SPEED LOVE||502||502||5||5||0.0099601593625498||0.0099601593625498
出ましたっ!パワパフガールズZ||502||502||1||1||0.00199203187250996||0.00199203187250996
ウルトラセブンの登場怪獣||501||501||2||2||0.003992015968063872||0.003992015968063872
テレビ東京番組一覧||501||501||0||0||0.0||0.0
竹島 (島根県)||501||501||13||13||0.02594810379241517||0.02594810379241517
下関市||500||500||1||1||0.002||0.002
テレビ北海道||500||500||1||1||0.002||0.002
ACジャパン||500||500||5||5||0.01||0.01
ファミリーコンピュータのゲームタイトル一覧||500||500||1||1||0.002||0.002
埼玉県出身の人物一覧||500||500||2||2||0.004||0.004
東京メトロ東西線||499||499||0||0||0.0||0.0
コミュニティバス||499||499||3||3||0.006012024048096192||0.006012024048096192
岸尾だいすけ||499||499||0||0||0.0||0.0
遊☆戯☆王デュエルモンスターズ||499||499||1||1||0.002004008016032064||0.002004008016032064
渡邉恒雄||499||499||1||1||0.002004008016032064||0.002004008016032064
松田聖子||498||498||3||3||0.006024096385542169||0.006024096385542169
爆笑問題||498||498||0||0||0.0||0.0
新選組||497||497||1||1||0.002012072434607646||0.002012072434607646
長岡市||497||497||0||0||0.0||0.0
阪急電鉄||496||496||2||2||0.004032258064516129||0.004032258064516129
オールニッポン・ニュースネットワーク||496||496||0||0||0.0||0.0
朝鮮の歴史||496||496||8||8||0.016129032258064516||0.016129032258064516
中田英寿||496||496||3||3||0.006048387096774193||0.006048387096774193
スピッツ (バンド)||496||496||2||2||0.004032258064516129||0.004032258064516129
コロッケ!||496||496||0||0||0.0||0.0
夜明け前より瑠璃色な||496||496||1||1||0.0020161290322580645||0.0020161290322580645
高崎線||495||495||2||2||0.00404040404040404||0.00404040404040404
仙台駅||495||495||0||0||0.0||0.0
青森県出身の人物一覧||495||495||0||0||0.0||0.0
陸上自衛隊の装備品一覧||494||494||2||2||0.004048582995951417||0.004048582995951417
ズームイン!!朝!||494||494||0||0||0.0||0.0
美味しんぼ||494||494||6||6||0.012145748987854251||0.012145748987854251
アイシールド21の登場人物||493||493||1||1||0.002028397565922921||0.002028397565922921
零式艦上戦闘機||493||493||3||3||0.006085192697768763||0.006085192697768763
コミックマーケット||492||492||2||2||0.0040650406504065045||0.0040650406504065045
浅野真澄||492||492||1||1||0.0020325203252032522||0.0020325203252032522
日本の鉄道駅一覧 や-わ行||492||492||0||0||0.0||0.0
SDガンダムフルカラー劇場||492||492||0||0||0.0||0.0
死刑存廃問題||491||491||10||10||0.020366598778004074||0.020366598778004074
FCバルセロナ||491||491||2||2||0.004073319755600814||0.004073319755600814
地下鉄||491||491||4||4||0.008146639511201629||0.008146639511201629
ファイブスター物語||491||491||1||1||0.002036659877800407||0.002036659877800407
所ジョージ||491||491||1||1||0.002036659877800407||0.002036659877800407
シンエイ動画||490||490||0||0||0.0||0.0
宮城県出身の人物一覧||490||490||1||1||0.0020408163265306124||0.0020408163265306124
成田市||489||489||0||0||0.0||0.0
同志社大学||489||489||2||2||0.00408997955010225||0.00408997955010225
戦国自衛隊||489||489||2||2||0.00408997955010225||0.00408997955010225
ボーイング747||489||489||0||0||0.0||0.0
ウルトラマンレオ||488||488||2||2||0.004098360655737705||0.004098360655737705
大塚明夫||488||488||1||1||0.0020491803278688526||0.0020491803278688526
手越祐也||488||488||2||2||0.004098360655737705||0.004098360655737705
絶対可憐チルドレン||488||488||2||2||0.004098360655737705||0.004098360655737705
松山市||487||487||3||3||0.006160164271047228||0.006160164271047228
鈴村健一||487||487||1||1||0.002053388090349076||0.002053388090349076
マリオカートシリーズ||487||487||0||0||0.0||0.0
はなまるマーケット||487||487||1||1||0.002053388090349076||0.002053388090349076
山口県||486||486||2||2||0.00411522633744856||0.00411522633744856
韓流||486||486||8||8||0.01646090534979424||0.01646090534979424
志摩市||486||486||1||1||0.00205761316872428||0.00205761316872428
MOTHERシリーズ||486||486||4||4||0.00823045267489712||0.00823045267489712
靖国神社問題||485||485||3||3||0.006185567010309278||0.006185567010309278
堂本光一||485||485||1||1||0.002061855670103093||0.002061855670103093
新しい歴史教科書をつくる会||485||485||12||12||0.024742268041237112||0.024742268041237112
坂本龍一||484||484||1||1||0.002066115702479339||0.002066115702479339
西船橋駅||484||484||0||0||0.0||0.0
源義経||484||484||2||2||0.004132231404958678||0.004132231404958678
金沢市||484||484||1||1||0.002066115702479339||0.002066115702479339
陣内智則||484||484||0||0||0.0||0.0
ジェンダーフリー||484||484||0||0||0.0||0.0
上田竜也||484||484||1||1||0.002066115702479339||0.002066115702479339
小説家一覧||483||483||1||1||0.002070393374741201||0.002070393374741201
アメリカンフットボール||483||483||0||0||0.0||0.0
ローゼンメイデンの登場人物一覧||483||483||8||8||0.016563146997929608||0.016563146997929608
天才てれびくんMAX||483||483||1||1||0.002070393374741201||0.002070393374741201
エイベックス・グループ||483||483||3||3||0.006211180124223602||0.006211180124223602
ドラゴンクエストIII そして伝説へ…||482||482||0||0||0.0||0.0
国鉄485系電車||482||482||1||1||0.002074688796680498||0.002074688796680498
川澄綾子||482||482||3||3||0.006224066390041493||0.006224066390041493
道州制||482||482||0||0||0.0||0.0
現代音楽||481||481||0||0||0.0||0.0
デスティニーガンダム||481||481||0||0||0.0||0.0
フルメタル・パニック!||480||480||1||1||0.0020833333333333333||0.0020833333333333333
日本の資格に関する一覧の一覧||480||480||0||0||0.0||0.0
NANA||480||480||4||4||0.008333333333333333||0.008333333333333333
ワールド・ベースボール・クラシック||480||480||2||2||0.004166666666666667||0.004166666666666667
野ブタ。をプロデュース||480||480||2||2||0.004166666666666667||0.004166666666666667
スクールランブル||480||480||0||0||0.0||0.0
ウルトラマンメビウスの登場怪獣||480||480||0||0||0.0||0.0
相模鉄道||480||480||0||0||0.0||0.0
ああっ女神さまっ||479||479||1||1||0.0020876826722338203||0.0020876826722338203
廃線||479||479||0||0||0.0||0.0
波田陽区||479||479||2||2||0.0041753653444676405||0.0041753653444676405
群馬県出身の人物一覧||479||479||0||0||0.0||0.0
FNS26時間テレビ (2006年)||479||479||1||1||0.0020876826722338203||0.0020876826722338203
アンパンマン||479||479||2||2||0.0041753653444676405||0.0041753653444676405
日本の女優一覧||478||478||1||1||0.0020920502092050207||0.0020920502092050207
友利花||478||478||11||11||0.02301255230125523||0.02301255230125523
浅田真央||478||478||7||7||0.014644351464435146||0.014644351464435146
岡崎市||477||477||1||1||0.0020964360587002098||0.0020964360587002098
日本の郷土料理||477||477||0||0||0.0||0.0
紺野あさ美||477||477||7||7||0.014675052410901468||0.014675052410901468
武豊||477||477||0||0||0.0||0.0
拳銃||476||476||0||0||0.0||0.0
電車でGO!||475||475||1||1||0.002105263157894737||0.002105263157894737
日本の鉄道駅一覧 な||475||475||0||0||0.0||0.0
サザエさんの登場人物||475||475||4||4||0.008421052631578947||0.008421052631578947
国士舘大学||475||475||0||0||0.0||0.0
ZARD||475||475||2||2||0.004210526315789474||0.004210526315789474
北海道大学||474||474||3||3||0.006329113924050633||0.006329113924050633
鈴置洋孝||474||474||4||4||0.008438818565400843||0.008438818565400843
NHK総合テレビ番組一覧||474||474||1||1||0.002109704641350211||0.002109704641350211
なるトモ!||474||474||1||1||0.002109704641350211||0.002109704641350211
機動戦士ガンダムSEED DESTINY||474||474||1||1||0.002109704641350211||0.002109704641350211
琉球放送||473||473||2||2||0.004228329809725159||0.004228329809725159
アニメソング||473||473||2||2||0.004228329809725159||0.004228329809725159
24 -TWENTY FOUR-||472||472||2||2||0.00423728813559322||0.00423728813559322
将棋||471||471||9||9||0.01910828025477707||0.01910828025477707
吹田市||471||471||0||0||0.0||0.0
ブルマー||471||471||3||3||0.006369426751592357||0.006369426751592357
国際基督教大学||471||471||1||1||0.0021231422505307855||0.0021231422505307855
松本潤||471||471||0||0||0.0||0.0
鳥人戦隊ジェットマン||470||470||1||1||0.002127659574468085||0.002127659574468085
西日本鉄道||470||470||3||3||0.006382978723404255||0.006382978723404255
東海ラジオ放送||470||470||0||0||0.0||0.0
神慈秀明会||470||470||0||0||0.0||0.0
全国高校野球選手権大会中継||470||470||0||0||0.0||0.0
読売ジャイアンツの選手一覧||470||470||0||0||0.0||0.0
美味しんぼの登場人物||470||470||0||0||0.0||0.0
太平洋戦争||470||470||3||3||0.006382978723404255||0.006382978723404255
K-1||469||469||0||0||0.0||0.0
トヨタ・カローラ||469||469||0||0||0.0||0.0
新潟県||468||468||0||0||0.0||0.0
スーパーマリオブラザーズ||468||468||10||10||0.021367521367521368||0.021367521367521368
井上和彦 (声優)||468||468||1||1||0.002136752136752137||0.002136752136752137
東武8000系電車||468||468||0||0||0.0||0.0
十二国記||468||468||1||1||0.002136752136752137||0.002136752136752137
日本のナンバープレート||468||468||1||1||0.002136752136752137||0.002136752136752137
サザエさん (テレビアニメ)||468||468||5||5||0.010683760683760684||0.010683760683760684
中森明菜||468||468||0||0||0.0||0.0
キングコング (お笑いコンビ)||467||467||2||2||0.004282655246252677||0.004282655246252677
日本航空 (持株会社)||467||467||3||3||0.006423982869379015||0.006423982869379015
上野駅||466||466||6||6||0.012875536480686695||0.012875536480686695
モナー||466||466||8||8||0.017167381974248927||0.017167381974248927
東京国際空港||466||466||0||0||0.0||0.0
JR東海313系電車||465||465||14||14||0.030107526881720432||0.030107526881720432
明治大学の人物一覧||465||465||3||3||0.0064516129032258064||0.0064516129032258064
日本の鉄道駅一覧 か||464||464||0||0||0.0||0.0
仮面ライダーアギト||463||463||0||0||0.0||0.0
ばんばひろふみ!ラジオ・DE・しょー!||463||463||0||0||0.0||0.0
ナポレオン・ボナパルト||462||462||2||2||0.004329004329004329||0.004329004329004329
堀内恒夫||462||462||0||0||0.0||0.0
球種 (野球)||462||462||1||1||0.0021645021645021645||0.0021645021645021645
名鉄特急||462||462||1||1||0.0021645021645021645||0.0021645021645021645

