
Page||Recent Revisions||Total Revisions||Recent Reverts||Total Reverts||Recent Contention||Total Contention
海賊戦隊ゴーカイジャー/log20120602||5041||5041||169||169||0.03352509422733584||0.03352509422733584
ONE PIECEの登場人物一覧/log||5010||5010||25||25||0.00499001996007984||0.00499001996007984
AKB48/log20110116||4789||4789||199||199||0.04155356024222176||0.04155356024222176
イナズマイレブンの登場人物/history20150222||4752||4752||60||60||0.012626262626262626||0.012626262626262626
新日本プロレス/history20160321||4658||4658||32||32||0.006869901245169601||0.006869901245169601
青森放送/history20180113||4647||4647||10||10||0.002151925973746503||0.002151925973746503
ゲームセンターCX/history20160321||4614||4614||28||28||0.006068487212830516||0.006068487212830516
スーパー戦隊シリーズ/history20160321||4591||4591||77||77||0.016771945109997823||0.016771945109997823
AKB48/history20160321||4587||4587||468||468||0.10202746893394375||0.10202746893394375
相棒/history20150820||4577||4577||186||186||0.04063797247105091||0.04063797247105091
仮面ライダーディケイド/log20091223||4546||4546||174||174||0.03827540695116586||0.03827540695116586
24時間テレビ 「愛は地球を救う」/history20160321||4527||4527||115||115||0.025403136735144688||0.025403136735144688
アニメ版ポケットモンスターの登場人物/history20160321||4513||4513||59||59||0.013073343673831155||0.013073343673831155
SASUKE/history20180113||4498||4498||43||43||0.009559804357492218||0.009559804357492218
仮面ライダーフォーゼ||4488||4488||94||94||0.02094474153297683||0.02094474153297683
仮面ライダー電王/log20080331||4485||4485||26||26||0.005797101449275362||0.005797101449275362
名探偵コナンの登場人物/history20180113||4465||4465||127||127||0.028443449048152297||0.028443449048152297
トリコ||4337||4337||109||109||0.02513258012451003||0.02513258012451003
海賊 (ONE PIECE)/history20180113||4257||4257||260||260||0.0610758750293634||0.0610758750293634
ちちんぷいぷい (テレビ番組)/history20180113||4255||4255||41||41||0.00963572267920094||0.00963572267920094
3年B組金八先生)/history20180113||4205||4205||73||73||0.017360285374554103||0.017360285374554103
森田一義アワー 笑っていいとも!/log20130117||4178||4178||46||46||0.011010052656773576||0.011010052656773576
モーニング娘。||4176||4176||141||141||0.033764367816091954||0.033764367816091954
BLEACHの登場人物||4172||4172||56||56||0.013422818791946308||0.013422818791946308
けいおん!/log20120612||4172||4172||309||309||0.07406519654841802||0.07406519654841802
情報ライブ ミヤネ屋||4156||4156||55||55||0.013233878729547642||0.013233878729547642
オールスター感謝祭/history20190417||4144||4144||117||117||0.028233590733590733||0.028233590733590733
SMAP||4136||4136||154||154||0.03723404255319149||0.03723404255319149
めざましテレビ/history20190417||4116||4116||56||56||0.013605442176870748||0.013605442176870748
Yes!プリキュア5||4103||4103||90||90||0.021935169388252497||0.021935169388252497
フジテレビジョン||4090||4090||61||61||0.01491442542787286||0.01491442542787286
舞-乙HiME/log20120619||4089||4089||2||2||4.891171435558817E-4||4.891171435558817E-4
読売ジャイアンツ||4070||4070||64||64||0.015724815724815724||0.015724815724815724
銀魂 (アニメ)||4056||4056||15||15||0.0036982248520710057||0.0036982248520710057
相棒の登場人物/history20190113||4046||4046||97||97||0.02397429560059318||0.02397429560059318
ZIP!/history20181110||4034||4034||70||70||0.017352503718393655||0.017352503718393655
ONE PIECEの登場人物一覧||4023||4023||262||262||0.06512552821277653||0.06512552821277653
阪神タイガース||4021||4021||110||110||0.02735637901019647||0.02735637901019647
仮面ライダー鎧武/ガイム||4013||4013||117||117||0.029155245452280088||0.029155245452280088
銀魂の登場人物一覧||4005||4005||59||59||0.014731585518102372||0.014731585518102372
銀魂/log20081129||4001||4001||15||15||0.003749062734316421||0.003749062734316421
石原慎太郎||3970||3970||127||127||0.03198992443324937||0.03198992443324937
ドラゴンボールの登場人物||3918||3918||87||87||0.0222052067381317||0.0222052067381317
仮面ライダーシリーズ||3905||3905||114||114||0.029193341869398207||0.029193341869398207
テレビ東京||3905||3905||41||41||0.010499359795134442||0.010499359795134442
笑点/log20110201||3890||3890||19||19||0.004884318766066838||0.004884318766066838
福山潤||3885||3885||139||139||0.03577863577863578||0.03577863577863578
BLEACH/log20080419||3877||3877||20||20||0.005158627805003869||0.005158627805003869
パワーパフガールズ||3860||3860||47||47||0.012176165803108808||0.012176165803108808
2015年のテレビ (日本)||3858||3858||23||23||0.0059616381544841885||0.0059616381544841885
仮面ライダーW/log20110201||3843||3843||77||77||0.020036429872495445||0.020036429872495445
パネルクイズ アタック25||3829||3829||74||74||0.01932619482893706||0.01932619482893706
ジャニーズJr.||3823||3823||94||94||0.024588019879675647||0.024588019879675647
小沢一郎||3810||3810||144||144||0.03779527559055118||0.03779527559055118
中部国際空港||3808||3808||50||50||0.013130252100840336||0.013130252100840336
NARUTO -ナルト-の登場人物/log20120612||3800||3800||87||87||0.022894736842105263||0.022894736842105263
アンパンマンの登場人物一覧/log20120613||3798||3798||69||69||0.018167456556082148||0.018167456556082148
ウルトラマンメビウス/log20100825||3792||3792||39||39||0.010284810126582278||0.010284810126582278
ミュージックステーション/log20120615||3784||3784||15||15||0.003964059196617336||0.003964059196617336
EXILE/log 20120611||3778||3778||54||54||0.014293276866066702||0.014293276866066702
奥州市||3777||3777||11||11||0.0029123643102991793||0.0029123643102991793
VS嵐||3771||3771||54||54||0.014319809069212411||0.014319809069212411
太鼓の達人||3761||3761||76||76||0.020207391651156606||0.020207391651156606
国鉄485系電車||3758||3758||50||50||0.013304949441192123||0.013304949441192123
黒子のバスケ||3754||3754||84||84||0.022376132125732553||0.022376132125732553
ナインティナインのオールナイトニッポン||3753||3753||26||26||0.006927791100452971||0.006927791100452971
銀魂の登場人物一覧/log20080904||3752||3752||3||3||7.995735607675906E-4||7.995735607675906E-4
新世紀エヴァンゲリオン||3748||3748||89||89||0.023745997865528282||0.023745997865528282
テレビ神奈川||3736||3736||21||21||0.005620985010706638||0.005620985010706638
モンスターハンターのモンスター一覧||3731||3731||47||47||0.012597158938622354||0.012597158938622354
WWEに所属する人物一覧||3720||3720||9||9||0.0024193548387096775||0.0024193548387096775
第二次世界大戦/log20120619||3712||3712||37||37||0.009967672413793104||0.009967672413793104
SKE48||3711||3711||181||181||0.048773915386688224||0.048773915386688224
機動戦士ガンダム00||3702||3702||81||81||0.02188006482982172||0.02188006482982172
広島県出身の人物一覧||3698||3698||4||4||0.001081665765278529||0.001081665765278529
ONE PIECE/log||3694||3694||29||29||0.00785056848944234||0.00785056848944234
獣電戦隊キョウリュウジャー||3689||3689||113||113||0.030631607481702357||0.030631607481702357
大喜利 (笑点)||3679||3679||123||123||0.03343299809730905||0.03343299809730905
明治大学||3669||3669||63||63||0.017170891251022075||0.017170891251022075
早稲田大学の人物一覧||3669||3669||25||25||0.00681384573453257||0.00681384573453257
水樹奈々||3666||3666||166||166||0.045280960174577195||0.045280960174577195
成田国際空港||3653||3653||53||53||0.014508623049548317||0.014508623049548317
明石家さんま||3652||3652||71||71||0.019441401971522453||0.019441401971522453
そこまで言って委員会NP||3652||3652||54||54||0.014786418400876232||0.014786418400876232
めちゃ×2イケてるッ!||3650||3650||80||80||0.021917808219178082||0.021917808219178082
クイズ!ヘキサゴンII/log20090401||3650||3650||31||31||0.008493150684931507||0.008493150684931507
トヨタ自動車||3640||3640||113||113||0.031043956043956045||0.031043956043956045
日本航空123便墜落事故||3634||3634||72||72||0.01981287837094111||0.01981287837094111
愛知県出身の人物一覧||3630||3630||29||29||0.007988980716253443||0.007988980716253443
D.Gray-man||3611||3611||23||23||0.006369426751592357||0.006369426751592357
コードギアス 反逆のルルーシュ/log20080407||3610||3610||21||21||0.005817174515235457||0.005817174515235457
日本/log20090827||3601||3601||74||74||0.02054984726464871||0.02054984726464871
安倍晋三||3596||3596||299||299||0.08314794215795328||0.08314794215795328
アメリカ横断ウルトラクイズ||3593||3593||16||16||0.004453103256331756||0.004453103256331756
家庭教師ヒットマンREBORN!/log20100415||3591||3591||128||128||0.03564466722361459||0.03564466722361459
NARUTO -ナルト-||3589||3589||72||72||0.020061298411813876||0.020061298411813876
北海道日本ハムファイターズ||3586||3586||62||62||0.01728945900725042||0.01728945900725042
テニスの王子様の登場人物/log20120614||3586||3586||11||11||0.003067484662576687||0.003067484662576687
ドラえもん||3574||3574||162||162||0.045327364297705654||0.045327364297705654
サザエさんの登場人物||3555||3555||147||147||0.04135021097046414||0.04135021097046414
プレイステーション3/log20100415||3548||3548||50||50||0.014092446448703494||0.014092446448703494
東京都出身の人物一覧||3547||3547||11||11||0.0031012122920778123||0.0031012122920778123
仮面ライダーオーズ/OOO/log20120616||3547||3547||81||81||0.022836199605300252||0.022836199605300252
関西国際空港||3538||3538||33||33||0.009327303561334087||0.009327303561334087
SAMURAI BASEBALL||3535||3535||26||26||0.007355021216407355||0.007355021216407355
静岡市||3532||3532||38||38||0.010758776896942242||0.010758776896942242
ドラゴンボール||3519||3519||125||125||0.035521454958795114||0.035521454958795114
ネプリーグ/log20091026||3501||3501||10||10||0.0028563267637817767||0.0028563267637817767
クイズダービー||3500||3500||66||66||0.018857142857142857||0.018857142857142857
涼宮ハルヒシリーズ/log20090701||3492||3492||76||76||0.021764032073310423||0.021764032073310423
B'z||3486||3486||130||130||0.037292025243832475||0.037292025243832475
日本プロサッカーリーグ||3484||3484||72||72||0.02066590126291619||0.02066590126291619
エンタの神様/log20091223||3480||3480||28||28||0.008045977011494253||0.008045977011494253
破面||3476||3476||24||24||0.006904487917146145||0.006904487917146145
クレヨンしんちゃん||3473||3473||34||34||0.009789807083213361||0.009789807083213361
天装戦隊ゴセイジャー||3449||3449||77||77||0.022325311684546247||0.022325311684546247
NHK紅白歌合戦||3438||3438||117||117||0.034031413612565446||0.034031413612565446
ケロロ軍曹の登場人物一覧/log20090210||3436||3436||5||5||0.0014551804423748546||0.0014551804423748546
櫻井孝宏||3435||3435||73||73||0.021251819505094614||0.021251819505094614
日本共産党||3431||3431||132||132||0.03847274846983387||0.03847274846983387
平成||3424||3424||61||61||0.017815420560747662||0.017815420560747662
福岡県出身の人物一覧||3423||3423||43||43||0.012562080046742623||0.012562080046742623
TBSテレビ||3400||3400||80||80||0.023529411764705882||0.023529411764705882
二宮和也||3398||3398||154||154||0.04532077692760447||0.04532077692760447
嵐 (グループ)||3391||3391||161||161||0.04747861987614273||0.04747861987614273
福岡ソフトバンクホークス||3386||3386||55||55||0.016243354991139988||0.016243354991139988
DEATH NOTEの登場人物||3382||3382||16||16||0.004730928444707274||0.004730928444707274
M-1グランプリ||3378||3378||27||27||0.007992895204262877||0.007992895204262877
スーパーJチャンネル||3371||3371||88||88||0.026105013349154552||0.026105013349154552
こちら葛飾区亀有公園前派出所||3370||3370||42||42||0.012462908011869436||0.012462908011869436
ハピネスチャージプリキュア!||3370||3370||139||139||0.04124629080118694||0.04124629080118694
鈴村健一||3369||3369||54||54||0.016028495102404273||0.016028495102404273
大韓民国||3369||3369||147||147||0.04363312555654497||0.04363312555654497
日本体育大学||3360||3360||7||7||0.0020833333333333333||0.0020833333333333333
中部日本放送||3355||3355||13||13||0.0038748137108792846||0.0038748137108792846
アニメ+/history20190113||3339||3339||16||16||0.004791853848457622||0.004791853848457622
仙台市||3327||3327||47||47||0.014126840997896002||0.014126840997896002
Axis powers ヘタリア||3322||3322||40||40||0.012040939193257074||0.012040939193257074
UHFアニメ||3315||3315||11||11||0.0033182503770739064||0.0033182503770739064
毎日放送||3306||3306||30||30||0.009074410163339383||0.009074410163339383
ケロロ軍曹||3301||3301||21||21||0.006361708573159649||0.006361708573159649
宇宙戦艦ヤマト2199||3291||3291||24||24||0.007292616226071103||0.007292616226071103
2016年のテレビ (日本)||3291||3291||17||17||0.005165603160133698||0.005165603160133698
龍が如くシリーズの登場人物||3287||3287||28||28||0.008518405841192577||0.008518405841192577
週刊少年ジャンプ||3274||3274||64||64||0.019547953573610263||0.019547953573610263
水戸黄門 (パナソニック ドラマシアター)||3272||3272||13||13||0.003973105134474328||0.003973105134474328
仮面ライダーシリーズ登場怪人一覧||3271||3271||142||142||0.043411800672577196||0.043411800672577196
麻生太郎||3268||3268||125||125||0.03824969400244798||0.03824969400244798
水曜どうでしょう||3248||3248||19||19||0.005849753694581281||0.005849753694581281
ズームイン!!SUPER/log20091228||3247||3247||8||8||0.0024638127502309825||0.0024638127502309825
スーパーベースボール (テレビ朝日系列)||3242||3242||13||13||0.004009870450339297||0.004009870450339297
日本テレビ放送網||3239||3239||29||29||0.008953380673047236||0.008953380673047236
クイズ!ヘキサゴンII||3230||3230||131||131||0.04055727554179567||0.04055727554179567
日本の漫画家一覧||3225||3225||3||3||9.302325581395349E-4||9.302325581395349E-4
浦和レッドダイヤモンズ||3216||3216||51||51||0.01585820895522388||0.01585820895522388
帝京大学||3216||3216||74||74||0.023009950248756218||0.023009950248756218
とある魔術の禁書目録||3210||3210||145||145||0.045171339563862926||0.045171339563862926
グルメチキンレース・ゴチになります!||3204||3204||37||37||0.011548064918851436||0.011548064918851436
千葉ロッテマリーンズ||3197||3197||74||74||0.023146700031279326||0.023146700031279326
東京大学の人物一覧||3197||3197||21||21||0.0065686581169846735||0.0065686581169846735
ジャニーズ事務所||3195||3195||73||73||0.022848200312989047||0.022848200312989047
横浜DeNAベイスターズ||3189||3189||76||76||0.02383192223267482||0.02383192223267482
DEATH NOTE||3185||3185||47||47||0.014756671899529042||0.014756671899529042
創価学会||3181||3181||269||269||0.08456460232631248||0.08456460232631248
マイケル・ジャクソン||3178||3178||97||97||0.03052234109502832||0.03052234109502832
仮面ライダードライブ||3162||3162||133||133||0.04206198608475648||0.04206198608475648
ハロー!プロジェクト||3160||3160||53||53||0.016772151898734176||0.016772151898734176
全日本プロレス||3148||3148||10||10||0.0031766200762388818||0.0031766200762388818
鹿島アントラーズ||3147||3147||54||54||0.017159199237368923||0.017159199237368923
オールナイトニッポン||3143||3143||32||32||0.010181355392936684||0.010181355392936684
Fun!BASEBALL!!||3142||3142||11||11||0.003500954805856143||0.003500954805856143
海軍 (ONE PIECE)||3139||3139||234||234||0.07454603376871616||0.07454603376871616
石田彰||3138||3138||31||31||0.009878903760356916||0.009878903760356916
おかあさんといっしょ||3130||3130||35||35||0.011182108626198083||0.011182108626198083
おはスタ||3127||3127||41||41||0.01311160857051487||0.01311160857051487
逆転裁判||3121||3121||41||41||0.013136815123357898||0.013136815123357898
FAIRY TAILの登場人物||3121||3121||121||121||0.0387696251201538||0.0387696251201538
仮面ライダーカブト||3116||3116||50||50||0.016046213093709884||0.016046213093709884
野球道 (フジテレビ系列)||3115||3115||14||14||0.0044943820224719105||0.0044943820224719105
モヤモヤさまぁ〜ず2||3112||3112||29||29||0.009318766066838046||0.009318766066838046
慶應義塾大学の人物一覧||3107||3107||53||53||0.0170582555519794||0.0170582555519794
日本放送協会||3101||3101||91||91||0.029345372460496615||0.029345372460496615
仮面ライダーウィザード||3098||3098||104||104||0.03357004519044545||0.03357004519044545
ドラえもん (1979年のテレビアニメ)||3087||3087||38||38||0.012309685779073534||0.012309685779073534
3DCGソフトウェア||3082||3082||5||5||0.0016223231667748216||0.0016223231667748216
スマイルプリキュア!||3062||3062||140||140||0.045721750489875895||0.045721750489875895
Hey! Say! JUMP||3054||3054||144||144||0.047151277013752456||0.047151277013752456
森川智之||3053||3053||41||41||0.013429413691451031||0.013429413691451031
手塚治虫||3051||3051||33||33||0.010816125860373648||0.010816125860373648
ケロロ軍曹 (アニメ)||3040||3040||32||32||0.010526315789473684||0.010526315789473684
東京放送ホールディングス||3040||3040||33||33||0.010855263157894738||0.010855263157894738
東京駅||3038||3038||88||88||0.028966425279789335||0.028966425279789335
探偵!ナイトスクープ||3023||3023||30||30||0.00992391663910023||0.00992391663910023
国鉄103系電車||3021||3021||41||41||0.013571665011585568||0.013571665011585568
世界一の一覧||3011||3011||36||36||0.01195616074393889||0.01195616074393889
杉田智和||3007||3007||78||78||0.025939474559361488||0.025939474559361488
クイズ世界はSHOW by ショーバイ!!||3006||3006||17||17||0.005655355954757153||0.005655355954757153
浪川大輔||3006||3006||55||55||0.018296739853626082||0.018296739853626082
ちびまる子ちゃんの登場人物||3005||3005||97||97||0.032279534109816974||0.032279534109816974
宮野真守||2992||2992||56||56||0.01871657754010695||0.01871657754010695
ウルトラマン||2988||2988||68||68||0.022757697456492636||0.022757697456492636
金色のガッシュ!!の登場人物||2984||2984||16||16||0.005361930294906166||0.005361930294906166
織田信長||2982||2982||118||118||0.039570757880617036||0.039570757880617036
とある魔術の禁書目録の登場人物||2978||2978||159||159||0.053391537944929485||0.053391537944929485
沢城みゆき||2977||2977||84||84||0.0282163251595566||0.0282163251595566
2014年のテレビ (日本)||2976||2976||7||7||0.0023521505376344087||0.0023521505376344087
全国高等学校クイズ選手権||2975||2975||70||70||0.023529411764705882||0.023529411764705882
ハヤテのごとく!の登場人物||2975||2975||96||96||0.03226890756302521||0.03226890756302521
獣拳戦隊ゲキレンジャー||2969||2969||39||39||0.013135735938026272||0.013135735938026272
侍戦隊シンケンジャー||2968||2968||63||63||0.02122641509433962||0.02122641509433962
新庄剛志||2966||2966||21||21||0.0070802427511800405||0.0070802427511800405
サザエさん (テレビアニメ)||2965||2965||111||111||0.037436762225969644||0.037436762225969644
AKB48のオールナイトニッポン||2961||2961||144||144||0.0486322188449848||0.0486322188449848
東北楽天ゴールデンイーグルス||2933||2933||70||70||0.02386634844868735||0.02386634844868735
世界平和統一家庭連合||2928||2928||88||88||0.030054644808743168||0.030054644808743168
法政大学の人物一覧||2925||2925||10||10||0.003418803418803419||0.003418803418803419
魔人探偵脳噛ネウロ||2921||2921||10||10||0.003423485107839781||0.003423485107839781
ダウンタウンのガキの使いやあらへんで!||2919||2919||37||37||0.012675573826652964||0.012675573826652964
らき☆すた||2917||2917||32||32||0.010970174837161468||0.010970174837161468
キン肉マンの登場人物||2914||2914||17||17||0.005833905284831846||0.005833905284831846
北海道出身の人物一覧||2909||2909||33||33||0.011344104503265727||0.011344104503265727
錦戸亮||2905||2905||64||64||0.022030981067125647||0.022030981067125647
王貞治||2896||2896||50||50||0.017265193370165747||0.017265193370165747
堀江由衣||2896||2896||47||47||0.0162292817679558||0.0162292817679558
吉本総合芸能学院||2890||2890||22||22||0.007612456747404845||0.007612456747404845
古畑任三郎||2888||2888||22||22||0.007617728531855956||0.007617728531855956
プリキュアシリーズ||2888||2888||136||136||0.04709141274238227||0.04709141274238227
大野智||2883||2883||108||108||0.037460978147762745||0.037460978147762745
ONE PIECE (アニメ)||2881||2881||74||74||0.02568552585907671||0.02568552585907671
ドキドキ!プリキュア||2877||2877||64||64||0.02224539450816823||0.02224539450816823
THE IDOLM@STERの登場人物||2875||2875||111||111||0.03860869565217391||0.03860869565217391
SCHOOL OF LOCK!||2873||2873||22||22||0.007657500870170553||0.007657500870170553
轟轟戦隊ボウケンジャー||2870||2870||34||34||0.011846689895470384||0.011846689895470384
ポルノグラフィティ||2869||2869||53||53||0.018473335657023353||0.018473335657023353
松井秀喜||2866||2866||98||98||0.034193998604326585||0.034193998604326585
Perfume||2866||2866||112||112||0.039078855547801813||0.039078855547801813
スッキリ (テレビ番組)||2858||2858||36||36||0.012596221133659902||0.012596221133659902
広島東洋カープ||2852||2852||79||79||0.02769985974754558||0.02769985974754558
イチロー||2851||2851||135||135||0.047351806383725006||0.047351806383725006
バンプレストオリジナルのキャラクター一覧||2851||2851||5||5||0.00175377060680463||0.00175377060680463
自由民主党 (日本)||2849||2849||89||89||0.03123903123903124||0.03123903123903124
ローゼンメイデン/history 20130917||2843||2843||43||43||0.015124868097080548||0.015124868097080548
新潟市||2841||2841||37||37||0.013023583245336149||0.013023583245336149
連続テレビ小説||2839||2839||76||76||0.02676998943289891||0.02676998943289891
小野大輔||2831||2831||31||31||0.01095019427764041||0.01095019427764041
京都放送||2828||2828||17||17||0.006011315417256012||0.006011315417256012
神谷浩史||2826||2826||53||53||0.01875442321302194||0.01875442321302194
Dr.スランプ||2826||2826||30||30||0.010615711252653927||0.010615711252653927
日本航空||2823||2823||57||57||0.020191285866099893||0.020191285866099893
ポケットモンスター (アニメ)||2822||2822||33||33||0.011693834160170093||0.011693834160170093
能登麻美子||2820||2820||45||45||0.015957446808510637||0.015957446808510637
Run for money 逃走中||2819||2819||70||70||0.024831500532103583||0.024831500532103583
前田敦子||2818||2818||340||340||0.12065294535131299||0.12065294535131299
暗殺教室||2818||2818||102||102||0.0361958836053939||0.0361958836053939
秋田放送||2813||2813||4||4||0.0014219694276573053||0.0014219694276573053
子安武人||2810||2810||29||29||0.010320284697508897||0.010320284697508897
大阪府出身の人物一覧||2810||2810||8||8||0.0028469750889679717||0.0028469750889679717
FNNスーパーニュース||2809||2809||18||18||0.006407974368102528||0.006407974368102528
ONE PIECE||2803||2803||353||353||0.12593649661077416||0.12593649661077416
東京ヤクルトスワローズ||2797||2797||65||65||0.023239184840900966||0.023239184840900966
日産自動車||2796||2796||43||43||0.015379113018597998||0.015379113018597998
まれ||2795||2795||73||73||0.026118067978533093||0.026118067978533093
タモリ||2789||2789||74||74||0.026532807457870206||0.026532807457870206
菅直人||2789||2789||145||145||0.05198996055934026||0.05198996055934026
2006年||2786||2786||47||47||0.016870064608758076||0.016870064608758076
徳川家康||2781||2781||122||122||0.04386911183027688||0.04386911183027688
NMB48||2777||2777||128||128||0.046092906013683835||0.046092906013683835
新宿駅||2776||2776||45||45||0.016210374639769452||0.016210374639769452
釘宮理恵||2770||2770||75||75||0.02707581227436823||0.02707581227436823
トリビアの泉 〜素晴らしきムダ知識〜||2768||2768||24||24||0.008670520231213872||0.008670520231213872
行列のできる法律相談所||2763||2763||110||110||0.03981179876945349||0.03981179876945349
桃太郎電鉄シリーズ||2760||2760||13||13||0.004710144927536232||0.004710144927536232
こちら葛飾区亀有公園前派出所の登場人物||2756||2756||68||68||0.02467343976777939||0.02467343976777939
オリックス・バファローズ||2751||2751||44||44||0.01599418393311523||0.01599418393311523
中日ドラゴンズ||2749||2749||56||56||0.02037104401600582||0.02037104401600582
新幹線||2745||2745||62||62||0.022586520947176687||0.022586520947176687
サザンオールスターズ||2744||2744||49||49||0.017857142857142856||0.017857142857142856
SLAM DUNKの登場人物||2744||2744||24||24||0.008746355685131196||0.008746355685131196
仮面ライダーディケイド||2743||2743||117||117||0.04265402843601896||0.04265402843601896
魔法少女まどか☆マギカ||2740||2740||170||170||0.06204379562043796||0.06204379562043796
関ジャニ∞||2737||2737||74||74||0.02703690171720862||0.02703690171720862
機動戦士ガンダムAGE||2736||2736||96||96||0.03508771929824561||0.03508771929824561
Au (携帯電話)||2731||2731||50||50||0.01830831197363603||0.01830831197363603
北海道放送||2728||2728||3||3||0.0010997067448680353||0.0010997067448680353
ガンダムシリーズの登場機動兵器一覧||2727||2727||13||13||0.004767143381004767||0.004767143381004767
浅田真央||2725||2725||82||82||0.030091743119266056||0.030091743119266056
ガールズ&パンツァー||2717||2717||83||83||0.0305483989694516||0.0305483989694516
ダンボール戦機||2717||2717||41||41||0.015090172984909826||0.015090172984909826
BUMP OF CHICKEN||2703||2703||76||76||0.028116907140214576||0.028116907140214576
GTO (漫画)||2695||2695||25||25||0.00927643784786642||0.00927643784786642
仮面ライダーゴースト||2695||2695||155||155||0.0575139146567718||0.0575139146567718
山下達郎||2688||2688||28||28||0.010416666666666666||0.010416666666666666
東海道新幹線||2673||2673||64||64||0.023943135054246164||0.023943135054246164
ドラえもんの登場人物一覧||2672||2672||100||100||0.0374251497005988||0.0374251497005988
千葉テレビ放送||2667||2667||11||11||0.004124484439445069||0.004124484439445069
AKBINGO!||2667||2667||119||119||0.04461942257217848||0.04461942257217848
暁 (NARUTO)||2664||2664||86||86||0.03228228228228228||0.03228228228228228
Nスタ||2664||2664||38||38||0.014264264264264264||0.014264264264264264
平野綾||2656||2656||160||160||0.060240963855421686||0.060240963855421686
めだかボックス||2655||2655||91||91||0.03427495291902072||0.03427495291902072
しゅごキャラ!||2652||2652||19||19||0.007164404223227752||0.007164404223227752
橋下徹||2651||2651||90||90||0.033949453036589965||0.033949453036589965
東京大学||2651||2651||77||77||0.029045643153526972||0.029045643153526972
やしきたかじん||2649||2649||55||55||0.020762551906379767||0.020762551906379767
ダウンタウンのガキの使いやあらへんで!!の企画||2641||2641||21||21||0.007951533510034078||0.007951533510034078
FNS27時間テレビ||2635||2635||13||13||0.004933586337760911||0.004933586337760911
中村悠一||2629||2629||81||81||0.03081019399011031||0.03081019399011031
国鉄115系電車||2628||2628||50||50||0.01902587519025875||0.01902587519025875
サトシ (アニメポケットモンスター)||2628||2628||32||32||0.0121765601217656||0.0121765601217656
Fate/stay night||2623||2623||66||66||0.025162028211971027||0.025162028211971027
プロレスリング・ノア||2622||2622||28||28||0.010678871090770405||0.010678871090770405
2005年||2622||2622||27||27||0.010297482837528604||0.010297482837528604
浜松市||2617||2617||37||37||0.014138326327856323||0.014138326327856323
AAA (音楽グループ)||2610||2610||56||56||0.021455938697318006||0.021455938697318006
声優||2607||2607||33||33||0.012658227848101266||0.012658227848101266
東北地方太平洋沖地震||2602||2602||76||76||0.029208301306687164||0.029208301306687164
戦国BASARAの登場人物||2600||2600||46||46||0.01769230769230769||0.01769230769230769
今井麻美||2599||2599||61||61||0.023470565602154676||0.023470565602154676
マジカル頭脳パワー!!||2593||2593||30||30||0.011569610489780177||0.011569610489780177
常磐線||2593||2593||50||50||0.01928268414963363||0.01928268414963363
都市伝説一覧||2593||2593||42||42||0.01619745468569225||0.01619745468569225
朝ズバッ!||2589||2589||37||37||0.01429123213595983||0.01429123213595983
山下智久||2587||2587||94||94||0.0363355237727097||0.0363355237727097
日本||2583||2583||368||368||0.14246999612853273||0.14246999612853273
ポケットモンスターSPECIALの登場人物||2582||2582||15||15||0.005809450038729667||0.005809450038729667
特命戦隊ゴーバスターズ||2582||2582||61||61||0.023625096824167312||0.023625096824167312
植田佳奈||2580||2580||72||72||0.027906976744186046||0.027906976744186046
福山市||2579||2579||9||9||0.0034897246994959287||0.0034897246994959287
ハートキャッチプリキュア!||2576||2576||87||87||0.03377329192546584||0.03377329192546584
ゲゲゲの鬼太郎 (アニメ)||2574||2574||22||22||0.008547008547008548||0.008547008547008548
SMAP×SMAP||2572||2572||32||32||0.012441679626749611||0.012441679626749611
MAJORの登場人物||2572||2572||32||32||0.012441679626749611||0.012441679626749611
東京喰種トーキョーグール||2566||2566||21||21||0.00818394388152767||0.00818394388152767
全日本空輸||2563||2563||27||27||0.010534529847834569||0.010534529847834569
IBC岩手放送||2560||2560||21||21||0.008203125||0.008203125
日本のラジオパーソナリティ一覧||2560||2560||5||5||0.001953125||0.001953125
Kis-My-Ft2||2559||2559||136||136||0.05314576006252442||0.05314576006252442
諏訪部順一||2555||2555||25||25||0.009784735812133072||0.009784735812133072
家庭教師ヒットマンREBORN!の登場人物||2555||2555||34||34||0.013307240704500978||0.013307240704500978
SoftBank (携帯電話)||2551||2551||22||22||0.00862406899255194||0.00862406899255194
灼眼のシャナ||2551||2551||28||28||0.01097608780870247||0.01097608780870247
2011年のテレビ (日本)||2550||2550||12||12||0.004705882352941176||0.004705882352941176
山寺宏一||2548||2548||47||47||0.018445839874411302||0.018445839874411302
朝日放送グループホールディングス||2541||2541||33||33||0.012987012987012988||0.012987012987012988
野村克也||2540||2540||67||67||0.02637795275590551||0.02637795275590551
劇場版 仮面ライダーディケイド オールライダー対大ショッカー||2540||2540||115||115||0.045275590551181105||0.045275590551181105
静岡放送||2537||2537||40||40||0.015766653527788728||0.015766653527788728
草なぎ剛||2533||2533||89||89||0.03513620213185945||0.03513620213185945
アンパンマンの登場人物一覧||2528||2528||34||34||0.013449367088607595||0.013449367088607595
日本の高校野球||2527||2527||57||57||0.022556390977443608||0.022556390977443608
GLAY||2524||2524||63||63||0.02496038034865293||0.02496038034865293
緑川光||2524||2524||27||27||0.010697305863708399||0.010697305863708399
福山雅治||2520||2520||50||50||0.01984126984126984||0.01984126984126984
涼宮ハルヒの憂鬱 (アニメ)||2515||2515||87||87||0.03459244532803181||0.03459244532803181
妖怪ウォッチ||2514||2514||54||54||0.021479713603818614||0.021479713603818614
クイズタイムショック||2512||2512||18||18||0.007165605095541401||0.007165605095541401
西日本旅客鉄道||2509||2509||46||46||0.018333997608609008||0.018333997608609008
DDTプロレスリング||2508||2508||1||1||3.9872408293460925E-4||3.9872408293460925E-4
近畿日本鉄道||2506||2506||38||38||0.015163607342378291||0.015163607342378291
デジモン一覧||2505||2505||7||7||0.0027944111776447107||0.0027944111776447107
クレヨンしんちゃん (アニメ)||2505||2505||64||64||0.02554890219560878||0.02554890219560878
井上麻里奈||2501||2501||86||86||0.03438624550179928||0.03438624550179928
戦国BASARA||2495||2495||29||29||0.011623246492985972||0.011623246492985972
アニメシャワー||2495||2495||5||5||0.002004008016032064||0.002004008016032064
関智一||2494||2494||52||52||0.020850040096230954||0.020850040096230954
仮面ライダー||2493||2493||57||57||0.02286401925391095||0.02286401925391095
スイートプリキュア♪||2489||2489||101||101||0.04057854560064283||0.04057854560064283
ちびまる子ちゃん||2482||2482||65||65||0.026188557614826753||0.026188557614826753
小泉純一郎||2479||2479||57||57||0.022993142396127472||0.022993142396127472
嫌韓||2478||2478||107||107||0.04317998385794996||0.04317998385794996
ゲームセンターCXの放送内容||2476||2476||14||14||0.005654281098546042||0.005654281098546042
大塚明夫||2475||2475||20||20||0.00808080808080808||0.00808080808080808
花澤香菜||2472||2472||153||153||0.061893203883495146||0.061893203883495146
モンキー・D・ルフィ||2465||2465||182||182||0.07383367139959432||0.07383367139959432
HUNTER×HUNTERの登場人物||2463||2463||45||45||0.018270401948842874||0.018270401948842874
ダウンタウン (お笑いコンビ)||2462||2462||31||31||0.012591389114541024||0.012591389114541024
在日韓国・朝鮮人||2454||2454||197||197||0.08027709861450692||0.08027709861450692
HUNTER×HUNTER||2454||2454||75||75||0.030562347188264057||0.030562347188264057
ニッポン放送||2448||2448||18||18||0.007352941176470588||0.007352941176470588
林原めぐみ||2446||2446||46||46||0.018806214227309895||0.018806214227309895
清原和博||2443||2443||60||60||0.024559967253376995||0.024559967253376995
Dr.スランプ アラレちゃん||2441||2441||28||28||0.011470708725931995||0.011470708725931995
FAIRY TAIL||2441||2441||63||63||0.02580909463334699||0.02580909463334699
志田未来||2441||2441||46||46||0.018844735764031135||0.018844735764031135
東海テレビ放送||2440||2440||15||15||0.006147540983606557||0.006147540983606557
渋谷駅||2440||2440||44||44||0.018032786885245903||0.018032786885245903
クレヨンしんちゃんの登場人物一覧||2436||2436||66||66||0.027093596059113302||0.027093596059113302
アイシールド21||2434||2434||21||21||0.008627773212818405||0.008627773212818405
阪神・淡路大震災||2434||2434||40||40||0.016433853738701727||0.016433853738701727
中居正広||2433||2433||104||104||0.0427455815865187||0.0427455815865187
下野紘||2433||2433||116||116||0.04767776407727086||0.04767776407727086
東京スカイツリー||2433||2433||118||118||0.04849979449239622||0.04849979449239622
史上最強の弟子ケンイチの登場人物||2433||2433||38||38||0.015618577887381833||0.015618577887381833
遊☆戯☆王5D's||2433||2433||36||36||0.014796547472256474||0.014796547472256474
KAT-TUN||2428||2428||47||47||0.019357495881383854||0.019357495881383854
イナズマイレブン||2421||2421||34||34||0.014043783560512184||0.014043783560512184
機動戦士ガンダム00シリーズの登場兵器||2420||2420||89||89||0.03677685950413223||0.03677685950413223
D.Gray-manの登場人物||2419||2419||30||30||0.012401818933443571||0.012401818933443571
一橋大学の人物一覧||2416||2416||12||12||0.004966887417218543||0.004966887417218543
ICOCA||2414||2414||41||41||0.016984258492129246||0.016984258492129246
福島第一原子力発電所事故||2414||2414||77||77||0.03189726594863297||0.03189726594863297
FNNスーパータイム||2413||2413||27||27||0.01118939079983423||0.01118939079983423
日本テレビ制作局制作番組の分野別一覧||2413||2413||5||5||0.0020721094073767096||0.0020721094073767096
サンテレビジョン||2411||2411||14||14||0.005806719203649938||0.005806719203649938
日本一の一覧||2410||2410||36||36||0.014937759336099586||0.014937759336099586
若本規夫||2410||2410||29||29||0.012033195020746889||0.012033195020746889
2007年||2409||2409||48||48||0.019925280199252802||0.019925280199252802
岡山放送||2407||2407||4||4||0.0016618196925633569||0.0016618196925633569
青森テレビ||2406||2406||11||11||0.00457190357439734||0.00457190357439734
とんねるずのみなさんのおかげでした||2403||2403||22||22||0.009155222638368706||0.009155222638368706
進撃の巨人||2402||2402||64||64||0.026644462947543714||0.026644462947543714
横浜駅||2401||2401||34||34||0.014160766347355268||0.014160766347355268
中川翔子||2400||2400||94||94||0.03916666666666667||0.03916666666666667
ヤッターマン||2399||2399||16||16||0.006669445602334306||0.006669445602334306
発車メロディ||2396||2396||11||11||0.004590984974958264||0.004590984974958264
NARUTO -ナルト- 疾風伝||2395||2395||35||35||0.014613778705636743||0.014613778705636743
DRAGON GATE||2393||2393||31||31||0.012954450480568324||0.012954450480568324
ACジャパン||2392||2392||46||46||0.019230769230769232||0.019230769230769232
仮面ライダー×仮面ライダー W&ディケイド MOVIE大戦2010||2391||2391||63||63||0.026348808030112924||0.026348808030112924
東急田園都市線||2389||2389||60||60||0.025115110925073254||0.025115110925073254
東京箱根間往復大学駅伝競走||2384||2384||14||14||0.00587248322147651||0.00587248322147651
帰ってきたウルトラマン||2378||2378||51||51||0.02144659377628259||0.02144659377628259
あまちゃん||2378||2378||44||44||0.018502943650126155||0.018502943650126155
Mr.Children||2373||2373||57||57||0.02402022756005057||0.02402022756005057
名探偵コナン (アニメ)||2372||2372||64||64||0.026981450252951095||0.026981450252951095
テレビ朝日||2370||2370||36||36||0.015189873417721518||0.015189873417721518
在日特権を許さない市民の会||2369||2369||195||195||0.08231321232587589||0.08231321232587589
テニスの王子様||2367||2367||49||49||0.020701309674693705||0.020701309674693705
アンパンマン||2362||2362||73||73||0.03090601185436071||0.03090601185436071
日本大学||2356||2356||56||56||0.023769100169779286||0.023769100169779286
CLANNAD (ゲーム)||2354||2354||72||72||0.03058623619371283||0.03058623619371283
八王子市||2352||2352||21||21||0.008928571428571428||0.008928571428571428
名探偵コナン||2352||2352||54||54||0.02295918367346939||0.02295918367346939
Go!プリンセスプリキュア||2348||2348||108||108||0.04599659284497445||0.04599659284497445
秘密のケンミンSHOW||2345||2345||101||101||0.04307036247334755||0.04307036247334755
スーパーロボット大戦シリーズ||2341||2341||19||19||0.008116189662537377||0.008116189662537377
ハヤテのごとく!||2341||2341||33||33||0.014096539940196497||0.014096539940196497
コロンビア大学||2340||2340||13||13||0.005555555555555556||0.005555555555555556
東日本大震災||2340||2340||77||77||0.03290598290598291||0.03290598290598291
いきものがかり||2340||2340||109||109||0.04658119658119658||0.04658119658119658
日本語||2339||2339||93||93||0.03976058144506199||0.03976058144506199
仮面ライダークウガ||2339||2339||63||63||0.026934587430525864||0.026934587430525864
マリオ (ゲームキャラクター)||2338||2338||64||64||0.02737382378100941||0.02737382378100941
男性差別||2331||2331||127||127||0.05448305448305448||0.05448305448305448
テレビ東京番組一覧||2330||2330||10||10||0.004291845493562232||0.004291845493562232
アドルフ・ヒトラー||2329||2329||42||42||0.018033490768570203||0.018033490768570203
宇多田ヒカル||2328||2328||37||37||0.015893470790378006||0.015893470790378006
保志総一朗||2328||2328||22||22||0.009450171821305841||0.009450171821305841
機動戦士ガンダム 鉄血のオルフェンズ||2326||2326||68||68||0.029234737747205503||0.029234737747205503
神戸市||2324||2324||26||26||0.011187607573149742||0.011187607573149742
さよなら絶望先生||2320||2320||26||26||0.011206896551724138||0.011206896551724138
NTTドコモ||2319||2319||33||33||0.014230271668822769||0.014230271668822769
ダイヤのA||2319||2319||13||13||0.00560586459680897||0.00560586459680897
Suica||2317||2317||59||59||0.025463962019853258||0.025463962019853258
阿澄佳奈||2317||2317||93||93||0.04013810962451446||0.04013810962451446
テレビ北海道||2313||2313||31||31||0.01340250756593169||0.01340250756593169
玄田哲章||2312||2312||42||42||0.018166089965397925||0.018166089965397925
岸尾だいすけ||2312||2312||23||23||0.009948096885813149||0.009948096885813149
広島テレビ放送||2305||2305||10||10||0.004338394793926247||0.004338394793926247
野比のび太||2304||2304||102||102||0.044270833333333336||0.044270833333333336
戦国無双シリーズ||2303||2303||7||7||0.00303951367781155||0.00303951367781155
ザ・キング・オブ・ファイターズ||2302||2302||8||8||0.0034752389226759338||0.0034752389226759338
鋼の錬金術師の登場人物一覧/history 20120609||2299||2299||20||20||0.008699434536755112||0.008699434536755112
松田聖子||2295||2295||69||69||0.030065359477124184||0.030065359477124184
札幌市||2295||2295||103||103||0.044880174291938996||0.044880174291938996
慶應義塾大学/history20130405||2294||2294||68||68||0.02964254577157803||0.02964254577157803
ウルトラマンティガ||2294||2294||41||41||0.017872711421098517||0.017872711421098517
ゆず (音楽グループ)||2294||2294||35||35||0.015257192676547515||0.015257192676547515
ゲゲゲの鬼太郎の登場キャラクター/history20190113||2292||2292||21||21||0.009162303664921465||0.009162303664921465
島田紳助||2288||2288||116||116||0.050699300699300696||0.050699300699300696
マクロスF||2287||2287||35||35||0.01530389156099694||0.01530389156099694
悪魔の実||2285||2285||284||284||0.12428884026258205||0.12428884026258205
2ちゃんねる||2285||2285||53||53||0.023194748358862146||0.023194748358862146
ウルトラマンティガの登場怪獣||2284||2284||32||32||0.014010507880910683||0.014010507880910683
遊☆戯☆王デュエルモンスターズGXの登場人物||2283||2283||14||14||0.006132282084975909||0.006132282084975909
ふたりはプリキュア||2283||2283||50||50||0.021901007446342532||0.021901007446342532
エホバの証人||2281||2281||89||89||0.039017974572555895||0.039017974572555895
さいたま市||2281||2281||51||51||0.02235861464270057||0.02235861464270057
東京メトロポリタンテレビジョン||2279||2279||29||29||0.012724879333040808||0.012724879333040808
ゲート 自衛隊 彼の地にて、斯く戦えり||2278||2278||53||53||0.023266022827041263||0.023266022827041263
パナソニック||2278||2278||45||45||0.019754170324846356||0.019754170324846356
東京国際空港||2276||2276||40||40||0.01757469244288225||0.01757469244288225
ひぐらしのなく頃に||2268||2268||31||31||0.013668430335097001||0.013668430335097001
秘密結社鷹の爪||2267||2267||8||8||0.0035288928098809||0.0035288928098809
ONE PIECEの用語一覧||2267||2267||178||178||0.07851786501985002||0.07851786501985002
笑ってはいけないシリーズ||2267||2267||23||23||0.010145566828407587||0.010145566828407587
ボウリング革命 P★League||2265||2265||20||20||0.008830022075055188||0.008830022075055188
読売ジャイアンツの選手一覧||2264||2264||71||71||0.03136042402826855||0.03136042402826855
ビートルズ||2264||2264||40||40||0.0176678445229682||0.0176678445229682
アメリカ合衆国||2263||2263||40||40||0.017675651789659744||0.017675651789659744
任天堂||2261||2261||82||82||0.0362671384343211||0.0362671384343211
イナズマイレブンGO||2259||2259||36||36||0.01593625498007968||0.01593625498007968
上地雄輔||2256||2256||65||65||0.028812056737588652||0.028812056737588652
ディープインパクト (競走馬)||2255||2255||40||40||0.017738359201773836||0.017738359201773836
岡田有希子||2254||2254||73||73||0.0323868677905945||0.0323868677905945
鉄道事故||2253||2253||21||21||0.009320905459387484||0.009320905459387484
タモリ倶楽部||2253||2253||15||15||0.006657789613848202||0.006657789613848202
太陽にほえろ!||2250||2250||6||6||0.0026666666666666666||0.0026666666666666666
マスコットキャラクター一覧||2246||2246||8||8||0.003561887800534283||0.003561887800534283
みんなが出るテレビ||2244||2244||5||5||0.0022281639928698753||0.0022281639928698753
千葉県||2244||2244||49||49||0.021836007130124777||0.021836007130124777
瀬戸内海放送||2242||2242||11||11||0.004906333630686887||0.004906333630686887
東急東横線||2241||2241||64||64||0.0285586791610888||0.0285586791610888
ポケットモンスター||2241||2241||57||57||0.025435073627844713||0.025435073627844713
関口宏の東京フレンドパークII||2240||2240||35||35||0.015625||0.015625
朝鮮民主主義人民共和国||2238||2238||129||129||0.057640750670241284||0.057640750670241284
ウルトラマンタロウ||2236||2236||44||44||0.01967799642218247||0.01967799642218247
るろうに剣心 -明治剣客浪漫譚-の登場人物一覧||2236||2236||33||33||0.014758497316636851||0.014758497316636851
ロケみつ||2236||2236||38||38||0.01699463327370304||0.01699463327370304
20世紀少年||2235||2235||44||44||0.019686800894854587||0.019686800894854587
王下七武海||2232||2232||287||287||0.128584229390681||0.128584229390681
杉原千畝||2229||2229||40||40||0.01794526693584567||0.01794526693584567
ゲームセンターCX 有野の挑戦||2228||2228||40||40||0.017953321364452424||0.017953321364452424
日立 世界・ふしぎ発見!||2227||2227||36||36||0.016165244723843737||0.016165244723843737
埼玉西武ライオンズ||2226||2226||43||43||0.01931716082659479||0.01931716082659479
国鉄113系電車||2226||2226||34||34||0.015274034141958671||0.015274034141958671
ポケットモンスターSPECIAL||2224||2224||31||31||0.01393884892086331||0.01393884892086331
名古屋テレビ放送||2221||2221||14||14||0.006303466906798739||0.006303466906798739
たまごっち!||2221||2221||58||58||0.026114362899594776||0.026114362899594776
井上喜久子||2217||2217||41||41||0.01849345963013081||0.01849345963013081
埼玉県出身の人物一覧||2217||2217||17||17||0.007668019846639603||0.007668019846639603
2012年のテレビ (日本)||2217||2217||11||11||0.004961659900766802||0.004961659900766802
三木眞一郎||2215||2215||22||22||0.009932279909706547||0.009932279909706547
ロンドンハーツ||2215||2215||29||29||0.01309255079006772||0.01309255079006772
池袋駅||2215||2215||42||42||0.018961625282167043||0.018961625282167043
一関学院高等学校||2212||2212||10||10||0.0045207956600361665||0.0045207956600361665
バカとテストと召喚獣||2211||2211||26||26||0.011759384893713252||0.011759384893713252
関西テレビ放送||2209||2209||45||45||0.020371208691715707||0.020371208691715707
東海道本線||2208||2208||40||40||0.018115942028985508||0.018115942028985508
東海ラジオ放送||2206||2206||4||4||0.001813236627379873||0.001813236627379873
豊臣秀吉||2206||2206||101||101||0.04578422484134179||0.04578422484134179
クイズマジックアカデミー||2205||2205||13||13||0.0058956916099773245||0.0058956916099773245
ももいろクローバーZ||2204||2204||93||93||0.04219600725952813||0.04219600725952813
ザ・ベストテン||2203||2203||23||23||0.01044030866999546||0.01044030866999546
北斗の拳||2201||2201||22||22||0.009995456610631531||0.009995456610631531
兵庫県出身の人物一覧||2201||2201||14||14||0.006360745115856429||0.006360745115856429
着信御礼!ケータイ大喜利||2201||2201||14||14||0.006360745115856429||0.006360745115856429
NARUTO -ナルト-の術||2201||2201||27||27||0.01226715129486597||0.01226715129486597
鳩山由紀夫||2201||2201||184||184||0.08359836437982734||0.08359836437982734
ビートたけし||2200||2200||66||66||0.03||0.03
おたく||2200||2200||118||118||0.053636363636363635||0.053636363636363635
テレビ愛知||2196||2196||17||17||0.007741347905282332||0.007741347905282332
昭和天皇||2194||2194||51||51||0.02324521422060164||0.02324521422060164
レアル・マドリード||2193||2193||25||25||0.011399908800729594||0.011399908800729594
近鉄特急||2193||2193||41||41||0.018695850433196534||0.018695850433196534
置鮎龍太郎||2189||2189||30||30||0.013704888076747372||0.013704888076747372
さよなら絶望先生の登場人物||2189||2189||24||24||0.0109639104613979||0.0109639104613979
News zero||2187||2187||38||38||0.017375400091449476||0.017375400091449476
小林ゆう||2185||2185||56||56||0.02562929061784897||0.02562929061784897
Wii/history 20130210||2184||2184||18||18||0.008241758241758242||0.008241758241758242
神奈川県出身の人物一覧||2181||2181||19||19||0.00871160018340211||0.00871160018340211
東海大学||2180||2180||17||17||0.007798165137614679||0.007798165137614679
IS 〈インフィニット・ストラトス〉||2180||2180||64||64||0.029357798165137616||0.029357798165137616
ベトナム戦争||2177||2177||28||28||0.012861736334405145||0.012861736334405145
白鵬翔||2173||2173||44||44||0.02024850437183617||0.02024850437183617
中国放送||2172||2172||13||13||0.005985267034990792||0.005985267034990792
小諸藩牧野氏の家臣団||2172||2172||1||1||4.6040515653775324E-4||4.6040515653775324E-4
初音ミク||2171||2171||123||123||0.05665591893136803||0.05665591893136803
Saku saku||2170||2170||22||22||0.010138248847926268||0.010138248847926268
森一夫||2170||2170||12||12||0.005529953917050691||0.005529953917050691
日本大学の人物一覧||2169||2169||17||17||0.007837713231904103||0.007837713231904103
ハヤテのごとく! (アニメ)||2169||2169||42||42||0.019363762102351315||0.019363762102351315
小西克幸||2165||2165||78||78||0.03602771362586605||0.03602771362586605
ガンダムビルドファイターズ||2165||2165||29||29||0.013394919168591224||0.013394919168591224
深夜アニメ||2163||2163||10||10||0.004623208506703652||0.004623208506703652
東武伊勢崎線||2160||2160||33||33||0.015277777777777777||0.015277777777777777
飛田展男||2160||2160||39||39||0.018055555555555554||0.018055555555555554
おそ松くん||2157||2157||85||85||0.039406583217431616||0.039406583217431616
JR東日本E231系電車||2155||2155||78||78||0.03619489559164733||0.03619489559164733
魔法先生ネギま!の登場人物||2152||2152||24||24||0.011152416356877323||0.011152416356877323
アップダウンクイズ||2150||2150||10||10||0.004651162790697674||0.004651162790697674
JR東日本E233系電車||2150||2150||123||123||0.0572093023255814||0.0572093023255814
FNSの日||2150||2150||85||85||0.03953488372093023||0.03953488372093023
プロレスラー一覧||2147||2147||4||4||0.0018630647414997672||0.0018630647414997672
ディズニー・ヴィランズ||2145||2145||32||32||0.014918414918414918||0.014918414918414918
中央線快速||2145||2145||52||52||0.024242424242424242||0.024242424242424242
ニコニコ動画||2142||2142||73||73||0.034080298786181136||0.034080298786181136
日本のプロ野球選手一覧||2141||2141||11||11||0.005137786081270434||0.005137786081270434
大乱闘スマッシュブラザーズシリーズ||2139||2139||57||57||0.02664796633941094||0.02664796633941094
FCバルセロナ||2139||2139||13||13||0.006077606358111267||0.006077606358111267
北日本放送||2136||2136||19||19||0.008895131086142321||0.008895131086142321
大原大次郎||2130||2130||27||27||0.01267605633802817||0.01267605633802817
はねるのトびら||2128||2128||19||19||0.008928571428571428||0.008928571428571428
〈物語〉シリーズ||2127||2127||65||65||0.0305594734367654||0.0305594734367654
フレッシュプリキュア!||2126||2126||74||74||0.034807149576669805||0.034807149576669805
京阪本線||2125||2125||25||25||0.011764705882352941||0.011764705882352941
仮面ライダーアギト||2123||2123||28||28||0.0131888836552049||0.0131888836552049
福岡市||2122||2122||37||37||0.017436380772855798||0.017436380772855798
鉄拳の登場人物||2121||2121||47||47||0.02215935879302216||0.02215935879302216
スーパー戦隊シリーズ登場敵対勢力一覧||2120||2120||79||79||0.037264150943396225||0.037264150943396225
韓国起源説||2120||2120||132||132||0.062264150943396226||0.062264150943396226
ラジかるッ||2119||2119||4||4||0.0018876828692779614||0.0018876828692779614
リンカーンの企画・コーナー||2119||2119||8||8||0.0037753657385559227||0.0037753657385559227
盛岡市||2118||2118||18||18||0.0084985835694051||0.0084985835694051
三島由紀夫||2116||2116||36||36||0.017013232514177693||0.017013232514177693
大江戸捜査網||2114||2114||6||6||0.002838221381267739||0.002838221381267739
天元突破グレンラガン||2113||2113||13||13||0.006152389966871746||0.006152389966871746
鳥人戦隊ジェットマン||2111||2111||29||29||0.013737565135007106||0.013737565135007106
中京テレビ放送||2110||2110||17||17||0.008056872037914692||0.008056872037914692
福井放送||2110||2110||8||8||0.0037914691943127963||0.0037914691943127963
機動戦士ガンダムUC||2110||2110||57||57||0.027014218009478674||0.027014218009478674
日本お笑い史||2108||2108||8||8||0.003795066413662239||0.003795066413662239
School Days||2102||2102||42||42||0.019980970504281638||0.019980970504281638
ローソン||2100||2100||17||17||0.008095238095238095||0.008095238095238095
名古屋市||2098||2098||48||48||0.022878932316491896||0.022878932316491896
渡辺麻友||2094||2094||261||261||0.12464183381088825||0.12464183381088825
トヨタ・カローラ||2093||2093||27||27||0.012900143334925944||0.012900143334925944
あぶない刑事||2092||2092||7||7||0.0033460803059273425||0.0033460803059273425
星野仙一||2092||2092||58||58||0.027724665391969407||0.027724665391969407
サイヤ人||2089||2089||56||56||0.026807084729535663||0.026807084729535663
小室哲哉||2088||2088||16||16||0.007662835249042145||0.007662835249042145
東北新幹線||2087||2087||41||41||0.01964542405366555||0.01964542405366555
頭文字D||2086||2086||23||23||0.01102588686481304||0.01102588686481304
テレビせとうち||2083||2083||52||52||0.024963994239078253||0.024963994239078253
L'Arc〜en〜Ciel||2083||2083||45||45||0.02160345655304849||0.02160345655304849
喜多村英梨||2082||2082||59||59||0.028338136407300672||0.028338136407300672
指原莉乃||2082||2082||195||195||0.0936599423631124||0.0936599423631124
烈車戦隊トッキュウジャー||2082||2082||56||56||0.026897214217098942||0.026897214217098942
日本プロ野球||2081||2081||33||33||0.01585776069197501||0.01585776069197501
踊る大捜査線||2080||2080||19||19||0.009134615384615385||0.009134615384615385
中村俊輔||2077||2077||115||115||0.05536831969186327||0.05536831969186327
茨城県||2075||2075||67||67||0.03228915662650603||0.03228915662650603
News every.||2075||2075||45||45||0.021686746987951807||0.021686746987951807
2ちゃんねるの歴史||2073||2073||24||24||0.011577424023154847||0.011577424023154847
名古屋鉄道||2072||2072||23||23||0.0111003861003861||0.0111003861003861
本田技研工業||2072||2072||26||26||0.012548262548262547||0.012548262548262547
アメリカ横断ウルトラクイズの各大会の詳細||2072||2072||10||10||0.004826254826254826||0.004826254826254826
BSテレビ東京||2070||2070||35||35||0.016908212560386472||0.016908212560386472
リンカーン (テレビ番組)||2069||2069||14||14||0.006766553890768487||0.006766553890768487
ユニバーサル・スタジオ・ジャパン||2067||2067||28||28||0.013546202225447508||0.013546202225447508
自殺||2067||2067||48||48||0.023222060957910014||0.023222060957910014
とんねるず||2062||2062||33||33||0.01600387972841901||0.01600387972841901
天皇||2062||2062||128||128||0.06207565470417071||0.06207565470417071
藤原啓治||2061||2061||29||29||0.014070839398350316||0.014070839398350316
京阪電気鉄道||2061||2061||32||32||0.015526443474041727||0.015526443474041727
大宮駅 (埼玉県)||2060||2060||49||49||0.02378640776699029||0.02378640776699029
札幌テレビ放送||2059||2059||16||16||0.007770762506070908||0.007770762506070908
テイルズ オブ ヴェスペリア||2056||2056||57||57||0.02772373540856031||0.02772373540856031
魔法戦隊マジレンジャー||2054||2054||19||19||0.009250243427458617||0.009250243427458617
JR西日本223系電車||2053||2053||45||45||0.021919142717973697||0.021919142717973697
ネット右翼||2053||2053||262||262||0.12761811982464685||0.12761811982464685
F-15 (戦闘機)||2052||2052||34||34||0.016569200779727095||0.016569200779727095
川澄綾子||2047||2047||23||23||0.011235955056179775||0.011235955056179775
熊本市||2047||2047||48||48||0.02344894968246214||0.02344894968246214
蒼穹のファフナー||2045||2045||11||11||0.0053789731051344745||0.0053789731051344745
鳥海浩輔||2044||2044||25||25||0.01223091976516634||0.01223091976516634
賭博黙示録カイジ||2044||2044||18||18||0.008806262230919765||0.008806262230919765
南京事件論争||2043||2043||85||85||0.041605482134116495||0.041605482134116495
九州王朝説||2043||2043||32||32||0.01566324033284386||0.01566324033284386
山口放送||2042||2042||6||6||0.002938295788442703||0.002938295788442703
柿原徹也||2042||2042||34||34||0.01665034280117532||0.01665034280117532
KARA||2041||2041||51||51||0.024987751102400785||0.024987751102400785
ボボボーボ・ボーボボ||2038||2038||16||16||0.007850834151128557||0.007850834151128557
護廷十三隊||2037||2037||24||24||0.011782032400589101||0.011782032400589101
武装錬金||2036||2036||13||13||0.0063850687622789785||0.0063850687622789785
山口勝平||2035||2035||38||38||0.018673218673218674||0.018673218673218674
風林火山 (NHK大河ドラマ)||2034||2034||67||67||0.032940019665683384||0.032940019665683384
全国高校野球選手権大会中継||2030||2030||6||6||0.002955665024630542||0.002955665024630542
茅原実里||2030||2030||53||53||0.026108374384236452||0.026108374384236452
都市伝説||2030||2030||18||18||0.008866995073891626||0.008866995073891626
PlayStation Portable||2028||2028||30||30||0.014792899408284023||0.014792899408284023
慰安婦||2027||2027||95||95||0.04686729156388752||0.04686729156388752
長澤まさみ||2027||2027||66||66||0.03256043413912185||0.03256043413912185
岐阜放送||2026||2026||9||9||0.004442250740375123||0.004442250740375123
学園アリス||2025||2025||9||9||0.0044444444444444444||0.0044444444444444444
SKET DANCE||2024||2024||56||56||0.02766798418972332||0.02766798418972332
仮面ライダー龍騎||2023||2023||37||37||0.01828966880869995||0.01828966880869995
爆笑オンエアバトル||2023||2023||11||11||0.005437469105289174||0.005437469105289174
それいけ!アンパンマン||2023||2023||93||93||0.04597132970835393||0.04597132970835393
朝日新聞||2021||2021||138||138||0.06828302820385948||0.06828302820385948
ウエンツ瑛士||2020||2020||13||13||0.006435643564356435||0.006435643564356435
北海道コンサドーレ札幌||2019||2019||35||35||0.01733531451213472||0.01733531451213472
伊藤静||2018||2018||55||55||0.027254707631318136||0.027254707631318136
笑っていいとも!レギュラー出演者一覧||2014||2014||24||24||0.011916583912611719||0.011916583912611719
東條英機||2013||2013||61||61||0.030303030303030304||0.030303030303030304
江戸川コナン||2013||2013||48||48||0.02384500745156483||0.02384500745156483
千葉県出身の人物一覧||2013||2013||18||18||0.00894187779433681||0.00894187779433681
山陽新幹線||2013||2013||37||37||0.01838052657724789||0.01838052657724789
高橋みなみ||2012||2012||155||155||0.07703777335984095||0.07703777335984095
伊集院光||2010||2010||23||23||0.011442786069651741||0.011442786069651741
ウルトラセブン||2010||2010||50||50||0.024875621890547265||0.024875621890547265
To LOVEる -とらぶる-||2009||2009||49||49||0.024390243902439025||0.024390243902439025
夜のヒットスタジオ||2006||2006||2||2||9.970089730807576E-4||9.970089730807576E-4
高橋広樹||2004||2004||9||9||0.004491017964071856||0.004491017964071856
小笠原道大||2003||2003||100||100||0.04992511233150274||0.04992511233150274
デュエル・マスターズ (漫画)||2003||2003||29||29||0.014478282576135796||0.014478282576135796
西武鉄道||2001||2001||37||37||0.018490754622688656||0.018490754622688656
大阪府||2000||2000||49||49||0.0245||0.0245
小清水亜美||2000||2000||62||62||0.031||0.031
くりぃむしちゅーのオールナイトニッポン||1996||1996||18||18||0.009018036072144289||0.009018036072144289
明治大学の人物一覧||1996||1996||51||51||0.02555110220440882||0.02555110220440882
讀賣テレビ放送||1995||1995||16||16||0.008020050125313283||0.008020050125313283
モンスターハンター||1992||1992||49||49||0.02459839357429719||0.02459839357429719
アニメ作品一覧||1989||1989||1||1||5.027652086475615E-4||5.027652086475615E-4
仮面ライダーSPIRITS||1988||1988||8||8||0.004024144869215292||0.004024144869215292
Oha!4 NEWS LIVE||1988||1988||15||15||0.007545271629778672||0.007545271629778672
実況パワフルプロ野球||1987||1987||15||15||0.00754906894816306||0.00754906894816306
横浜市||1987||1987||32||32||0.01610468042274786||0.01610468042274786
北九州市||1987||1987||36||36||0.018117765475591345||0.018117765475591345
徳光和夫||1985||1985||26||26||0.01309823677581864||0.01309823677581864
ドラゴンクエストV 天空の花嫁||1984||1984||25||25||0.012600806451612902||0.012600806451612902
夫婦別姓||1983||1983||36||36||0.018154311649016642||0.018154311649016642
国鉄205系電車||1981||1981||87||87||0.043917213528520946||0.043917213528520946
IPhone||1981||1981||57||57||0.028773346794548207||0.028773346794548207
ウルトラマンレオ||1980||1980||68||68||0.03434343434343434||0.03434343434343434
MOTHER3||1978||1978||8||8||0.004044489383215369||0.004044489383215369
ラーメン||1976||1976||59||59||0.0298582995951417||0.0298582995951417
ASIAN KUNG-FU GENERATION||1974||1974||15||15||0.007598784194528876||0.007598784194528876
坂本真綾||1973||1973||38||38||0.01926001013684744||0.01926001013684744
大泉洋||1972||1972||39||39||0.01977687626774848||0.01977687626774848
宝塚歌劇団||1970||1970||15||15||0.007614213197969543||0.007614213197969543
ネコ||1969||1969||100||100||0.05078720162519045||0.05078720162519045
ひだまりスケッチ||1968||1968||31||31||0.015752032520325202||0.015752032520325202
ひるおび!||1968||1968||33||33||0.01676829268292683||0.01676829268292683
ORANGE RANGE||1967||1967||55||55||0.027961362480935434||0.027961362480935434
日本の女優一覧||1966||1966||12||12||0.006103763987792472||0.006103763987792472
UVERworld||1965||1965||50||50||0.02544529262086514||0.02544529262086514
朴ロ美||1963||1963||44||44||0.022414671421293938||0.022414671421293938
金妍兒||1962||1962||174||174||0.08868501529051988||0.08868501529051988
梶裕貴||1962||1962||26||26||0.013251783893985729||0.013251783893985729
アイシールド21の登場人物||1960||1960||11||11||0.005612244897959183||0.005612244897959183
真田丸 (NHK大河ドラマ)||1958||1958||114||114||0.05822267620020429||0.05822267620020429
江原正士||1957||1957||22||22||0.011241696474195196||0.011241696474195196
大阪市||1956||1956||56||56||0.028629856850715747||0.028629856850715747
博士と助手〜細かすぎて伝わらないモノマネ選手権〜||1956||1956||7||7||0.0035787321063394683||0.0035787321063394683
小田急小田原線||1955||1955||26||26||0.01329923273657289||0.01329923273657289
戊辰戦争||1954||1954||42||42||0.021494370522006142||0.021494370522006142
WWE||1953||1953||10||10||0.005120327700972862||0.005120327700972862
シャーリー・テンプル||1951||1951||2||2||0.0010251153254741158||0.0010251153254741158
きかんしゃトーマス シーズン毎制作史||1948||1948||51||51||0.026180698151950718||0.026180698151950718
ペルソナ4||1948||1948||41||41||0.02104722792607803||0.02104722792607803
ちい散歩||1947||1947||34||34||0.01746276322547509||0.01746276322547509
ザ・キング・オブ・ファイターズの登場人物||1943||1943||10||10||0.0051466803911477095||0.0051466803911477095
熊本地震 (2016年)||1943||1943||96||96||0.049408131755018014||0.049408131755018014
松本潤||1941||1941||59||59||0.030396702730551263||0.030396702730551263
ドリフ大爆笑||1940||1940||7||7||0.0036082474226804126||0.0036082474226804126
死刑存廃問題||1938||1938||36||36||0.018575851393188854||0.018575851393188854
手裏剣戦隊ニンニンジャー||1938||1938||119||119||0.06140350877192982||0.06140350877192982
鋼の錬金術師||1936||1936||89||89||0.04597107438016529||0.04597107438016529
ハイスクールD×D||1936||1936||15||15||0.007747933884297521||0.007747933884297521
東京ドーム||1935||1935||35||35||0.01808785529715762||0.01808785529715762
金沢市||1935||1935||18||18||0.009302325581395349||0.009302325581395349
フジテレビ番組一覧||1935||1935||4||4||0.0020671834625322996||0.0020671834625322996
竹島 (島根県)||1935||1935||58||58||0.029974160206718347||0.029974160206718347
秋元康||1934||1934||94||94||0.04860392967942089||0.04860392967942089
アダルトゲーム一覧||1932||1932||5||5||0.002587991718426501||0.002587991718426501
ウルトラマンA||1932||1932||59||59||0.030538302277432712||0.030538302277432712
東京都立日比谷高等学校||1930||1930||23||23||0.011917098445595855||0.011917098445595855
福島テレビ||1924||1924||13||13||0.006756756756756757||0.006756756756756757
四国放送||1923||1923||23||23||0.011960478419136765||0.011960478419136765
ビーイング||1923||1923||11||11||0.005720228809152366||0.005720228809152366
神のみぞ知るセカイ||1923||1923||47||47||0.024440977639105563||0.024440977639105563
日本の城一覧||1921||1921||11||11||0.005726184279021343||0.005726184279021343
暴れん坊将軍||1921||1921||11||11||0.005726184279021343||0.005726184279021343
2012年の日本競馬||1921||1921||3||3||0.0015616866215512754||0.0015616866215512754
広島電鉄||1920||1920||25||25||0.013020833333333334||0.013020833333333334
TVQ九州放送||1920||1920||6||6||0.003125||0.003125
長寿番組の一覧||1920||1920||14||14||0.007291666666666667||0.007291666666666667
絶対可憐チルドレン||1919||1919||27||27||0.014069828035435123||0.014069828035435123
BB戦士三国伝||1919||1919||28||28||0.014590932777488274||0.014590932777488274
東芝||1918||1918||27||27||0.014077163712200209||0.014077163712200209
法政大学||1918||1918||31||31||0.01616266944734098||0.01616266944734098
日笠陽子||1916||1916||83||83||0.043319415448851775||0.043319415448851775
パナソニックショップ||1915||1915||33||33||0.01723237597911227||0.01723237597911227
東京都||1914||1914||71||71||0.03709508881922675||0.03709508881922675
蛭子能収||1913||1913||18||18||0.009409304756926294||0.009409304756926294
ラブライブ!||1913||1913||83||83||0.043387349712493466||0.043387349712493466
信越放送||1911||1911||32||32||0.01674515960230246||0.01674515960230246
忍たま乱太郎||1909||1909||35||35||0.018334206390780514||0.018334206390780514
ニート||1908||1908||53||53||0.027777777777777776||0.027777777777777776
東日本旅客鉄道||1907||1907||45||45||0.023597273203985317||0.023597273203985317
GANTZ||1903||1903||26||26||0.013662637940094587||0.013662637940094587
NHKニュースおはよう日本||1903||1903||24||24||0.012611665790856543||0.012611665790856543
テイルズ オブ シリーズ||1903||1903||36||36||0.018917498686284815||0.018917498686284815
ゴッドタン||1903||1903||8||8||0.004203888596952181||0.004203888596952181
テイルズ オブ シンフォニア||1903||1903||10||10||0.005254860746190226||0.005254860746190226
特別攻撃隊||1902||1902||18||18||0.00946372239747634||0.00946372239747634
きかんしゃトーマス・汽車のえほんの登場キャラクター||1901||1901||42||42||0.022093634928984744||0.022093634928984744
京都市||1900||1900||31||31||0.01631578947368421||0.01631578947368421
釧路市||1900||1900||37||37||0.019473684210526317||0.019473684210526317
2ちゃんねらー||1898||1898||42||42||0.022128556375131718||0.022128556375131718
MBSベースボールパーク||1898||1898||6||6||0.003161222339304531||0.003161222339304531
ラジオ・チャリティー・ミュージックソン||1895||1895||19||19||0.010026385224274407||0.010026385224274407
ルパン三世||1894||1894||27||27||0.014255543822597676||0.014255543822597676
宮崎駿||1893||1893||56||56||0.029582673005810883||0.029582673005810883
サンフレッチェ広島F.C||1892||1892||24||24||0.012684989429175475||0.012684989429175475
ウルトラマンダイナの登場怪獣||1891||1891||21||21||0.01110523532522475||0.01110523532522475
To LOVEる -とらぶる-の登場人物||1891||1891||37||37||0.01956636700158646||0.01956636700158646
魔法つかいプリキュア!||1891||1891||120||120||0.06345848757271286||0.06345848757271286
アニメ関係者一覧||1889||1889||4||4||0.0021175224986765486||0.0021175224986765486
東京急行電鉄||1888||1888||43||43||0.022775423728813558||0.022775423728813558
テレビ埼玉||1888||1888||13||13||0.006885593220338983||0.006885593220338983
アメリカ同時多発テロ事件||1886||1886||36||36||0.019088016967126194||0.019088016967126194
北陸新幹線||1886||1886||57||57||0.030222693531283137||0.030222693531283137
エフエム東京||1886||1886||10||10||0.005302226935312832||0.005302226935312832
小池徹平||1886||1886||13||13||0.006892895015906681||0.006892895015906681
龍馬伝||1886||1886||74||74||0.03923647932131495||0.03923647932131495
広島ホームテレビ||1885||1885||3||3||0.0015915119363395225||0.0015915119363395225
郷里大輔||1885||1885||78||78||0.041379310344827586||0.041379310344827586
桑島法子||1883||1883||25||25||0.013276686139139671||0.013276686139139671
仮面ライダー剣||1883||1883||41||41||0.02177376526818906||0.02177376526818906
中華民国||1882||1882||136||136||0.07226354941551541||0.07226354941551541
NEWS23||1881||1881||35||35||0.018607123870281767||0.018607123870281767
大塚愛||1881||1881||58||58||0.03083466241360978||0.03083466241360978
爆竜戦隊アバレンジャー||1880||1880||27||27||0.014361702127659574||0.014361702127659574
NHKのアナウンサー一覧||1880||1880||22||22||0.011702127659574468||0.011702127659574468
バイキング (テレビ番組)||1879||1879||34||34||0.018094731240021287||0.018094731240021287
豊橋市||1878||1878||28||28||0.014909478168264111||0.014909478168264111
香港||1878||1878||30||30||0.01597444089456869||0.01597444089456869
過去に存在したダイエーの店舗||1877||1877||4||4||0.002131060202450719||0.002131060202450719
新世紀エヴァンゲリオンの登場人物||1876||1876||18||18||0.009594882729211088||0.009594882729211088
木村拓哉||1876||1876||92||92||0.04904051172707889||0.04904051172707889
バクマン。||1875||1875||51||51||0.0272||0.0272
イギリス||1875||1875||100||100||0.05333333333333334||0.05333333333333334
おはよう朝日です||1870||1870||14||14||0.0074866310160427805||0.0074866310160427805
ソードアート・オンライン||1870||1870||76||76||0.040641711229946524||0.040641711229946524
天皇賞||1869||1869||22||22||0.011771000535045479||0.011771000535045479
井上和彦 (声優)||1867||1867||18||18||0.0096411355115158||0.0096411355115158
ニッポン放送番組一覧||1867||1867||11||11||0.0058918050348152114||0.0058918050348152114
銀魂||1867||1867||67||67||0.035886448848419926||0.035886448848419926
クリスマスの約束||1866||1866||10||10||0.0053590568060021436||0.0053590568060021436
金田一少年の事件簿の犯罪者||1866||1866||24||24||0.012861736334405145||0.012861736334405145
アイカツ!||1866||1866||21||21||0.011254019292604502||0.011254019292604502
中華人民共和国||1865||1865||56||56||0.030026809651474532||0.030026809651474532
HKT48||1865||1865||134||134||0.07184986595174263||0.07184986595174263
太平洋戦争||1862||1862||62||62||0.03329752953813104||0.03329752953813104
真・三國無双シリーズ||1860||1860||45||45||0.024193548387096774||0.024193548387096774
妖怪ウォッチの登場キャラクター||1860||1860||17||17||0.00913978494623656||0.00913978494623656
江頭2:50||1859||1859||43||43||0.023130715438407747||0.023130715438407747
インド||1858||1858||41||41||0.022066738428417654||0.022066738428417654
キリスト教||1857||1857||70||70||0.03769520732364028||0.03769520732364028
ソウルイーター||1857||1857||21||21||0.011308562197092083||0.011308562197092083
日本の男優一覧||1856||1856||11||11||0.005926724137931034||0.005926724137931034
東海旅客鉄道||1856||1856||36||36||0.01939655172413793||0.01939655172413793
ドラゴンボール改||1856||1856||103||103||0.05549568965517242||0.05549568965517242
カードキャプターさくら||1855||1855||41||41||0.022102425876010783||0.022102425876010783
オレたちひょうきん族||1855||1855||27||27||0.014555256064690027||0.014555256064690027
NHK放送センター||1855||1855||27||27||0.014555256064690027||0.014555256064690027
ウルトラマンダイナ||1853||1853||22||22||0.011872638963842417||0.011872638963842417
コードギアスシリーズの登場人物||1853||1853||14||14||0.007555315704263357||0.007555315704263357
ウルトラマンガイア||1852||1852||28||28||0.01511879049676026||0.01511879049676026
1982年||1849||1849||11||11||0.005949161709031909||0.005949161709031909
王様のブランチ||1849||1849||30||30||0.016224986479177934||0.016224986479177934
杉山紀彰||1849||1849||13||13||0.007030827474310438||0.007030827474310438
文化放送ライオンズナイター||1848||1848||14||14||0.007575757575757576||0.007575757575757576
PASMO||1848||1848||39||39||0.021103896103896104||0.021103896103896104
機動戦士ガンダムSEEDの登場人物||1848||1848||15||15||0.008116883116883116||0.008116883116883116
ドイツ||1848||1848||52||52||0.02813852813852814||0.02813852813852814
MAJOR||1847||1847||19||19||0.01028695181375203||0.01028695181375203
ウルトラマンメビウスの登場怪獣||1847||1847||10||10||0.005414185165132647||0.005414185165132647
埼玉県||1846||1846||52||52||0.028169014084507043||0.028169014084507043
青森県出身の人物一覧||1846||1846||51||51||0.0276273022751896||0.0276273022751896
大島優子||1846||1846||173||173||0.09371614301191766||0.09371614301191766
ごちそうさん (2013年のテレビドラマ)||1844||1844||29||29||0.015726681127982648||0.015726681127982648
クイズ$ミリオネア||1841||1841||10||10||0.005431830526887561||0.005431830526887561
公明党||1840||1840||49||49||0.026630434782608695||0.026630434782608695
阪和線||1839||1839||29||29||0.015769439912996192||0.015769439912996192
Pop'n musicの登場キャラクター||1839||1839||10||10||0.005437737901033171||0.005437737901033171
テレビ大阪||1837||1837||17||17||0.009254218835057159||0.009254218835057159
吉田拓郎||1836||1836||11||11||0.005991285403050109||0.005991285403050109
るろうに剣心 -明治剣客浪漫譚-||1836||1836||19||19||0.010348583877995643||0.010348583877995643
A&G 超RADIO SHOW〜アニスパ!〜||1834||1834||12||12||0.006543075245365322||0.006543075245365322
美少女戦士セーラームーンの登場人物||1832||1832||30||30||0.016375545851528384||0.016375545851528384
ポーランド||1831||1831||14||14||0.007646095030038231||0.007646095030038231
幽☆遊☆白書の登場人物一覧||1830||1830||9||9||0.004918032786885246||0.004918032786885246
松任谷由実||1829||1829||19||19||0.01038819026790596||0.01038819026790596
うたばん||1827||1827||36||36||0.019704433497536946||0.019704433497536946
学園黙示録 HIGHSCHOOL OF THE DEAD||1827||1827||53||53||0.029009304871373837||0.029009304871373837
東京メトロ副都心線||1826||1826||64||64||0.03504928806133625||0.03504928806133625
社会民主党 (日本 1996-)||1826||1826||94||94||0.05147864184008762||0.05147864184008762
テレビ朝日番組一覧||1826||1826||10||10||0.00547645125958379||0.00547645125958379
ミュージックステーションスーパーライブ||1825||1825||21||21||0.011506849315068493||0.011506849315068493
YouTube||1825||1825||117||117||0.06410958904109589||0.06410958904109589
動物戦隊ジュウオウジャー||1825||1825||121||121||0.0663013698630137||0.0663013698630137
FOMA||1824||1824||1||1||5.482456140350877E-4||5.482456140350877E-4
スーパー戦隊Vシネマ||1824||1824||30||30||0.01644736842105263||0.01644736842105263
脳内エステ IQサプリ||1822||1822||21||21||0.011525795828759604||0.011525795828759604
東武東上本線||1822||1822||32||32||0.01756311745334797||0.01756311745334797
相模原市||1819||1819||17||17||0.009345794392523364||0.009345794392523364
ジョジョの奇妙な冒険||1818||1818||26||26||0.014301430143014302||0.014301430143014302
金曜ロードSHOW!||1815||1815||14||14||0.007713498622589532||0.007713498622589532
日産・スカイライン||1813||1813||24||24||0.013237727523441808||0.013237727523441808
東方Projectの登場人物||1812||1812||77||77||0.04249448123620309||0.04249448123620309
少女時代 (音楽グループ)||1812||1812||67||67||0.0369757174392936||0.0369757174392936
キャプテン翼の登場人物||1811||1811||35||35||0.01932633903920486||0.01932633903920486
国鉄201系電車||1809||1809||67||67||0.037037037037037035||0.037037037037037035
松本市||1809||1809||19||19||0.010503040353786623||0.010503040353786623
統合失調症||1809||1809||71||71||0.03924820342730791||0.03924820342730791
バイオハザードシリーズ||1808||1808||42||42||0.023230088495575223||0.023230088495575223
山田涼介||1808||1808||71||71||0.03926991150442478||0.03926991150442478
鹿児島県出身の人物一覧||1806||1806||18||18||0.009966777408637873||0.009966777408637873
立命館大学||1806||1806||39||39||0.02159468438538206||0.02159468438538206
ジャッキー・チェン||1805||1805||27||27||0.014958448753462604||0.014958448753462604
インテルナツィオナーレ・ミラノ||1805||1805||20||20||0.0110803324099723||0.0110803324099723
鹿児島テレビ放送||1805||1805||12||12||0.006648199445983379||0.006648199445983379
新垣結衣||1804||1804||93||93||0.05155210643015521||0.05155210643015521
ロウきゅーぶ!||1803||1803||48||48||0.026622296173044926||0.026622296173044926
新幹線N700系電車||1799||1799||90||90||0.0500277932184547||0.0500277932184547
安田章大||1796||1796||14||14||0.0077951002227171495||0.0077951002227171495
堂本光一||1795||1795||14||14||0.007799442896935933||0.007799442896935933
RKB毎日放送||1795||1795||14||14||0.007799442896935933||0.007799442896935933
きらりん☆レボリューション||1795||1795||22||22||0.012256267409470752||0.012256267409470752
鋼の錬金術師の主要な登場人物||1795||1795||58||58||0.03231197771587744||0.03231197771587744
訃報 2009年||1795||1795||13||13||0.0072423398328690805||0.0072423398328690805
全国高等学校野球選手権大会||1795||1795||19||19||0.010584958217270195||0.010584958217270195
逸見政孝||1794||1794||15||15||0.008361204013377926||0.008361204013377926
笑福亭鶴瓶||1794||1794||20||20||0.011148272017837236||0.011148272017837236
天地人 (NHK大河ドラマ)||1794||1794||69||69||0.038461538461538464||0.038461538461538464
乃木坂46||1791||1791||104||104||0.05806811836962591||0.05806811836962591
櫻井翔||1790||1790||147||147||0.08212290502793296||0.08212290502793296
京成電鉄||1788||1788||28||28||0.015659955257270694||0.015659955257270694
8時だョ!全員集合||1787||1787||25||25||0.013989927252378288||0.013989927252378288
宇都宮線||1787||1787||17||17||0.009513150531617236||0.009513150531617236
北千住駅||1786||1786||32||32||0.01791713325867861||0.01791713325867861
遊☆戯☆王ARC-V||1785||1785||101||101||0.05658263305322129||0.05658263305322129
中田英寿||1783||1783||33||33||0.018508132361189006||0.018508132361189006
遊佐浩二||1782||1782||14||14||0.007856341189674524||0.007856341189674524
激走戦隊カーレンジャー||1781||1781||24||24||0.01347557551937114||0.01347557551937114
松本人志||1781||1781||92||92||0.05165637282425604||0.05165637282425604
山手線||1781||1781||35||35||0.019651880965749578||0.019651880965749578
1989年||1779||1779||18||18||0.01011804384485666||0.01011804384485666
南京事件||1779||1779||215||215||0.12085441259134345||0.12085441259134345
下関市||1778||1778||27||27||0.015185601799775027||0.015185601799775027
専修大学の人物一覧||1778||1778||10||10||0.00562429696287964||0.00562429696287964
ミュ〜コミ+プラス||1778||1778||8||8||0.0044994375703037125||0.0044994375703037125
地上デジタルテレビ放送||1777||1777||16||16||0.009003939223410242||0.009003939223410242
秋田テレビ||1777||1777||10||10||0.005627462014631401||0.005627462014631401
テレフォンショッキング||1776||1776||28||28||0.015765765765765764||0.015765765765765764
同性愛||1776||1776||73||73||0.04110360360360361||0.04110360360360361
日本選手権シリーズ||1775||1775||17||17||0.009577464788732394||0.009577464788732394
JR東日本209系電車||1775||1775||116||116||0.06535211267605634||0.06535211267605634
戸松遥||1775||1775||76||76||0.0428169014084507||0.0428169014084507
青野武||1774||1774||34||34||0.019165727170236752||0.019165727170236752
東京タワー||1774||1774||37||37||0.020856820744081173||0.020856820744081173
佐藤利奈||1773||1773||27||27||0.015228426395939087||0.015228426395939087
革命機ヴァルヴレイヴ||1773||1773||28||28||0.015792442188381276||0.015792442188381276
ベガルタ仙台||1770||1770||9||9||0.005084745762711864||0.005084745762711864
松浦亜弥||1770||1770||35||35||0.01977401129943503||0.01977401129943503
北斗の拳の登場人物一覧||1769||1769||10||10||0.005652911249293386||0.005652911249293386
真選組||1769||1769||6||6||0.0033917467495760316||0.0033917467495760316
2010年のテレビ (日本)||1767||1767||7||7||0.003961516694963215||0.003961516694963215
立木文彦||1766||1766||11||11||0.00622876557191393||0.00622876557191393
BLAZBLUE||1766||1766||6||6||0.0033975084937712344||0.0033975084937712344
豊崎愛生||1766||1766||109||109||0.06172140430351076||0.06172140430351076
Dr.スランプの登場人物||1766||1766||44||44||0.02491506228765572||0.02491506228765572
ウェザーニュースLiVE||1765||1765||25||25||0.014164305949008499||0.014164305949008499
ナイトライダー||1764||1764||12||12||0.006802721088435374||0.006802721088435374
武豊||1760||1760||50||50||0.028409090909090908||0.028409090909090908
ハリー・ポッターシリーズの登場人物一覧||1759||1759||15||15||0.008527572484366117||0.008527572484366117
田中理恵 (声優)||1758||1758||50||50||0.02844141069397042||0.02844141069397042
1988年||1757||1757||22||22||0.012521343198634035||0.012521343198634035
有吉弘行||1757||1757||116||116||0.06602162777461583||0.06602162777461583
魔人探偵脳噛ネウロの登場人物||1757||1757||7||7||0.00398406374501992||0.00398406374501992
志村けん||1756||1756||43||43||0.0244874715261959||0.0244874715261959
岩手県出身の人物一覧||1754||1754||3||3||0.0017103762827822121||0.0017103762827822121
ACミラン||1753||1753||9||9||0.00513405590416429||0.00513405590416429
零式艦上戦闘機||1752||1752||88||88||0.0502283105022831||0.0502283105022831
長崎放送||1751||1751||3||3||0.0017133066818960593||0.0017133066818960593
日本三大一覧||1751||1751||70||70||0.03997715591090805||0.03997715591090805
バカリズム||1751||1751||42||42||0.023986293546544833||0.023986293546544833
BLOODY MONDAY||1751||1751||29||29||0.01656196459166191||0.01656196459166191
ゴルゴ13||1750||1750||10||10||0.005714285714285714||0.005714285714285714
電車でGO!||1750||1750||30||30||0.017142857142857144||0.017142857142857144
森田成一||1750||1750||15||15||0.008571428571428572||0.008571428571428572
品川駅||1750||1750||45||45||0.025714285714285714||0.025714285714285714
1985年||1749||1749||31||31||0.017724413950829045||0.017724413950829045
陸上自衛隊の装備品一覧||1748||1748||14||14||0.008009153318077803||0.008009153318077803
ぐるぐるナインティナイン||1748||1748||20||20||0.011441647597254004||0.011441647597254004
ヨシフ・スターリン||1748||1748||18||18||0.010297482837528604||0.010297482837528604
おおきく振りかぶって||1746||1746||14||14||0.008018327605956471||0.008018327605956471
NON STYLE||1746||1746||53||53||0.030355097365406643||0.030355097365406643
上杉謙信||1746||1746||69||69||0.03951890034364261||0.03951890034364261
ジャパン・ニュース・ネットワーク||1745||1745||66||66||0.03782234957020057||0.03782234957020057
フジテレビ月曜9時枠の連続ドラマ||1744||1744||24||24||0.013761467889908258||0.013761467889908258
新婚さんいらっしゃい!||1743||1743||9||9||0.0051635111876075735||0.0051635111876075735
小山力也||1741||1741||32||32||0.018380241240666284||0.018380241240666284
曲名一覧||1740||1740||2||2||0.0011494252873563218||0.0011494252873563218
檜山修之||1740||1740||42||42||0.02413793103448276||0.02413793103448276
大塚芳忠||1740||1740||19||19||0.010919540229885057||0.010919540229885057
仮面ライダー響鬼||1740||1740||22||22||0.01264367816091954||0.01264367816091954
消費税||1739||1739||38||38||0.02185163887291547||0.02185163887291547
あたしンち||1738||1738||27||27||0.015535097813578827||0.015535097813578827
文化放送||1738||1738||15||15||0.00863060989643268||0.00863060989643268
小田急電鉄||1737||1737||28||28||0.016119746689694875||0.016119746689694875
ローゼンメイデンの登場人物一覧||1737||1737||29||29||0.01669545192861255||0.01669545192861255
吉野裕行||1735||1735||21||21||0.012103746397694525||0.012103746397694525
笑点Jr.||1735||1735||9||9||0.005187319884726225||0.005187319884726225
ふたりはプリキュア Splash Star||1735||1735||42||42||0.02420749279538905||0.02420749279538905
東武鉄道||1734||1734||28||28||0.016147635524798153||0.016147635524798153
岡村隆史||1733||1733||31||31||0.01788805539526832||0.01788805539526832
フランス||1733||1733||87||87||0.05020196191575303||0.05020196191575303
高崎市||1732||1732||8||8||0.004618937644341801||0.004618937644341801
自衛隊||1731||1731||59||59||0.0340843443096476||0.0340843443096476
ダルビッシュ有||1730||1730||82||82||0.047398843930635835||0.047398843930635835
コブクロ||1729||1729||16||16||0.009253903990746095||0.009253903990746095
テレビ山口||1727||1727||6||6||0.003474232773595831||0.003474232773595831
コンビニATM||1726||1726||5||5||0.0028968713789107765||0.0028968713789107765
青森朝日放送||1726||1726||1||1||5.793742757821553E-4||5.793742757821553E-4
ラグナロクオンライン||1725||1725||9||9||0.0052173913043478265||0.0052173913043478265
ムヒョとロージーの魔法律相談事務所||1724||1724||6||6||0.0034802784222737818||0.0034802784222737818

