
Page||Recent Revisions||Total Revisions||Recent Reverts||Total Reverts||Recent Contention||Total Contention
ONE PIECEの登場人物一覧/log||5010||5010||25||25||0.00499001996007984||0.00499001996007984
AKB48/log20110116||4696||4696||194||194||0.04131175468483816||0.04131175468483816
仮面ライダーディケイド/log20091223||4546||4546||174||174||0.03827540695116586||0.03827540695116586
仮面ライダー電王/log20080331||4485||4485||26||26||0.005797101449275362||0.005797101449275362
舞-乙HiME/log20120619||4066||4066||2||2||4.918839153959665E-4||4.918839153959665E-4
銀魂/log20081129||4001||4001||15||15||0.003749062734316421||0.003749062734316421
BLEACH/log20080419||3877||3877||20||20||0.005158627805003869||0.005158627805003869
笑点/log20110201||3831||3831||10||10||0.0026102845210127902||0.0026102845210127902
仮面ライダーW/log20110201||3809||3809||77||77||0.02021527960094513||0.02021527960094513
ウルトラマンメビウス/log20100825||3792||3792||39||39||0.010284810126582278||0.010284810126582278
銀魂の登場人物一覧/log20080904||3752||3752||3||3||7.995735607675906E-4||7.995735607675906E-4
ONE PIECE/log||3694||3694||29||29||0.00785056848944234||0.00785056848944234
クイズ!ヘキサゴンII/log20090401||3650||3650||31||31||0.008493150684931507||0.008493150684931507
コードギアス 反逆のルルーシュ/log20080407||3610||3610||21||21||0.005817174515235457||0.005817174515235457
日本/log20090827||3601||3601||74||74||0.02054984726464871||0.02054984726464871
家庭教師ヒットマンREBORN!/log20100415||3591||3591||128||128||0.03564466722361459||0.03564466722361459
プレイステーション3/log20100415||3548||3548||50||50||0.014092446448703494||0.014092446448703494
第二次世界大戦/log20120619||3523||3523||30||30||0.008515469770082317||0.008515469770082317
ネプリーグ/log20091026||3501||3501||10||10||0.0028563267637817767||0.0028563267637817767
涼宮ハルヒシリーズ/log20090701||3492||3492||76||76||0.021764032073310423||0.021764032073310423
エンタの神様/log20091223||3480||3480||28||28||0.008045977011494253||0.008045977011494253
ケロロ軍曹の登場人物一覧/log20090210||3436||3436||5||5||0.0014551804423748546||0.0014551804423748546
森田一義アワー 笑っていいとも!/log20130117||3400||3400||18||18||0.005294117647058823||0.005294117647058823
D.Gray-man||3368||3368||18||18||0.005344418052256532||0.005344418052256532
ミュージックステーション/log20120615||3356||3356||14||14||0.004171632896305125||0.004171632896305125
ゲームセンターCX/history20160321||3343||3343||18||18||0.0053843852826802275||0.0053843852826802275
けいおん!/log20120612||3264||3264||252||252||0.07720588235294118||0.07720588235294118
破面||3255||3255||15||15||0.004608294930875576||0.004608294930875576
ズームイン!!SUPER/log20091228||3247||3247||8||8||0.0024638127502309825||0.0024638127502309825
機動戦士ガンダム00||3236||3236||57||57||0.01761433868974042||0.01761433868974042
BLEACHの登場人物||3234||3234||24||24||0.0074211502782931356||0.0074211502782931356
ナインティナインのオールナイトニッポン||3227||3227||20||20||0.006197706848466067||0.006197706848466067
ドラゴンボールの登場人物||3192||3192||32||32||0.010025062656641603||0.010025062656641603
SASUKE/history20180113||3169||3169||19||19||0.005995582202587567||0.005995582202587567
青森放送/history20180113||3135||3135||0||0||0.0||0.0
モーニング娘。||3132||3132||57||57||0.018199233716475097||0.018199233716475097
クレヨンしんちゃん||3121||3121||21||21||0.0067286126241589235||0.0067286126241589235
テニスの王子様の登場人物/log20120614||3105||3105||6||6||0.001932367149758454||0.001932367149758454
ケロロ軍曹||3101||3101||12||12||0.003869719445340213||0.003869719445340213
小沢一郎||3093||3093||88||88||0.028451341739411575||0.028451341739411575
広島県出身の人物一覧||3086||3086||3||3||9.721322099805574E-4||9.721322099805574E-4
ジャニーズJr.||3085||3085||37||37||0.011993517017828201||0.011993517017828201
NARUTO -ナルト-の登場人物/log20120612||3077||3077||62||62||0.020149496262593436||0.020149496262593436
Yes!プリキュア5||3064||3064||52||52||0.016971279373368148||0.016971279373368148
UHFアニメ||3024||3024||8||8||0.0026455026455026454||0.0026455026455026454
DEATH NOTEの登場人物||3024||3024||8||8||0.0026455026455026454||0.0026455026455026454
水戸黄門 (パナソニック ドラマシアター)||2998||2998||10||10||0.00333555703802535||0.00333555703802535
アメリカ横断ウルトラクイズ||2951||2951||3||3||0.0010166045408336157||0.0010166045408336157
大喜利 (笑点)||2950||2950||65||65||0.022033898305084745||0.022033898305084745
DEATH NOTE||2946||2946||34||34||0.011541072640868975||0.011541072640868975
情報ライブ ミヤネ屋||2942||2942||34||34||0.011556764106050306||0.011556764106050306
ドラえもん||2926||2926||91||91||0.03110047846889952||0.03110047846889952
新世紀エヴァンゲリオン||2907||2907||41||41||0.01410388716890265||0.01410388716890265
アニメ版ポケットモンスターの登場人物/history20160321||2904||2904||29||29||0.009986225895316805||0.009986225895316805
B'z||2890||2890||61||61||0.02110726643598616||0.02110726643598616
読売ジャイアンツ||2873||2873||16||16||0.005569091541942221||0.005569091541942221
アンパンマンの登場人物一覧/log20120613||2873||2873||43||43||0.014966933518969718||0.014966933518969718
太鼓の達人||2872||2872||46||46||0.016016713091922007||0.016016713091922007
24時間テレビ 「愛は地球を救う」/history20160321||2844||2844||67||67||0.023558368495077357||0.023558368495077357
愛知県出身の人物一覧||2843||2843||13||13||0.0045726345409778405||0.0045726345409778405
そこまで言って委員会NP||2843||2843||9||9||0.0031656700668308124||0.0031656700668308124
石原慎太郎||2836||2836||65||65||0.022919605077574047||0.022919605077574047
日本航空123便墜落事故||2809||2809||18||18||0.006407974368102528||0.006407974368102528
NARUTO -ナルト-||2807||2807||20||20||0.007125044531528322||0.007125044531528322
魔人探偵脳噛ネウロ||2807||2807||8||8||0.0028500178126113287||0.0028500178126113287
テレビ東京||2799||2799||15||15||0.0053590568060021436||0.0053590568060021436
EXILE/log 20120611||2795||2795||38||38||0.013595706618962432||0.013595706618962432
阪神タイガース||2789||2789||35||35||0.01254930082466834||0.01254930082466834
毎日放送||2782||2782||11||11||0.003953989935298346||0.003953989935298346
獣拳戦隊ゲキレンジャー||2759||2759||27||27||0.009786154403769481||0.009786154403769481
クイズ!ヘキサゴンII||2750||2750||102||102||0.03709090909090909||0.03709090909090909
トヨタ自動車||2748||2748||70||70||0.025473071324599708||0.025473071324599708
国鉄485系電車||2747||2747||26||26||0.009464870768110666||0.009464870768110666
ドラゴンボール||2746||2746||55||55||0.02002913328477786||0.02002913328477786
ちちんぷいぷい (テレビ番組)/history20180113||2744||2744||9||9||0.0032798833819241984||0.0032798833819241984
東京放送ホールディングス||2744||2744||25||25||0.009110787172011662||0.009110787172011662
らき☆すた||2743||2743||29||29||0.010572366022602989||0.010572366022602989
スーパー戦隊シリーズ/history20160321||2738||2738||11||11||0.004017531044558071||0.004017531044558071
クイズ世界はSHOW by ショーバイ!!||2723||2723||8||8||0.0029379360998898272||0.0029379360998898272
こちら葛飾区亀有公園前派出所||2702||2702||26||26||0.009622501850481125||0.009622501850481125
めちゃ×2イケてるッ!||2702||2702||26||26||0.009622501850481125||0.009622501850481125
水曜どうでしょう||2699||2699||7||7||0.002593553167839941||0.002593553167839941
2006年||2673||2673||37||37||0.013842124953236064||0.013842124953236064
中部日本放送||2672||2672||6||6||0.002245508982035928||0.002245508982035928
相棒/history20150820||2662||2662||60||60||0.022539444027047332||0.022539444027047332
仮面ライダーカブト||2661||2661||28||28||0.010522360015031942||0.010522360015031942
明石家さんま||2660||2660||25||25||0.009398496240601503||0.009398496240601503
東京大学の人物一覧||2652||2652||8||8||0.0030165912518853697||0.0030165912518853697
静岡市||2648||2648||16||16||0.006042296072507553||0.006042296072507553
仙台市||2643||2643||21||21||0.007945516458569807||0.007945516458569807
轟轟戦隊ボウケンジャー||2639||2639||19||19||0.0071996968548692685||0.0071996968548692685
ローゼンメイデン/history 20130917||2633||2633||36||36||0.013672616786935056||0.013672616786935056
ハヤテのごとく!の登場人物||2629||2629||91||91||0.034613921643210345||0.034613921643210345
銀魂 (アニメ)||2619||2619||4||4||0.0015273004963726614||0.0015273004963726614
テレビ神奈川||2618||2618||12||12||0.004583651642475172||0.004583651642475172
麻生太郎||2610||2610||68||68||0.026053639846743294||0.026053639846743294
古畑任三郎||2592||2592||12||12||0.004629629629629629||0.004629629629629629
金色のガッシュ!!の登場人物||2568||2568||8||8||0.003115264797507788||0.003115264797507788
フジテレビジョン||2545||2545||5||5||0.0019646365422396855||0.0019646365422396855
日本の漫画家一覧||2541||2541||3||3||0.0011806375442739079||0.0011806375442739079
しゅごキャラ!||2535||2535||16||16||0.00631163708086785||0.00631163708086785
名探偵コナンの登場人物/history20180113||2527||2527||40||40||0.015829046299960427||0.015829046299960427
二宮和也||2524||2524||77||77||0.030507131537242473||0.030507131537242473
SMAP||2523||2523||35||35||0.013872374157748711||0.013872374157748711
3年B組金八先生)/history20180113||2520||2520||31||31||0.012301587301587301||0.012301587301587301
侍戦隊シンケンジャー||2515||2515||44||44||0.01749502982107356||0.01749502982107356
Axis powers ヘタリア||2511||2511||24||24||0.009557945041816009||0.009557945041816009
福山潤||2509||2509||24||24||0.009565563969709047||0.009565563969709047
仮面ライダーシリーズ||2496||2496||45||45||0.018028846153846152||0.018028846153846152
錦戸亮||2490||2490||34||34||0.013654618473895583||0.013654618473895583
クイズダービー||2487||2487||17||17||0.006835544833132288||0.006835544833132288
M-1グランプリ||2473||2473||17||17||0.006874241811564901||0.006874241811564901
大韓民国||2472||2472||58||58||0.023462783171521034||0.023462783171521034
オールスター感謝祭/history20190417||2459||2459||20||20||0.008133387555917039||0.008133387555917039
2005年||2432||2432||17||17||0.0069901315789473685||0.0069901315789473685
ケロロ軍曹 (アニメ)||2432||2432||15||15||0.006167763157894737||0.006167763157894737
日本プロサッカーリーグ||2431||2431||44||44||0.01809954751131222||0.01809954751131222
世界一の一覧||2428||2428||23||23||0.009472817133443162||0.009472817133443162
奥州市||2428||2428||3||3||0.0012355848434925864||0.0012355848434925864
ジャニーズ事務所||2427||2427||25||25||0.010300782859497322||0.010300782859497322
国鉄103系電車||2423||2423||16||16||0.006603384234420141||0.006603384234420141
パネルクイズ アタック25||2420||2420||44||44||0.01818181818181818||0.01818181818181818
家庭教師ヒットマンREBORN!の登場人物||2413||2413||34||34||0.014090343970161625||0.014090343970161625
キン肉マンの登場人物||2410||2410||6||6||0.0024896265560165973||0.0024896265560165973
週刊少年ジャンプ||2409||2409||30||30||0.012453300124533||0.012453300124533
天装戦隊ゴセイジャー||2409||2409||43||43||0.0178497301784973||0.0178497301784973
デジモン一覧||2396||2396||6||6||0.0025041736227045075||0.0025041736227045075
浦和レッドダイヤモンズ||2385||2385||27||27||0.011320754716981131||0.011320754716981131
イナズマイレブンの登場人物/history20150222||2383||2383||36||36||0.015107007973143098||0.015107007973143098
日本放送協会||2370||2370||30||30||0.012658227848101266||0.012658227848101266
FNS27時間テレビ||2366||2366||5||5||0.002113271344040575||0.002113271344040575
京都放送||2353||2353||4||4||0.0016999575010624734||0.0016999575010624734
バンプレストオリジナルのキャラクター一覧||2349||2349||4||4||0.0017028522775649213||0.0017028522775649213
アイシールド21||2334||2334||13||13||0.005569837189374464||0.005569837189374464
ハロー!プロジェクト||2328||2328||30||30||0.01288659793814433||0.01288659793814433
日本共産党||2327||2327||32||32||0.013751611516974646||0.013751611516974646
灼眼のシャナ||2325||2325||21||21||0.00903225806451613||0.00903225806451613
日本テレビ放送網||2324||2324||7||7||0.0030120481927710845||0.0030120481927710845
北海道放送||2320||2320||3||3||0.001293103448275862||0.001293103448275862
SAMURAI BASEBALL||2313||2313||6||6||0.0025940337224383916||0.0025940337224383916
涼宮ハルヒの憂鬱 (アニメ)||2303||2303||80||80||0.03473729917498915||0.03473729917498915
鈴村健一||2301||2301||27||27||0.011734028683181226||0.011734028683181226
千葉ロッテマリーンズ||2294||2294||40||40||0.017436791630340016||0.017436791630340016
ドラえもん (1979年のテレビアニメ)||2294||2294||16||16||0.006974716652136007||0.006974716652136007
福岡県出身の人物一覧||2294||2294||17||17||0.0074106364428945075||0.0074106364428945075
2007年||2282||2282||39||39||0.017090271691498685||0.017090271691498685
北海道日本ハムファイターズ||2276||2276||19||19||0.008347978910369069||0.008347978910369069
探偵!ナイトスクープ||2267||2267||5||5||0.0022055580061755625||0.0022055580061755625
マイケル・ジャクソン||2265||2265||36||36||0.015894039735099338||0.015894039735099338
志田未来||2256||2256||38||38||0.016843971631205674||0.016843971631205674
鋼の錬金術師の登場人物一覧/history 20120609||2248||2248||13||13||0.005782918149466192||0.005782918149466192
さよなら絶望先生||2246||2246||22||22||0.009795191451469279||0.009795191451469279
イナズマイレブン||2240||2240||25||25||0.011160714285714286||0.011160714285714286
D.Gray-manの登場人物||2237||2237||28||28||0.012516763522574878||0.012516763522574878
SLAM DUNKの登場人物||2233||2233||13||13||0.005821764442454098||0.005821764442454098
トリビアの泉 〜素晴らしきムダ知識〜||2232||2232||11||11||0.00492831541218638||0.00492831541218638
Au (携帯電話)||2232||2232||41||41||0.018369175627240143||0.018369175627240143
大野智||2230||2230||59||59||0.026457399103139014||0.026457399103139014
みんなが出るテレビ||2216||2216||5||5||0.002256317689530686||0.002256317689530686
スーパーベースボール (テレビ朝日系列)||2203||2203||0||0||0.0||0.0
遊☆戯☆王デュエルモンスターズGXの登場人物||2197||2197||10||10||0.004551661356395084||0.004551661356395084
東京駅||2196||2196||37||37||0.016848816029143898||0.016848816029143898
浅田真央||2196||2196||67||67||0.03051001821493625||0.03051001821493625
NHK紅白歌合戦||2190||2190||60||60||0.0273972602739726||0.0273972602739726
福山市||2187||2187||3||3||0.0013717421124828531||0.0013717421124828531
オールナイトニッポン||2180||2180||9||9||0.004128440366972477||0.004128440366972477
石田彰||2172||2172||13||13||0.005985267034990792||0.005985267034990792
都市伝説一覧||2170||2170||24||24||0.011059907834101382||0.011059907834101382
テニスの王子様||2169||2169||37||37||0.01705855232826187||0.01705855232826187
ゲゲゲの鬼太郎 (アニメ)||2165||2165||2||2||9.237875288683603E-4||9.237875288683603E-4
中部国際空港||2164||2164||26||26||0.012014787430683918||0.012014787430683918
KAT-TUN||2152||2152||41||41||0.019052044609665426||0.019052044609665426
日産自動車||2151||2151||16||16||0.007438400743840074||0.007438400743840074
とある魔術の禁書目録||2151||2151||55||55||0.025569502556950254||0.025569502556950254
堀江由衣||2146||2146||37||37||0.017241379310344827||0.017241379310344827
朝日放送グループホールディングス||2145||2145||11||11||0.005128205128205128||0.005128205128205128
ガンダムシリーズの登場機動兵器一覧||2144||2144||10||10||0.0046641791044776115||0.0046641791044776115
ポルノグラフィティ||2136||2136||34||34||0.015917602996254682||0.015917602996254682
ヤッターマン||2135||2135||10||10||0.00468384074941452||0.00468384074941452
全国高等学校クイズ選手権||2125||2125||26||26||0.01223529411764706||0.01223529411764706
コロンビア大学||2123||2123||7||7||0.003297220913801225||0.003297220913801225
BUMP OF CHICKEN||2123||2123||49||49||0.023080546396608573||0.023080546396608573
松井秀喜||2119||2119||53||53||0.025011798017932987||0.025011798017932987
ONE PIECEの登場人物一覧||2119||2119||136||136||0.06418121755545068||0.06418121755545068
世界平和統一家庭連合||2115||2115||29||29||0.013711583924349883||0.013711583924349883
新宿駅||2115||2115||25||25||0.01182033096926714||0.01182033096926714
SoftBank (携帯電話)||2109||2109||18||18||0.008534850640113799||0.008534850640113799
ハヤテのごとく!||2109||2109||25||25||0.011853959222380275||0.011853959222380275
鉄道事故||2098||2098||16||16||0.0076263107721639654||0.0076263107721639654
櫻井孝宏||2098||2098||27||27||0.012869399428026692||0.012869399428026692
慶應義塾大学の人物一覧||2095||2095||39||39||0.018615751789976133||0.018615751789976133
東京大学||2092||2092||43||43||0.02055449330783939||0.02055449330783939
GTO (漫画)||2091||2091||5||5||0.0023912003825920613||0.0023912003825920613
SCHOOL OF LOCK!||2083||2083||8||8||0.003840614498319731||0.003840614498319731
王貞治||2064||2064||18||18||0.00872093023255814||0.00872093023255814
マジカル頭脳パワー!!||2063||2063||14||14||0.0067862336403296175||0.0067862336403296175
声優||2058||2058||15||15||0.007288629737609329||0.007288629737609329
Wii/history 20130210||2056||2056||16||16||0.007782101167315175||0.007782101167315175
新潟市||2055||2055||16||16||0.007785888077858881||0.007785888077858881
ポケットモンスター (アニメ)||2052||2052||18||18||0.008771929824561403||0.008771929824561403
クイズタイムショック||2044||2044||9||9||0.004403131115459882||0.004403131115459882
さよなら絶望先生の登場人物||2041||2041||19||19||0.009309162175404213||0.009309162175404213
CLANNAD (ゲーム)||2040||2040||49||49||0.024019607843137256||0.024019607843137256
逆転裁判||2038||2038||28||28||0.013738959764474975||0.013738959764474975
慶應義塾大学/history20130405||2036||2036||56||56||0.0275049115913556||0.0275049115913556
海賊 (ONE PIECE)/history20180113||2035||2035||56||56||0.027518427518427518||0.027518427518427518
ひぐらしのなく頃に||2034||2034||25||25||0.012291052114060964||0.012291052114060964
ラジかるッ||2031||2031||4||4||0.0019694731659281144||0.0019694731659281144
劇場版 仮面ライダーディケイド オールライダー対大ショッカー||2028||2028||99||99||0.04881656804733728||0.04881656804733728
浜松市||2019||2019||13||13||0.0064388311045071814||0.0064388311045071814
暁 (NARUTO)||2013||2013||47||47||0.02334823646299056||0.02334823646299056
マクロスF||2011||2011||30||30||0.014917951268025857||0.014917951268025857
とある魔術の禁書目録の登場人物||2004||2004||64||64||0.031936127744510975||0.031936127744510975
やしきたかじん||1997||1997||12||12||0.006009013520280421||0.006009013520280421
子安武人||1989||1989||10||10||0.005027652086475616||0.005027652086475616
小泉純一郎||1989||1989||31||31||0.01558572146807441||0.01558572146807441
能登麻美子||1988||1988||22||22||0.011066398390342052||0.011066398390342052
20世紀少年||1986||1986||30||30||0.015105740181268883||0.015105740181268883
山下智久||1986||1986||54||54||0.027190332326283987||0.027190332326283987
THE IDOLM@STERの登場人物||1985||1985||80||80||0.04030226700251889||0.04030226700251889
ウルトラマン||1981||1981||26||26||0.013124684502776375||0.013124684502776375
野村克也||1976||1976||48||48||0.024291497975708502||0.024291497975708502
福岡ソフトバンクホークス||1975||1975||12||12||0.0060759493670886075||0.0060759493670886075
TBSテレビ||1972||1972||50||50||0.02535496957403651||0.02535496957403651
タモリ||1970||1970||25||25||0.012690355329949238||0.012690355329949238
北斗の拳||1967||1967||12||12||0.006100660904931368||0.006100660904931368
School Days||1954||1954||36||36||0.01842374616171955||0.01842374616171955
東急田園都市線||1954||1954||34||34||0.017400204708290685||0.017400204708290685
日本航空||1953||1953||31||31||0.015873015873015872||0.015873015873015872
遊☆戯☆王5D's||1943||1943||19||19||0.00977869274318065||0.00977869274318065
仮面ライダーシリーズ登場怪人一覧||1942||1942||84||84||0.04325437693099897||0.04325437693099897
Fun!BASEBALL!!||1937||1937||3||3||0.0015487867836861124||0.0015487867836861124
GLAY||1930||1930||34||34||0.017616580310880828||0.017616580310880828
武装錬金||1929||1929||4||4||0.002073613271124935||0.002073613271124935
銀魂の登場人物一覧||1925||1925||16||16||0.008311688311688312||0.008311688311688312
東京ヤクルトスワローズ||1922||1922||30||30||0.015608740894901144||0.015608740894901144
嵐 (グループ)||1921||1921||49||49||0.025507548152004164||0.025507548152004164
海軍 (ONE PIECE)||1918||1918||136||136||0.07090719499478623||0.07090719499478623
北海道出身の人物一覧||1912||1912||4||4||0.0020920502092050207||0.0020920502092050207
都市伝説||1907||1907||13||13||0.0068169900367068695||0.0068169900367068695
広島テレビ放送||1905||1905||5||5||0.0026246719160104987||0.0026246719160104987
天元突破グレンラガン||1903||1903||12||12||0.006305832895428271||0.006305832895428271
森一夫||1899||1899||7||7||0.003686150605581885||0.003686150605581885
新幹線||1896||1896||18||18||0.00949367088607595||0.00949367088607595
日本一の一覧||1894||1894||9||9||0.004751847940865892||0.004751847940865892
ボボボーボ・ボーボボ||1894||1894||10||10||0.005279831045406547||0.005279831045406547
関口宏の東京フレンドパークII||1891||1891||15||15||0.007932310946589107||0.007932310946589107
宇多田ヒカル||1890||1890||20||20||0.010582010582010581||0.010582010582010581
横浜DeNAベイスターズ||1887||1887||20||20||0.010598834128245893||0.010598834128245893
めざましテレビ/history20190417||1885||1885||13||13||0.006896551724137931||0.006896551724137931
はねるのトびら||1883||1883||6||6||0.003186404673393521||0.003186404673393521
ウエンツ瑛士||1880||1880||9||9||0.0047872340425531915||0.0047872340425531915
植田佳奈||1878||1878||43||43||0.022896698615548456||0.022896698615548456
FNNスーパータイム||1877||1877||3||3||0.0015982951518380393||0.0015982951518380393
MAJORの登場人物||1873||1873||20||20||0.010678056593699947||0.010678056593699947
サンテレビジョン||1872||1872||6||6||0.003205128205128205||0.003205128205128205
平野綾||1871||1871||107||107||0.05718866916087654||0.05718866916087654
嫌韓||1870||1870||57||57||0.03048128342245989||0.03048128342245989
草なぎ剛||1866||1866||37||37||0.01982851018220793||0.01982851018220793
ポケットモンスターSPECIALの登場人物||1861||1861||9||9||0.004836109618484685||0.004836109618484685
2ちゃんねる||1860||1860||13||13||0.006989247311827957||0.006989247311827957
ザ・キング・オブ・ファイターズ||1859||1859||4||4||0.002151694459386767||0.002151694459386767
IBC岩手放送||1859||1859||16||16||0.008606777837547068||0.008606777837547068
モンスターハンターのモンスター一覧||1859||1859||22||22||0.011834319526627219||0.011834319526627219
2ちゃんねるの歴史||1858||1858||16||16||0.008611410118406888||0.008611410118406888
東海道新幹線||1858||1858||29||29||0.015608180839612486||0.015608180839612486
アップダウンクイズ||1854||1854||7||7||0.0037756202804746495||0.0037756202804746495
くりぃむしちゅーのオールナイトニッポン||1853||1853||12||12||0.0064759848893685915||0.0064759848893685915
ニッポン放送||1849||1849||2||2||0.001081665765278529||0.001081665765278529
朝ズバッ!||1849||1849||19||19||0.010275824770146024||0.010275824770146024
爆笑オンエアバトル||1848||1848||9||9||0.00487012987012987||0.00487012987012987
NTTドコモ||1844||1844||20||20||0.010845986984815618||0.010845986984815618
水樹奈々||1842||1842||52||52||0.02823018458197611||0.02823018458197611
徳川家康||1840||1840||41||41||0.022282608695652174||0.022282608695652174
踊る大捜査線||1840||1840||9||9||0.004891304347826087||0.004891304347826087
国鉄113系電車||1840||1840||21||21||0.01141304347826087||0.01141304347826087
ハヤテのごとく! (アニメ)||1834||1834||39||39||0.021264994547437296||0.021264994547437296
成田国際空港||1831||1831||26||26||0.014199890770071||0.014199890770071
マスコットキャラクター一覧||1829||1829||6||6||0.0032804811372334607||0.0032804811372334607
男性差別||1829||1829||72||72||0.03936577364680153||0.03936577364680153
関西国際空港||1827||1827||10||10||0.005473453749315818||0.005473453749315818
野球道 (フジテレビ系列)||1825||1825||1||1||5.47945205479452E-4||5.47945205479452E-4
ダウンタウンのガキの使いやあらへんで!||1824||1824||12||12||0.006578947368421052||0.006578947368421052
MOTHER3||1824||1824||5||5||0.0027412280701754384||0.0027412280701754384
釘宮理恵||1824||1824||23||23||0.012609649122807017||0.012609649122807017
秋田放送||1823||1823||1||1||5.485463521667581E-4||5.485463521667581E-4
アニメ作品一覧||1822||1822||1||1||5.488474204171241E-4||5.488474204171241E-4
清原和博||1821||1821||19||19||0.01043382756727073||0.01043382756727073
菅直人||1820||1820||62||62||0.03406593406593406||0.03406593406593406
Perfume||1818||1818||73||73||0.040154015401540157||0.040154015401540157
大阪府出身の人物一覧||1816||1816||1||1||5.506607929515419E-4||5.506607929515419E-4
東京都出身の人物一覧||1816||1816||4||4||0.0022026431718061676||0.0022026431718061676
織田信長||1810||1810||25||25||0.013812154696132596||0.013812154696132596
リンカーン (テレビ番組)||1804||1804||9||9||0.004988913525498891||0.004988913525498891
仮面ライダー×仮面ライダー W&ディケイド MOVIE大戦2010||1804||1804||30||30||0.01662971175166297||0.01662971175166297
ウルトラマンティガの登場怪獣||1803||1803||18||18||0.009983361064891847||0.009983361064891847
全日本空輸||1801||1801||6||6||0.003331482509716824||0.003331482509716824
日本語||1799||1799||47||47||0.02612562534741523||0.02612562534741523
法政大学の人物一覧||1789||1789||3||3||0.0016769144773616546||0.0016769144773616546
アメリカ合衆国||1784||1784||24||24||0.013452914798206279||0.013452914798206279
早稲田大学の人物一覧||1781||1781||9||9||0.0050533408197641775||0.0050533408197641775
東北楽天ゴールデンイーグルス||1781||1781||14||14||0.007860752386299831||0.007860752386299831
魔法戦隊マジレンジャー||1776||1776||11||11||0.006193693693693694||0.006193693693693694
千葉テレビ放送||1775||1775||2||2||0.0011267605633802818||0.0011267605633802818
岡田有希子||1775||1775||22||22||0.012394366197183098||0.012394366197183098
日本テレビ制作局制作番組の分野別一覧||1771||1771||2||2||0.001129305477131564||0.001129305477131564
森川智之||1771||1771||12||12||0.006775832862789385||0.006775832862789385
ポケットモンスター||1771||1771||32||32||0.018068887634105024||0.018068887634105024
千葉県||1770||1770||23||23||0.012994350282485875||0.012994350282485875
Run for money 逃走中||1769||1769||22||22||0.01243640474844545||0.01243640474844545
史上最強の弟子ケンイチの登場人物||1768||1768||23||23||0.013009049773755657||0.013009049773755657
学園アリス||1767||1767||3||3||0.001697792869269949||0.001697792869269949
スーパーロボット大戦シリーズ||1767||1767||14||14||0.00792303338992643||0.00792303338992643
F-15 (戦闘機)||1763||1763||18||18||0.01020986954055587||0.01020986954055587
自由民主党 (日本)||1762||1762||33||33||0.01872871736662883||0.01872871736662883
阪神・淡路大震災||1760||1760||19||19||0.010795454545454546||0.010795454545454546
鹿島アントラーズ||1758||1758||29||29||0.016496018202502846||0.016496018202502846
シャーリー・テンプル||1758||1758||0||0||0.0||0.0
絶対可憐チルドレン||1756||1756||15||15||0.008542141230068337||0.008542141230068337
アイシールド21の登場人物||1755||1755||10||10||0.005698005698005698||0.005698005698005698
PlayStation Portable||1753||1753||24||24||0.013690815744438107||0.013690815744438107
東京都立日比谷高等学校||1752||1752||7||7||0.003995433789954338||0.003995433789954338
行列のできる法律相談所||1750||1750||48||48||0.027428571428571427||0.027428571428571427
青森テレビ||1749||1749||0||0||0.0||0.0
小池徹平||1748||1748||11||11||0.006292906178489702||0.006292906178489702
ONE PIECE (アニメ)||1748||1748||31||31||0.017734553775743706||0.017734553775743706
諏訪部順一||1746||1746||7||7||0.004009163802978236||0.004009163802978236
サザエさん (テレビアニメ)||1745||1745||24||24||0.013753581661891117||0.013753581661891117
JR東日本E231系電車||1744||1744||45||45||0.025802752293577983||0.025802752293577983
風林火山 (NHK大河ドラマ)||1743||1743||6||6||0.0034423407917383822||0.0034423407917383822
本田技研工業||1743||1743||17||17||0.009753298909925417||0.009753298909925417
魔法先生ネギま!の登場人物||1743||1743||20||20||0.011474469305794608||0.011474469305794608
保志総一朗||1742||1742||13||13||0.007462686567164179||0.007462686567164179
機動戦士ガンダム00シリーズの登場兵器||1740||1740||66||66||0.03793103448275862||0.03793103448275862
戦国BASARA||1739||1739||23||23||0.013225991949396205||0.013225991949396205
WWEに所属する人物一覧||1738||1738||3||3||0.0017261219792865361||0.0017261219792865361
ゲゲゲの鬼太郎の登場キャラクター/history20190113||1737||1737||8||8||0.004605641911341394||0.004605641911341394
浪川大輔||1735||1735||6||6||0.00345821325648415||0.00345821325648415
中村俊輔||1734||1734||92||92||0.0530565167243368||0.0530565167243368
HUNTER×HUNTER||1731||1731||25||25||0.014442518775274409||0.014442518775274409
ビートルズ||1726||1726||21||21||0.01216685979142526||0.01216685979142526
一関学院高等学校||1724||1724||8||8||0.004640371229698376||0.004640371229698376
若本規夫||1719||1719||14||14||0.008144269924374637||0.008144269924374637
おたく||1718||1718||56||56||0.03259604190919674||0.03259604190919674
モヤモヤさまぁ〜ず2||1718||1718||25||25||0.014551804423748545||0.014551804423748545
Saku saku||1717||1717||5||5||0.0029120559114735||0.0029120559114735
訃報 2009年||1716||1716||8||8||0.004662004662004662||0.004662004662004662
テイルズ オブ ヴェスペリア||1712||1712||48||48||0.028037383177570093||0.028037383177570093
MAJOR||1711||1711||17||17||0.009935710111046173||0.009935710111046173
サザエさんの登場人物||1709||1709||47||47||0.027501462843768285||0.027501462843768285
渋谷駅||1708||1708||15||15||0.008782201405152224||0.008782201405152224
FOMA||1707||1707||1||1||5.858230814294083E-4||5.858230814294083E-4
こちら葛飾区亀有公園前派出所の登場人物||1707||1707||30||30||0.01757469244288225||0.01757469244288225
杉田智和||1706||1706||27||27||0.015826494724501757||0.015826494724501757
アンパンマン||1705||1705||19||19||0.011143695014662757||0.011143695014662757
緑川光||1704||1704||11||11||0.006455399061032864||0.006455399061032864
西日本旅客鉄道||1702||1702||22||22||0.012925969447708578||0.012925969447708578
林原めぐみ||1701||1701||32||32||0.0188124632569077||0.0188124632569077
仮面ライダー||1698||1698||19||19||0.011189634864546525||0.011189634864546525
テイルズ オブ シンフォニア||1696||1696||6||6||0.003537735849056604||0.003537735849056604
桃太郎電鉄シリーズ||1694||1694||4||4||0.0023612750885478157||0.0023612750885478157
ドラゴンクエストV 天空の花嫁||1693||1693||11||11||0.006497341996455995||0.006497341996455995
札幌市||1692||1692||66||66||0.03900709219858156||0.03900709219858156
日本プロ野球||1691||1691||31||31||0.018332347723240685||0.018332347723240685
サトシ (アニメポケットモンスター)||1689||1689||18||18||0.010657193605683837||0.010657193605683837
ムヒョとロージーの魔法律相談事務所||1682||1682||5||5||0.002972651605231867||0.002972651605231867
東京箱根間往復大学駅伝競走||1680||1680||9||9||0.005357142857142857||0.005357142857142857
東海道本線||1680||1680||15||15||0.008928571428571428||0.008928571428571428
Hey! Say! JUMP||1677||1677||34||34||0.020274299344066785||0.020274299344066785
神谷浩史||1676||1676||11||11||0.0065632458233890216||0.0065632458233890216
小野大輔||1676||1676||9||9||0.0053699284009546535||0.0053699284009546535
きらりん☆レボリューション||1674||1674||16||16||0.009557945041816009||0.009557945041816009
魔人探偵脳噛ネウロの登場人物||1673||1673||6||6||0.0035863717872086074||0.0035863717872086074
名古屋鉄道||1671||1671||15||15||0.008976660682226212||0.008976660682226212
いきものがかり||1670||1670||95||95||0.05688622754491018||0.05688622754491018
るろうに剣心 -明治剣客浪漫譚-の登場人物一覧||1668||1668||23||23||0.013788968824940047||0.013788968824940047
暴れん坊将軍||1666||1666||6||6||0.003601440576230492||0.003601440576230492
東海テレビ放送||1665||1665||1||1||6.006006006006006E-4||6.006006006006006E-4
テイルズ オブ シリーズの術技形態||1663||1663||1||1||6.013229104028864E-4||6.013229104028864E-4
相棒の登場人物/history20190113||1663||1663||29||29||0.017438364401683705||0.017438364401683705
日本体育大学||1663||1663||3||3||0.0018039687312086591||0.0018039687312086591
VS嵐||1663||1663||21||21||0.012627781118460614||0.012627781118460614
地上デジタルテレビ放送||1662||1662||11||11||0.006618531889290012||0.006618531889290012
松田聖子||1657||1657||29||29||0.017501508750754374||0.017501508750754374
韓国起源説||1657||1657||98||98||0.05914302957151479||0.05914302957151479
アドルフ・ヒトラー||1656||1656||24||24||0.014492753623188406||0.014492753623188406
笑点Jr.||1653||1653||9||9||0.0054446460980036296||0.0054446460980036296
横浜駅||1652||1652||12||12||0.007263922518159807||0.007263922518159807
ひだまりスケッチ||1651||1651||24||24||0.014536644457904301||0.014536644457904301
神戸市||1650||1650||15||15||0.00909090909090909||0.00909090909090909
サザンオールスターズ||1650||1650||18||18||0.01090909090909091||0.01090909090909091
中央線快速||1650||1650||23||23||0.013939393939393939||0.013939393939393939
昭和天皇||1649||1649||13||13||0.007883565797453002||0.007883565797453002
実況パワフルプロ野球||1648||1648||10||10||0.006067961165048544||0.006067961165048544
松本潤||1642||1642||41||41||0.024969549330085262||0.024969549330085262
テレビ朝日||1642||1642||10||10||0.0060901339829476245||0.0060901339829476245
機動戦士ガンダムSEEDの登場人物||1638||1638||12||12||0.007326007326007326||0.007326007326007326
中川翔子||1637||1637||56||56||0.03420891875381796||0.03420891875381796
戊辰戦争||1636||1636||17||17||0.01039119804400978||0.01039119804400978
戦国BASARAの登場人物||1636||1636||13||13||0.007946210268948655||0.007946210268948655
野比のび太||1634||1634||41||41||0.025091799265605876||0.025091799265605876
L'Arc〜en〜Ciel||1632||1632||11||11||0.006740196078431373||0.006740196078431373
手塚治虫||1631||1631||15||15||0.009196811771919068||0.009196811771919068
近畿日本鉄道||1631||1631||17||17||0.010423053341508276||0.010423053341508276
徳光和夫||1629||1629||17||17||0.010435850214855739||0.010435850214855739
うたばん||1629||1629||20||20||0.012277470841006752||0.012277470841006752
トリコ||1629||1629||16||16||0.009821976672805401||0.009821976672805401
名古屋テレビ放送||1626||1626||1||1||6.150061500615006E-4||6.150061500615006E-4
在日韓国・朝鮮人||1625||1625||101||101||0.06215384615384616||0.06215384615384616
脳内エステ IQサプリ||1625||1625||13||13||0.008||0.008
マリオ (ゲームキャラクター)||1624||1624||23||23||0.01416256157635468||0.01416256157635468
Mr.Children||1622||1622||23||23||0.014180024660912454||0.014180024660912454
クイズ$ミリオネア||1621||1621||8||8||0.004935225169648365||0.004935225169648365
大泉洋||1620||1620||19||19||0.011728395061728396||0.011728395061728396
2009年新型インフルエンザの世界的流行||1617||1617||35||35||0.021645021645021644||0.021645021645021644
東急東横線||1615||1615||28||28||0.0173374613003096||0.0173374613003096
おおきく振りかぶって||1615||1615||11||11||0.006811145510835914||0.006811145510835914
夜のヒットスタジオ||1614||1614||1||1||6.195786864931846E-4||6.195786864931846E-4
ICOCA||1613||1613||30||30||0.018598884066955982||0.018598884066955982
メインページ||1613||1613||5||5||0.0030998140111593306||0.0030998140111593306
ポケットモンスターSPECIAL||1612||1612||25||25||0.015508684863523574||0.015508684863523574
星野仙一||1608||1608||21||21||0.013059701492537313||0.013059701492537313
池袋駅||1607||1607||12||12||0.0074673304293715||0.0074673304293715
あぶない刑事||1605||1605||3||3||0.001869158878504673||0.001869158878504673
ASIAN KUNG-FU GENERATION||1605||1605||9||9||0.005607476635514018||0.005607476635514018
長澤まさみ||1605||1605||47||47||0.029283489096573207||0.029283489096573207
茨城県||1603||1603||24||24||0.014971927635683094||0.014971927635683094
沢城みゆき||1602||1602||28||28||0.017478152309612985||0.017478152309612985
新庄剛志||1600||1600||11||11||0.006875||0.006875
中国放送||1599||1599||0||0||0.0||0.0
関ジャニ∞||1597||1597||15||15||0.00939261114589856||0.00939261114589856
鋼の錬金術師||1596||1596||32||32||0.020050125313283207||0.020050125313283207
ラグナロクオンライン||1596||1596||3||3||0.0018796992481203006||0.0018796992481203006
中居正広||1595||1595||29||29||0.01818181818181818||0.01818181818181818
新世紀エヴァンゲリオンの登場人物||1594||1594||12||12||0.0075282308657465494||0.0075282308657465494
FNNスーパーニュース||1591||1591||7||7||0.0043997485857950975||0.0043997485857950975
ダウンタウン (お笑いコンビ)||1590||1590||17||17||0.010691823899371069||0.010691823899371069
ふたりはプリキュア||1589||1589||28||28||0.01762114537444934||0.01762114537444934
大塚愛||1588||1588||52||52||0.0327455919395466||0.0327455919395466
仮面ライダー龍騎||1587||1587||15||15||0.00945179584120983||0.00945179584120983
広島東洋カープ||1587||1587||16||16||0.010081915563957152||0.010081915563957152
頭文字D||1583||1583||12||12||0.007580543272267846||0.007580543272267846
帰ってきたウルトラマン||1582||1582||11||11||0.00695322376738306||0.00695322376738306
東京メトロポリタンテレビジョン||1580||1580||7||7||0.004430379746835443||0.004430379746835443
エア・ギア||1580||1580||3||3||0.0018987341772151898||0.0018987341772151898
戦国無双シリーズ||1580||1580||6||6||0.0037974683544303796||0.0037974683544303796
日本の城一覧||1578||1578||2||2||0.0012674271229404308||0.0012674271229404308
ダウンタウンのガキの使いやあらへんで!!の企画||1578||1578||2||2||0.0012674271229404308||0.0012674271229404308
コードギアスシリーズの登場人物||1575||1575||8||8||0.005079365079365079||0.005079365079365079
オレたちひょうきん族||1572||1572||16||16||0.010178117048346057||0.010178117048346057
ザ・キング・オブ・ファイターズの登場人物||1571||1571||7||7||0.004455760661998727||0.004455760661998727
くりぃむナントカ||1568||1568||7||7||0.004464285714285714||0.004464285714285714
札幌テレビ放送||1568||1568||6||6||0.003826530612244898||0.003826530612244898
BB戦士三国伝||1568||1568||23||23||0.014668367346938776||0.014668367346938776
SMAP×SMAP||1567||1567||7||7||0.004467134652201659||0.004467134652201659
モンスターハンター||1566||1566||30||30||0.019157088122605363||0.019157088122605363
松浦亜弥||1565||1565||19||19||0.012140575079872205||0.012140575079872205
ディープインパクト (競走馬)||1564||1564||15||15||0.00959079283887468||0.00959079283887468
鳩山由紀夫||1564||1564||91||91||0.058184143222506396||0.058184143222506396
レミオロメン||1562||1562||21||21||0.013444302176696543||0.013444302176696543
宮野真守||1562||1562||8||8||0.005121638924455826||0.005121638924455826
龍馬伝||1562||1562||52||52||0.03329065300896287||0.03329065300896287
常磐線||1560||1560||6||6||0.0038461538461538464||0.0038461538461538464
八王子市||1559||1559||8||8||0.005131494547787043||0.005131494547787043
岸尾だいすけ||1558||1558||3||3||0.0019255455712451862||0.0019255455712451862
テイルズ オブ シリーズ||1556||1556||26||26||0.016709511568123392||0.016709511568123392
中村悠一||1556||1556||19||19||0.012210796915167094||0.012210796915167094
タモリ倶楽部||1555||1555||3||3||0.0019292604501607716||0.0019292604501607716
ロンドンハーツ||1552||1552||10||10||0.006443298969072165||0.006443298969072165
クイズマジックアカデミー||1551||1551||8||8||0.0051579626047711154||0.0051579626047711154
ARIA (漫画)||1551||1551||20||20||0.012894906511927788||0.012894906511927788
トヨタ・カローラ||1549||1549||14||14||0.009038089089735314||0.009038089089735314
ORANGE RANGE||1549||1549||48||48||0.030987734021949646||0.030987734021949646
テレビ北海道||1547||1547||7||7||0.004524886877828055||0.004524886877828055
ドラえもんの登場人物一覧||1547||1547||25||25||0.01616031027795734||0.01616031027795734
国鉄201系電車||1546||1546||49||49||0.03169469598965071||0.03169469598965071
仮面ライダー剣||1546||1546||21||21||0.013583441138421734||0.013583441138421734
JR西日本223系電車||1544||1544||24||24||0.015544041450777202||0.015544041450777202
井上聡||1544||1544||13||13||0.008419689119170985||0.008419689119170985
ザ・ベストテン||1543||1543||2||2||0.0012961762799740765||0.0012961762799740765
萌え||1543||1543||26||26||0.016850291639662993||0.016850291639662993
アダルトゲーム一覧||1542||1542||5||5||0.00324254215304799||0.00324254215304799
福井放送||1540||1540||1||1||6.493506493506494E-4||6.493506493506494E-4
東方Projectの登場人物||1540||1540||53||53||0.03441558441558441||0.03441558441558441
チュートリアル (お笑いコンビ)||1539||1539||6||6||0.003898635477582846||0.003898635477582846
オリックス・バファローズ||1536||1536||10||10||0.006510416666666667||0.006510416666666667
福山雅治||1536||1536||18||18||0.01171875||0.01171875
山寺宏一||1535||1535||11||11||0.0071661237785016286||0.0071661237785016286
天地人 (NHK大河ドラマ)||1535||1535||37||37||0.024104234527687295||0.024104234527687295
自殺||1533||1533||25||25||0.016307893020221786||0.016307893020221786
死刑存廃問題||1531||1531||23||23||0.015022860875244938||0.015022860875244938
安田章大||1531||1531||2||2||0.0013063357282821686||0.0013063357282821686
岐阜放送||1530||1530||4||4||0.00261437908496732||0.00261437908496732
安倍晋三||1530||1530||27||27||0.01764705882352941||0.01764705882352941
ウルトラマンメビウスの登場怪獣||1530||1530||2||2||0.00130718954248366||0.00130718954248366
一橋大学の人物一覧||1530||1530||10||10||0.006535947712418301||0.006535947712418301
るろうに剣心 -明治剣客浪漫譚-||1529||1529||8||8||0.005232177894048398||0.005232177894048398
ローゼンメイデンの登場人物一覧||1529||1529||26||26||0.017004578155657292||0.017004578155657292
ニンテンドーDSのゲームタイトル一覧||1527||1527||6||6||0.003929273084479371||0.003929273084479371
北斗の拳の登場人物一覧||1526||1526||6||6||0.003931847968545216||0.003931847968545216
ニコニコ動画||1525||1525||29||29||0.01901639344262295||0.01901639344262295
日本の女優一覧||1523||1523||5||5||0.003282994090610637||0.003282994090610637
ソウルイーター||1522||1522||8||8||0.005256241787122208||0.005256241787122208
ニート||1521||1521||5||5||0.003287310979618672||0.003287310979618672
関智一||1520||1520||7||7||0.004605263157894736||0.004605263157894736
大塚明夫||1520||1520||4||4||0.002631578947368421||0.002631578947368421
JR東日本209系電車||1519||1519||80||80||0.052666227781435156||0.052666227781435156
堂本光一||1519||1519||7||7||0.004608294930875576||0.004608294930875576
アニメシャワー||1519||1519||1||1||6.583278472679394E-4||6.583278472679394E-4
2ちゃんねらー||1518||1518||29||29||0.019104084321475624||0.019104084321475624
置鮎龍太郎||1518||1518||9||9||0.005928853754940711||0.005928853754940711
讀賣テレビ放送||1511||1511||10||10||0.0066181336863004635||0.0066181336863004635
パナソニック||1511||1511||15||15||0.009927200529450696||0.009927200529450696
小室哲哉||1510||1510||12||12||0.007947019867549669||0.007947019867549669
日本大学の人物一覧||1509||1509||2||2||0.0013253810470510272||0.0013253810470510272
関西テレビ放送||1508||1508||3||3||0.001989389920424403||0.001989389920424403
福岡市||1508||1508||16||16||0.010610079575596816||0.010610079575596816
仮面ライダークウガ||1507||1507||24||24||0.015925680159256803||0.015925680159256803
ゲームセンターCXの放送内容||1507||1507||10||10||0.006635700066357001||0.006635700066357001
ウルトラマンティガ||1506||1506||13||13||0.008632138114209827||0.008632138114209827
中田英寿||1505||1505||19||19||0.012624584717607974||0.012624584717607974
テレビ大阪||1505||1505||5||5||0.0033222591362126247||0.0033222591362126247
東條英機||1504||1504||22||22||0.014627659574468085||0.014627659574468085
横浜市||1504||1504||15||15||0.00997340425531915||0.00997340425531915
電脳コイル||1504||1504||9||9||0.005984042553191489||0.005984042553191489
鋼の錬金術師の主要な登場人物||1503||1503||37||37||0.024617431803060547||0.024617431803060547
2010年のテレビ (日本)||1502||1502||7||7||0.004660452729693742||0.004660452729693742
相模原市||1501||1501||14||14||0.009327115256495669||0.009327115256495669
初音ミク||1501||1501||54||54||0.03597601598934044||0.03597601598934044
RSK山陽放送||1498||1498||2||2||0.0013351134846461949||0.0013351134846461949
とんねるずのみなさんのおかげでした||1497||1497||4||4||0.0026720106880427524||0.0026720106880427524
飛田展男||1497||1497||14||14||0.009352037408149633||0.009352037408149633
上地雄輔||1493||1493||39||39||0.026121902210314803||0.026121902210314803
瀬戸内海放送||1490||1490||5||5||0.003355704697986577||0.003355704697986577
ハートキャッチプリキュア!||1490||1490||31||31||0.02080536912751678||0.02080536912751678
仮面ライダーSPIRITS||1487||1487||7||7||0.004707464694014795||0.004707464694014795
MAR (漫画)||1487||1487||7||7||0.004707464694014795||0.004707464694014795
テレビ埼玉||1487||1487||3||3||0.0020174848688634837||0.0020174848688634837
花ざかりの君たちへ||1483||1483||10||10||0.006743088334457181||0.006743088334457181
天皇||1483||1483||43||43||0.02899527983816588||0.02899527983816588
深夜アニメ||1482||1482||6||6||0.004048582995951417||0.004048582995951417
トランスフォーマー/リベンジ||1481||1481||13||13||0.008777852802160702||0.008777852802160702
京阪電気鉄道||1479||1479||14||14||0.009465855307640297||0.009465855307640297
吉本総合芸能学院||1479||1479||5||5||0.0033806626098715348||0.0033806626098715348
立命館大学||1478||1478||20||20||0.013531799729364006||0.013531799729364006
日立 世界・ふしぎ発見!||1477||1477||14||14||0.009478672985781991||0.009478672985781991
太陽にほえろ!||1476||1476||2||2||0.0013550135501355014||0.0013550135501355014
ウルトラマンダイナの登場怪獣||1475||1475||6||6||0.004067796610169492||0.004067796610169492
賭博黙示録カイジ||1475||1475||13||13||0.008813559322033898||0.008813559322033898
豊橋市||1475||1475||13||13||0.008813559322033898||0.008813559322033898
東武伊勢崎線||1473||1473||13||13||0.008825526137135099||0.008825526137135099
朝鮮民主主義人民共和国||1473||1473||67||67||0.04548540393754243||0.04548540393754243
日本の高校野球||1472||1472||14||14||0.009510869565217392||0.009510869565217392
平成||1471||1471||29||29||0.01971447994561523||0.01971447994561523
おかあさんといっしょ||1471||1471||30||30||0.020394289598912305||0.020394289598912305
PASMO||1471||1471||29||29||0.01971447994561523||0.01971447994561523
護廷十三隊||1471||1471||12||12||0.008157715839564922||0.008157715839564922
スーパー戦隊シリーズ登場敵対勢力一覧||1470||1470||32||32||0.021768707482993196||0.021768707482993196
新日本プロレス/history20160321||1468||1468||2||2||0.0013623978201634877||0.0013623978201634877
松本市||1467||1467||9||9||0.006134969325153374||0.006134969325153374
電車でGO!||1465||1465||24||24||0.016382252559726963||0.016382252559726963
カードキャプターさくら||1465||1465||18||18||0.012286689419795221||0.012286689419795221
広島ホームテレビ||1464||1464||1||1||6.830601092896175E-4||6.830601092896175E-4
美少女戦士セーラームーンの登場人物||1464||1464||11||11||0.007513661202185792||0.007513661202185792
兵庫県出身の人物一覧||1463||1463||4||4||0.002734107997265892||0.002734107997265892
アメリカ同時多発テロ事件||1460||1460||14||14||0.009589041095890411||0.009589041095890411
京阪本線||1460||1460||8||8||0.005479452054794521||0.005479452054794521
伊集院光||1460||1460||2||2||0.0013698630136986301||0.0013698630136986301
エフエム東京||1460||1460||0||0||0.0||0.0
小笠原道大||1460||1460||39||39||0.02671232876712329||0.02671232876712329
逸見政孝||1458||1458||1||1||6.858710562414266E-4||6.858710562414266E-4
NEWS23||1458||1458||29||29||0.019890260631001373||0.019890260631001373
スーパーJチャンネル||1458||1458||9||9||0.006172839506172839||0.006172839506172839
上杉謙信||1455||1455||54||54||0.03711340206185567||0.03711340206185567
ACジャパン||1454||1454||11||11||0.007565337001375516||0.007565337001375516
ニンテンドーDS||1454||1454||19||19||0.013067400275103164||0.013067400275103164
日本のアナウンサー一覧||1454||1454||6||6||0.0041265474552957355||0.0041265474552957355
ネコ||1453||1453||56||56||0.038540949759119064||0.038540949759119064
東京国際空港||1453||1453||27||27||0.018582243633860976||0.018582243633860976
静岡放送||1449||1449||2||2||0.0013802622498274672||0.0013802622498274672
スーパー戦隊Vシネマ||1448||1448||7||7||0.004834254143646409||0.004834254143646409
Suica||1447||1447||42||42||0.02902557014512785||0.02902557014512785
デビルメイクライシリーズ||1447||1447||12||12||0.0082930200414651||0.0082930200414651
中日ドラゴンズ||1446||1446||12||12||0.008298755186721992||0.008298755186721992
ゆず (音楽グループ)||1445||1445||12||12||0.008304498269896194||0.008304498269896194
遊☆戯☆王デュエルモンスターズGX||1445||1445||11||11||0.007612456747404845||0.007612456747404845
盛岡市||1443||1443||5||5||0.003465003465003465||0.003465003465003465
筋肉番付シリーズ||1441||1441||2||2||0.0013879250520471894||0.0013879250520471894
ルパン三世||1441||1441||12||12||0.008327550312283136||0.008327550312283136
テイルズ オブ デスティニー||1440||1440||4||4||0.002777777777777778||0.002777777777777778
真選組||1439||1439||4||4||0.002779708130646282||0.002779708130646282
国鉄115系電車||1437||1437||27||27||0.018789144050104383||0.018789144050104383
テレビ東京番組一覧||1436||1436||1||1||6.963788300835655E-4||6.963788300835655E-4
テレビ愛知||1435||1435||7||7||0.004878048780487805||0.004878048780487805
川澄綾子||1435||1435||12||12||0.008362369337979094||0.008362369337979094
北九州市||1433||1433||24||24||0.01674808094905792||0.01674808094905792
北日本放送||1432||1432||9||9||0.006284916201117319||0.006284916201117319
戯言シリーズ||1432||1432||10||10||0.006983240223463687||0.006983240223463687
東京ドーム||1431||1431||17||17||0.011879804332634521||0.011879804332634521
サンフレッチェ広島F.C||1429||1429||11||11||0.007697690692792162||0.007697690692792162
CLAYMORE||1429||1429||0||0||0.0||0.0
やじうまプラス||1427||1427||9||9||0.006306937631394534||0.006306937631394534
日産・スカイライン||1425||1425||14||14||0.009824561403508772||0.009824561403508772
仮面ライダー響鬼||1425||1425||9||9||0.00631578947368421||0.00631578947368421
堂本剛||1424||1424||5||5||0.0035112359550561797||0.0035112359550561797
コサキンDEワァオ!||1423||1423||5||5||0.0035137034434293743||0.0035137034434293743
24 -TWENTY FOUR-||1423||1423||10||10||0.007027406886858749||0.007027406886858749
クロノス (テレビ番組)||1423||1423||5||5||0.0035137034434293743||0.0035137034434293743
ラーメン||1422||1422||30||30||0.02109704641350211||0.02109704641350211
日本の男優一覧||1421||1421||6||6||0.00422237860661506||0.00422237860661506
井上喜久子||1421||1421||8||8||0.005629838142153413||0.005629838142153413
仮面ライダーアギト||1419||1419||15||15||0.010570824524312896||0.010570824524312896
リンカーンの企画・コーナー||1419||1419||0||0||0.0||0.0
豊臣秀吉||1416||1416||41||41||0.028954802259887006||0.028954802259887006
必殺シリーズ||1415||1415||15||15||0.01060070671378092||0.01060070671378092
太平洋戦争||1415||1415||28||28||0.019787985865724382||0.019787985865724382
コンビニATM||1414||1414||1||1||7.072135785007072E-4||7.072135785007072E-4
ベトナム戦争||1412||1412||11||11||0.007790368271954674||0.007790368271954674
岡村隆史||1412||1412||11||11||0.007790368271954674||0.007790368271954674
吉本興業||1412||1412||19||19||0.013456090651558074||0.013456090651558074
大阪府||1411||1411||27||27||0.01913536498936924||0.01913536498936924
グルメチキンレース・ゴチになります!||1410||1410||9||9||0.006382978723404255||0.006382978723404255
とんねるず||1409||1409||6||6||0.0042583392476933995||0.0042583392476933995
金沢市||1409||1409||6||6||0.0042583392476933995||0.0042583392476933995
ZARD||1407||1407||11||11||0.007818052594171997||0.007818052594171997
GANTZ||1406||1406||13||13||0.009246088193456615||0.009246088193456615
バンプレストオリジナル||1404||1404||1||1||7.122507122507123E-4||7.122507122507123E-4
特殊急襲部隊||1403||1403||10||10||0.007127583749109052||0.007127583749109052
京成電鉄||1403||1403||17||17||0.012116892373485389||0.012116892373485389
訃報 2008年||1403||1403||5||5||0.003563791874554526||0.003563791874554526
熊本市||1403||1403||15||15||0.010691375623663579||0.010691375623663579
のだめカンタービレ||1400||1400||9||9||0.0064285714285714285||0.0064285714285714285
一覧の一覧||1399||1399||4||4||0.0028591851322373124||0.0028591851322373124
日本の女性専用車両||1399||1399||32||32||0.0228734810578985||0.0228734810578985
地獄少女||1398||1398||13||13||0.009298998569384835||0.009298998569384835
松任谷由実||1396||1396||8||8||0.0057306590257879654||0.0057306590257879654
ちびまる子ちゃん||1395||1395||21||21||0.015053763440860216||0.015053763440860216
熊野神社 (四街道市亀崎)||1395||1395||18||18||0.012903225806451613||0.012903225806451613
クレヨンしんちゃん (アニメ)||1395||1395||26||26||0.01863799283154122||0.01863799283154122
鉄道ファン||1394||1394||25||25||0.017934002869440458||0.017934002869440458
蒼天航路||1393||1393||39||39||0.02799712849964106||0.02799712849964106
ポーランド||1391||1391||4||4||0.002875629043853343||0.002875629043853343
小田急小田原線||1391||1391||16||16||0.011502516175413372||0.011502516175413372
帝京大学||1390||1390||13||13||0.00935251798561151||0.00935251798561151
NON STYLE||1390||1390||30||30||0.02158273381294964||0.02158273381294964
涼宮ハルヒシリーズの登場人物||1388||1388||71||71||0.051152737752161385||0.051152737752161385
ビーイング||1386||1386||10||10||0.007215007215007215||0.007215007215007215
お笑いタレント||1385||1385||8||8||0.005776173285198556||0.005776173285198556
クイズプレゼンバラエティー Qさま!!||1384||1384||1||1||7.22543352601156E-4||7.22543352601156E-4
エホバの証人||1383||1383||49||49||0.035430224150397684||0.035430224150397684
HUNTER×HUNTERの登場人物||1383||1383||6||6||0.004338394793926247||0.004338394793926247
宮崎駿||1381||1381||15||15||0.010861694424330196||0.010861694424330196
仮面ライダーディケイド||1381||1381||62||62||0.04489500362056481||0.04489500362056481
中井正広のブラックバラエティ||1380||1380||1||1||7.246376811594203E-4||7.246376811594203E-4
朴ロ美||1379||1379||19||19||0.013778100072516316||0.013778100072516316
釧路市||1377||1377||3||3||0.002178649237472767||0.002178649237472767
イチロー||1377||1377||56||56||0.04066811909949165||0.04066811909949165
西武鉄道||1376||1376||16||16||0.011627906976744186||0.011627906976744186
山口勝平||1376||1376||10||10||0.007267441860465116||0.007267441860465116
西城秀樹||1376||1376||10||10||0.007267441860465116||0.007267441860465116
ローソン||1375||1375||5||5||0.0036363636363636364||0.0036363636363636364
ハンセン病||1375||1375||4||4||0.002909090909090909||0.002909090909090909
To LOVEる -とらぶる-||1375||1375||19||19||0.013818181818181818||0.013818181818181818
手越祐也||1374||1374||16||16||0.011644832605531296||0.011644832605531296
ナインティナイン||1374||1374||17||17||0.012372634643377001||0.012372634643377001
Fate/stay night||1374||1374||7||7||0.005094614264919942||0.005094614264919942
中京テレビ放送||1369||1369||3||3||0.002191380569758948||0.002191380569758948
日本レコード大賞||1368||1368||8||8||0.005847953216374269||0.005847953216374269
長寿番組の一覧||1368||1368||7||7||0.005116959064327485||0.005116959064327485
News zero||1367||1367||32||32||0.023408924652523776||0.023408924652523776
ヴィジュアル系||1366||1366||16||16||0.01171303074670571||0.01171303074670571
福島テレビ||1366||1366||2||2||0.0014641288433382138||0.0014641288433382138
ドラゴンクエストIX 星空の守り人||1366||1366||28||28||0.020497803806734993||0.020497803806734993
内村プロデュース||1365||1365||11||11||0.00805860805860806||0.00805860805860806
笑福亭鶴瓶||1363||1363||14||14||0.010271460014673514||0.010271460014673514
近畿方言||1363||1363||20||20||0.014673514306676448||0.014673514306676448
玄田哲章||1362||1362||14||14||0.010279001468428781||0.010279001468428781
XXXHOLiC||1361||1361||6||6||0.00440852314474651||0.00440852314474651
ヨシフ・スターリン||1360||1360||10||10||0.007352941176470588||0.007352941176470588
大倉忠義||1359||1359||5||5||0.003679175864606328||0.003679175864606328
埼玉県||1357||1357||15||15||0.01105379513633014||0.01105379513633014
ドイツ||1357||1357||28||28||0.020633750921149593||0.020633750921149593
NNN Newsリアルタイム||1356||1356||4||4||0.0029498525073746312||0.0029498525073746312
メダロット一覧||1354||1354||3||3||0.0022156573116691287||0.0022156573116691287
ファイナルファンタジーXII||1352||1352||9||9||0.006656804733727811||0.006656804733727811
高崎市||1352||1352||3||3||0.0022189349112426036||0.0022189349112426036
機動戦士ガンダムSEED||1351||1351||24||24||0.01776461880088823||0.01776461880088823
太田市||1349||1349||2||2||0.0014825796886582653||0.0014825796886582653
水曜どうでしょうの企画||1347||1347||0||0||0.0||0.0
バクマン。||1347||1347||33||33||0.024498886414253896||0.024498886414253896
同性愛||1347||1347||49||49||0.03637713437268003||0.03637713437268003
犬夜叉||1346||1346||19||19||0.01411589895988113||0.01411589895988113
三木眞一郎||1345||1345||5||5||0.0037174721189591076||0.0037174721189591076
BoA||1345||1345||12||12||0.008921933085501859||0.008921933085501859
ツバサ-RESERVoir CHRoNiCLE-||1345||1345||21||21||0.015613382899628252||0.015613382899628252
福岡県||1344||1344||15||15||0.011160714285714286||0.011160714285714286
鳥人戦隊ジェットマン||1343||1343||11||11||0.008190618019359643||0.008190618019359643
山口放送||1343||1343||2||2||0.0014892032762472078||0.0014892032762472078
視聴率争い||1338||1338||3||3||0.002242152466367713||0.002242152466367713
武豊||1338||1338||26||26||0.01943198804185351||0.01943198804185351
西日本放送||1337||1337||3||3||0.002243829468960359||0.002243829468960359
法政大学||1337||1337||19||19||0.014210919970082274||0.014210919970082274
山手線||1337||1337||18||18||0.013462976813762155||0.013462976813762155
小田急電鉄||1336||1336||19||19||0.014221556886227544||0.014221556886227544
ちりとてちん (テレビドラマ)||1335||1335||12||12||0.008988764044943821||0.008988764044943821
志村けん||1334||1334||8||8||0.005997001499250375||0.005997001499250375
旭川市||1332||1332||3||3||0.0022522522522522522||0.0022522522522522522
東京都||1332||1332||19||19||0.014264264264264264||0.014264264264264264
江頭2:50||1331||1331||12||12||0.009015777610818933||0.009015777610818933
小西克幸||1330||1330||8||8||0.006015037593984963||0.006015037593984963
ロザリオとバンパイア||1330||1330||16||16||0.012030075187969926||0.012030075187969926
キリスト教||1328||1328||34||34||0.025602409638554216||0.025602409638554216
交響詩篇エウレカセブン||1328||1328||5||5||0.0037650602409638554||0.0037650602409638554
BLOODY MONDAY||1328||1328||26||26||0.01957831325301205||0.01957831325301205
ウルトラセブン||1327||1327||20||20||0.015071590052750565||0.015071590052750565
橋下徹||1322||1322||18||18||0.01361573373676248||0.01361573373676248
8時だョ!全員集合||1321||1321||5||5||0.003785011355034065||0.003785011355034065
ツンデレ||1321||1321||27||27||0.02043906131718395||0.02043906131718395
伊藤静||1321||1321||15||15||0.011355034065102196||0.011355034065102196
神奈川県出身の人物一覧||1320||1320||1||1||7.575757575757576E-4||7.575757575757576E-4
群馬県||1320||1320||5||5||0.003787878787878788||0.003787878787878788
背番号||1318||1318||30||30||0.02276176024279211||0.02276176024279211
ビートたけし||1317||1317||24||24||0.018223234624145785||0.018223234624145785
森喜朗||1317||1317||23||23||0.017463933181473046||0.017463933181473046
大宮駅 (埼玉県)||1316||1316||21||21||0.015957446808510637||0.015957446808510637
ポケットモンスターの登場人物||1316||1316||13||13||0.009878419452887538||0.009878419452887538
ゼロの使い魔||1313||1313||12||12||0.00913937547600914||0.00913937547600914
Blu-ray Disc||1312||1312||8||8||0.006097560975609756||0.006097560975609756
フジテレビ番組一覧||1311||1311||2||2||0.0015255530129672007||0.0015255530129672007
小清水亜美||1311||1311||27||27||0.020594965675057208||0.020594965675057208
プロ野球中継||1309||1309||0||0||0.0||0.0
東北学院大学||1307||1307||2||2||0.001530221882172915||0.001530221882172915
キャプテン翼の登場人物||1307||1307||17||17||0.013006885998469778||0.013006885998469778
つるの剛士||1306||1306||9||9||0.006891271056661562||0.006891271056661562
イギリス||1305||1305||46||46||0.03524904214559387||0.03524904214559387
里田まい||1305||1305||37||37||0.028352490421455937||0.028352490421455937
銀河英雄伝説||1304||1304||8||8||0.006134969325153374||0.006134969325153374
2010年||1304||1304||116||116||0.08895705521472393||0.08895705521472393
大乱闘スマッシュブラザーズシリーズ||1303||1303||11||11||0.00844205679201842||0.00844205679201842
スッキリ (テレビ番組)||1303||1303||6||6||0.004604758250191865||0.004604758250191865
埼玉県出身の人物一覧||1303||1303||6||6||0.004604758250191865||0.004604758250191865
山陽新幹線||1303||1303||16||16||0.012279355333844973||0.012279355333844973
テレビ山口||1302||1302||3||3||0.002304147465437788||0.002304147465437788
鹿児島市||1301||1301||14||14||0.010760953112990008||0.010760953112990008
モンキー・D・ルフィ||1301||1301||52||52||0.03996925441967717||0.03996925441967717
岡山市||1299||1299||15||15||0.011547344110854504||0.011547344110854504
SDガンダムフルカラー劇場||1299||1299||0||0||0.0||0.0
東海旅客鉄道||1299||1299||23||23||0.01770592763664357||0.01770592763664357
中央本線||1299||1299||14||14||0.01077752117013087||0.01077752117013087
サザエさん||1298||1298||29||29||0.02234206471494607||0.02234206471494607
クラシック音楽の曲名一覧||1297||1297||0||0||0.0||0.0
東海ラジオ放送||1297||1297||1||1||7.710100231303007E-4||7.710100231303007E-4
ベルセルク (漫画)||1297||1297||8||8||0.006168080185042405||0.006168080185042405
UVERworld||1297||1297||19||19||0.014649190439475714||0.014649190439475714
メイプルストーリー||1296||1296||25||25||0.019290123456790122||0.019290123456790122
中華人民共和国||1295||1295||16||16||0.012355212355212355||0.012355212355212355
To LOVEる -とらぶる-の登場人物||1293||1293||17||17||0.013147718484145398||0.013147718484145398
首都圏新都市鉄道つくばエクスプレス||1293||1293||20||20||0.015467904098994586||0.015467904098994586
テレビせとうち||1292||1292||1||1||7.739938080495357E-4||7.739938080495357E-4
埼玉西武ライオンズ||1291||1291||12||12||0.009295120061967466||0.009295120061967466
キン肉マン||1291||1291||10||10||0.0077459333849728895||0.0077459333849728895
打ち切り||1291||1291||7||7||0.005422153369481022||0.005422153369481022
テレビ朝日番組一覧||1291||1291||8||8||0.006196746707978312||0.006196746707978312
桑島法子||1290||1290||6||6||0.004651162790697674||0.004651162790697674
金妍兒||1290||1290||82||82||0.06356589147286822||0.06356589147286822
日本三大一覧||1289||1289||20||20||0.015515903801396431||0.015515903801396431
国鉄205系電車||1289||1289||52||52||0.04034134988363072||0.04034134988363072
新垣結衣||1289||1289||44||44||0.03413498836307215||0.03413498836307215
薮宏太||1288||1288||16||16||0.012422360248447204||0.012422360248447204
東芝||1288||1288||6||6||0.004658385093167702||0.004658385093167702
SLAM DUNK||1288||1288||9||9||0.006987577639751553||0.006987577639751553
フランス||1288||1288||38||38||0.029503105590062112||0.029503105590062112
三浦知良||1287||1287||9||9||0.006993006993006993||0.006993006993006993
三重テレビ放送||1287||1287||4||4||0.003108003108003108||0.003108003108003108
阪和線||1284||1284||14||14||0.010903426791277258||0.010903426791277258
結界師||1283||1283||11||11||0.00857365549493375||0.00857365549493375
大田区||1282||1282||4||4||0.0031201248049922||0.0031201248049922
ベガルタ仙台||1281||1281||5||5||0.0039032006245121||0.0039032006245121
宝塚歌劇団||1281||1281||5||5||0.0039032006245121||0.0039032006245121
午後は○○おもいッきりテレビ||1281||1281||5||5||0.0039032006245121||0.0039032006245121
落第忍者乱太郎の登場人物||1281||1281||0||0||0.0||0.0
読売ジャイアンツの選手一覧||1280||1280||25||25||0.01953125||0.01953125
香港||1280||1280||11||11||0.00859375||0.00859375
松山市||1279||1279||14||14||0.0109460516028147||0.0109460516028147
田中理恵 (声優)||1277||1277||36||36||0.028191072826938137||0.028191072826938137
金曜ロードSHOW!||1277||1277||6||6||0.004698512137823023||0.004698512137823023
ニッポン放送番組一覧||1275||1275||3||3||0.002352941176470588||0.002352941176470588
ジョン・レノン||1274||1274||6||6||0.004709576138147566||0.004709576138147566
JR東日本E233系電車||1273||1273||71||71||0.05577376276512176||0.05577376276512176
桑田佳祐||1273||1273||19||19||0.014925373134328358||0.014925373134328358
両津勘吉||1272||1272||32||32||0.025157232704402517||0.025157232704402517
1985年||1272||1272||12||12||0.009433962264150943||0.009433962264150943
岩手県出身の人物一覧||1271||1271||0||0||0.0||0.0
横山やすし||1269||1269||4||4||0.0031520882584712374||0.0031520882584712374
ライフ (漫画)||1269||1269||17||17||0.013396375098502758||0.013396375098502758
金色のガッシュ!!||1269||1269||2||2||0.0015760441292356187||0.0015760441292356187
東武鉄道||1267||1267||12||12||0.009471191791633781||0.009471191791633781
ウルトラマンレオ||1267||1267||20||20||0.01578531965272297||0.01578531965272297
青森朝日放送||1267||1267||0||0||0.0||0.0
みなみけ||1267||1267||17||17||0.013417521704814523||0.013417521704814523
あたしンち||1266||1266||14||14||0.011058451816745656||0.011058451816745656
SIREN (ゲームソフト)||1266||1266||6||6||0.004739336492890996||0.004739336492890996
中森明菜||1266||1266||17||17||0.013428120063191154||0.013428120063191154
長野県||1265||1265||18||18||0.014229249011857707||0.014229249011857707
岡山放送||1265||1265||0||0||0.0||0.0
京都大学の人物一覧||1265||1265||2||2||0.0015810276679841897||0.0015810276679841897
小島よしお||1265||1265||37||37||0.02924901185770751||0.02924901185770751
水戸黄門 (第31-38部)||1265||1265||22||22||0.017391304347826087||0.017391304347826087
2004年||1264||1264||32||32||0.02531645569620253||0.02531645569620253
ゴジラ||1263||1263||9||9||0.007125890736342043||0.007125890736342043
さんまのSUPERからくりTV||1261||1261||12||12||0.00951625693893735||0.00951625693893735
機動警察パトレイバー||1260||1260||3||3||0.002380952380952381||0.002380952380952381
関俊彦||1260||1260||11||11||0.00873015873015873||0.00873015873015873
小林ゆう||1258||1258||26||26||0.02066772655007949||0.02066772655007949
インド||1256||1256||18||18||0.014331210191082803||0.014331210191082803
魚津市||1256||1256||9||9||0.007165605095541401||0.007165605095541401
ウルトラマンタロウ||1255||1255||10||10||0.00796812749003984||0.00796812749003984
彩雲国物語||1253||1253||1||1||7.980845969672786E-4||7.980845969672786E-4
仲間由紀恵||1253||1253||7||7||0.00558659217877095||0.00558659217877095
あずまんが大王||1252||1252||9||9||0.00718849840255591||0.00718849840255591
中川昭一||1252||1252||48||48||0.038338658146964855||0.038338658146964855
ミュージックステーションスーパーライブ||1252||1252||6||6||0.004792332268370607||0.004792332268370607
ROOKIES||1251||1251||40||40||0.0319744204636291||0.0319744204636291
船橋市||1251||1251||7||7||0.005595523581135092||0.005595523581135092
ドラゴンクエストIV 導かれし者たち||1250||1250||10||10||0.008||0.008
発車メロディ||1250||1250||6||6||0.0048||0.0048
アイルトン・セナ||1249||1249||15||15||0.01200960768614892||0.01200960768614892
WWE||1249||1249||5||5||0.0040032025620496394||0.0040032025620496394
魔法少女リリカルなのはシリーズの登場人物||1249||1249||10||10||0.008006405124099279||0.008006405124099279
北千住駅||1248||1248||13||13||0.010416666666666666||0.010416666666666666
FCバルセロナ||1248||1248||4||4||0.003205128205128205||0.003205128205128205
名探偵コナン||1247||1247||14||14||0.011226944667201283||0.011226944667201283
イタリア・ルネサンス年表||1247||1247||0||0||0.0||0.0
プリズン・ブレイク||1247||1247||3||3||0.0024057738572574178||0.0024057738572574178
NARUTO -ナルト-の術||1245||1245||14||14||0.011244979919678716||0.011244979919678716
ラジオ・チャリティー・ミュージックソン||1245||1245||4||4||0.00321285140562249||0.00321285140562249
千葉県出身の人物一覧||1243||1243||8||8||0.006436041834271922||0.006436041834271922
喫煙||1243||1243||41||41||0.03298471440064361||0.03298471440064361
ゼロの使い魔の登場人物||1242||1242||5||5||0.004025764895330112||0.004025764895330112
LIAR GAME||1241||1241||6||6||0.004834810636583401||0.004834810636583401
井上真央||1241||1241||20||20||0.016116035455278||0.016116035455278
忍たま乱太郎||1239||1239||8||8||0.00645682001614205||0.00645682001614205
携帯電話||1238||1238||19||19||0.015347334410339256||0.015347334410339256
ウルトラ怪獣一覧||1238||1238||5||5||0.004038772213247173||0.004038772213247173
東北放送||1238||1238||5||5||0.004038772213247173||0.004038772213247173
日本のテレビドラマ一覧||1238||1238||0||0||0.0||0.0
VIERA||1238||1238||3||3||0.0024232633279483036||0.0024232633279483036
Dr.スランプ||1238||1238||8||8||0.006462035541195477||0.006462035541195477
LOST||1237||1237||5||5||0.004042037186742118||0.004042037186742118
レアル・マドリード||1235||1235||13||13||0.010526315789473684||0.010526315789473684
戦え!超ロボット生命体トランスフォーマー||1235||1235||6||6||0.004858299595141701||0.004858299595141701
トランスフォーマー (2007年の映画)||1235||1235||6||6||0.004858299595141701||0.004858299595141701
埼京線||1235||1235||6||6||0.004858299595141701||0.004858299595141701
YOSHIKI||1234||1234||14||14||0.011345218800648298||0.011345218800648298
東北新幹線||1234||1234||18||18||0.014586709886547812||0.014586709886547812
トヨタ・クラウン||1234||1234||10||10||0.008103727714748784||0.008103727714748784
DARKER THAN BLACK -黒の契約者-||1232||1232||10||10||0.008116883116883116||0.008116883116883116
京浜急行電鉄||1231||1231||14||14||0.011372867587327376||0.011372867587327376
ジャッキー・チェン||1231||1231||10||10||0.008123476848090982||0.008123476848090982
名鉄特急||1231||1231||8||8||0.006498781478472786||0.006498781478472786
太臓もて王サーガ||1231||1231||1||1||8.123476848090983E-4||8.123476848090983E-4
YouTube||1230||1230||38||38||0.030894308943089432||0.030894308943089432
政令指定都市||1229||1229||25||25||0.02034174125305126||0.02034174125305126
井上和彦 (声優)||1229||1229||6||6||0.004882017900732303||0.004882017900732303
NISSAN あ、安部礼司〜BEYOND THE AVERAGE||1229||1229||1||1||8.136696501220504E-4||8.136696501220504E-4
バカとテストと召喚獣||1228||1228||11||11||0.008957654723127036||0.008957654723127036
ミュージシャン一覧 (グループ)||1227||1227||7||7||0.0057049714751426246||0.0057049714751426246
高崎線||1227||1227||12||12||0.009779951100244499||0.009779951100244499
A&G 超RADIO SHOW〜アニスパ!〜||1227||1227||9||9||0.007334963325183374||0.007334963325183374
地球戦隊ファイブマン||1226||1226||7||7||0.005709624796084829||0.005709624796084829
1982年||1225||1225||2||2||0.0016326530612244899||0.0016326530612244899
東京メトロ副都心線||1225||1225||30||30||0.024489795918367346||0.024489795918367346
サイヤ人||1223||1223||15||15||0.012264922322158627||0.012264922322158627
小田和正||1223||1223||7||7||0.005723630417007359||0.005723630417007359
杉山紀彰||1223||1223||6||6||0.004905968928863451||0.004905968928863451
王様のブランチ||1221||1221||8||8||0.006552006552006552||0.006552006552006552
バイオハザードシリーズ||1219||1219||10||10||0.008203445447087777||0.008203445447087777
世にも奇妙な物語||1219||1219||8||8||0.006562756357670222||0.006562756357670222
ジパング (漫画)||1218||1218||3||3||0.0024630541871921183||0.0024630541871921183
新快速||1217||1217||46||46||0.03779786359901397||0.03779786359901397
プロレスラー一覧||1217||1217||1||1||8.216926869350862E-4||8.216926869350862E-4
オリエンタルラジオ||1217||1217||6||6||0.0049301561216105174||0.0049301561216105174
メタルギアソリッド||1216||1216||5||5||0.004111842105263158||0.004111842105263158
Misono||1216||1216||34||34||0.027960526315789474||0.027960526315789474
ジャパン・ニュース・ネットワーク||1215||1215||4||4||0.0032921810699588477||0.0032921810699588477
宇都宮線||1214||1214||3||3||0.002471169686985173||0.002471169686985173
爆笑レッドシアター||1214||1214||2||2||0.0016474464579901153||0.0016474464579901153
さだまさし||1213||1213||10||10||0.008244023083264633||0.008244023083264633
聖闘士星矢||1213||1213||11||11||0.009068425391591096||0.009068425391591096
絶体絶命でんぢゃらすじーさん||1213||1213||8||8||0.006595218466611707||0.006595218466611707
ONE PIECE||1212||1212||115||115||0.09488448844884488||0.09488448844884488
アントニオ猪木||1211||1211||15||15||0.012386457473162676||0.012386457473162676
浜田雅功||1211||1211||10||10||0.008257638315441783||0.008257638315441783
浅野真澄||1210||1210||20||20||0.01652892561983471||0.01652892561983471
ドラゴンクエストVI 幻の大地||1210||1210||24||24||0.019834710743801654||0.019834710743801654
福岡県立修猷館高等学校||1210||1210||1||1||8.264462809917355E-4||8.264462809917355E-4
クォン・サンウ||1210||1210||6||6||0.0049586776859504135||0.0049586776859504135
ウルトラマンレオの登場怪獣||1210||1210||10||10||0.008264462809917356||0.008264462809917356
日本選手権シリーズ||1209||1209||2||2||0.0016542597187758478||0.0016542597187758478
リヴリーアイランド||1209||1209||15||15||0.01240694789081886||0.01240694789081886
ONE PIECEの用語一覧||1209||1209||83||83||0.06865177832919768||0.06865177832919768
坂本真綾||1209||1209||21||21||0.017369727047146403||0.017369727047146403
プロレスリング・ノア||1208||1208||14||14||0.011589403973509934||0.011589403973509934
川越市||1207||1207||6||6||0.004971002485501243||0.004971002485501243
桂歌丸||1206||1206||15||15||0.012437810945273632||0.012437810945273632
FNSの日||1206||1206||21||21||0.017412935323383085||0.017412935323383085
のだめカンタービレ (テレビドラマ)||1206||1206||6||6||0.004975124378109453||0.004975124378109453
コードギアスシリーズの機動兵器一覧||1206||1206||3||3||0.0024875621890547263||0.0024875621890547263
宮崎あおい||1206||1206||36||36||0.029850746268656716||0.029850746268656716
公明党||1205||1205||13||13||0.010788381742738589||0.010788381742738589
檜山修之||1204||1204||26||26||0.02159468438538206||0.02159468438538206
沢田研二||1204||1204||3||3||0.0024916943521594683||0.0024916943521594683
東国原英夫||1203||1203||21||21||0.017456359102244388||0.017456359102244388
連続テレビ小説||1202||1202||3||3||0.0024958402662229617||0.0024958402662229617
東急5000系電車 (2代)||1202||1202||72||72||0.059900166389351084||0.059900166389351084
DIR EN GREY||1201||1201||21||21||0.017485428809325562||0.017485428809325562
デュエル・マスターズ||1201||1201||14||14||0.011656952539550375||0.011656952539550375
自動車の車種名一覧||1199||1199||0||0||0.0||0.0
湘南新宿ライン||1199||1199||13||13||0.010842368640533779||0.010842368640533779
西郷隆盛||1198||1198||18||18||0.015025041736227046||0.015025041736227046
高松市||1198||1198||12||12||0.01001669449081803||0.01001669449081803
仮面ライダーオーズ/OOO/log20120616||1198||1198||27||27||0.022537562604340568||0.022537562604340568
倖田來未||1198||1198||5||5||0.004173622704507512||0.004173622704507512
高橋広樹||1197||1197||1||1||8.35421888053467E-4||8.35421888053467E-4
台湾||1196||1196||36||36||0.030100334448160536||0.030100334448160536
阪神甲子園球場||1196||1196||7||7||0.005852842809364548||0.005852842809364548
山田涼介||1196||1196||15||15||0.01254180602006689||0.01254180602006689
Ya-Ya-yah||1195||1195||7||7||0.005857740585774059||0.005857740585774059
アスラクライン||1195||1195||7||7||0.005857740585774059||0.005857740585774059
全国高等学校野球選手権大会||1195||1195||4||4||0.0033472803347280333||0.0033472803347280333
新婚さんいらっしゃい!||1194||1194||0||0||0.0||0.0
零式艦上戦闘機||1193||1193||29||29||0.024308466051969825||0.024308466051969825
シャーマンキングの登場人物||1192||1192||20||20||0.016778523489932886||0.016778523489932886
ドラゴンボール改||1192||1192||62||62||0.05201342281879195||0.05201342281879195
『ぷっ』すま||1191||1191||8||8||0.006717044500419815||0.006717044500419815
遊佐浩二||1191||1191||7||7||0.005877413937867338||0.005877413937867338
ウルトラマンガイアの登場怪獣||1191||1191||12||12||0.010075566750629723||0.010075566750629723
倉敷市||1190||1190||6||6||0.005042016806722689||0.005042016806722689
西部警察||1190||1190||1||1||8.403361344537816E-4||8.403361344537816E-4
魔弾戦記リュウケンドー||1190||1190||10||10||0.008403361344537815||0.008403361344537815
仮面ライダー電王||1190||1190||21||21||0.01764705882352941||0.01764705882352941
日本大学||1190||1190||28||28||0.023529411764705882||0.023529411764705882
京葉線||1190||1190||22||22||0.018487394957983194||0.018487394957983194
若槻千夏||1190||1190||11||11||0.009243697478991597||0.009243697478991597
京都市||1189||1189||13||13||0.010933557611438183||0.010933557611438183
探偵学園Q||1188||1188||20||20||0.016835016835016835||0.016835016835016835
バガボンド||1187||1187||4||4||0.003369839932603201||0.003369839932603201
テイルズ オブ レジェンディア||1187||1187||6||6||0.005054759898904802||0.005054759898904802
宇宙戦艦ヤマト||1187||1187||13||13||0.010951979780960405||0.010951979780960405
ドラゴンクエストIII そして伝説へ…||1186||1186||10||10||0.008431703204047217||0.008431703204047217
遊☆戯☆王オフィシャルカードゲーム||1186||1186||19||19||0.016020236087689713||0.016020236087689713
斎賀みつき||1184||1184||1||1||8.445945945945946E-4||8.445945945945946E-4
四国放送||1184||1184||2||2||0.0016891891891891893||0.0016891891891891893
蒼穹のファフナー||1184||1184||5||5||0.004222972972972973||0.004222972972972973
ファイナルファンタジーVII||1183||1183||26||26||0.02197802197802198||0.02197802197802198
全国高校野球選手権大会中継||1182||1182||0||0||0.0||0.0
地球温暖化||1182||1182||83||83||0.07021996615905245||0.07021996615905245
秋葉原||1182||1182||14||14||0.011844331641285956||0.011844331641285956
TOHOシネマズ||1182||1182||10||10||0.008460236886632826||0.008460236886632826
横山裕||1181||1181||0||0||0.0||0.0
さいたま市||1181||1181||11||11||0.009314140558848433||0.009314140558848433
中華民国||1180||1180||59||59||0.05||0.05
ジョージ・W・ブッシュ||1180||1180||30||30||0.025423728813559324||0.025423728813559324
坂本龍馬||1179||1179||13||13||0.01102629346904156||0.01102629346904156
ゴルゴ13の登場人物||1179||1179||0||0||0.0||0.0
ぐるぐるナインティナイン||1178||1178||8||8||0.006791171477079796||0.006791171477079796
2005年日本国際博覧会||1178||1178||5||5||0.004244482173174873||0.004244482173174873
東武東上本線||1178||1178||15||15||0.012733446519524618||0.012733446519524618
2009年||1177||1177||72||72||0.06117247238742566||0.06117247238742566
山梨放送||1177||1177||0||0||0.0||0.0
茅原実里||1176||1176||14||14||0.011904761904761904||0.011904761904761904
遊☆戯☆王の登場人物||1176||1176||6||6||0.00510204081632653||0.00510204081632653
布袋寅泰||1175||1175||12||12||0.010212765957446808||0.010212765957446808
スカッとゴルフ パンヤ||1175||1175||2||2||0.001702127659574468||0.001702127659574468
封印作品||1175||1175||2||2||0.001702127659574468||0.001702127659574468
香取慎吾||1175||1175||15||15||0.01276595744680851||0.01276595744680851
TBS NEWS (CS放送)||1174||1174||0||0||0.0||0.0
文化放送||1174||1174||8||8||0.0068143100511073255||0.0068143100511073255
風の谷のナウシカ||1174||1174||8||8||0.0068143100511073255||0.0068143100511073255
みつどもえ||1173||1173||11||11||0.00937766410912191||0.00937766410912191
英語||1172||1172||38||38||0.032423208191126277||0.032423208191126277
爆笑レッドカーペット||1171||1171||26||26||0.02220324508966695||0.02220324508966695
ルパン三世 (TV第2シリーズ)の登場人物||1170||1170||5||5||0.004273504273504274||0.004273504273504274
青森県出身の人物一覧||1170||1170||1||1||8.547008547008547E-4||8.547008547008547E-4
新幹線N700系電車||1169||1169||45||45||0.03849443969204448||0.03849443969204448
瀬戸の花嫁 (漫画)||1169||1169||1||1||8.55431993156544E-4||8.55431993156544E-4
ロート製薬||1168||1168||9||9||0.007705479452054794||0.007705479452054794
マリオシリーズ||1168||1168||11||11||0.009417808219178082||0.009417808219178082
黒執事||1168||1168||9||9||0.007705479452054794||0.007705479452054794
エヴァンゲリオン (架空の兵器)||1166||1166||3||3||0.002572898799313894||0.002572898799313894
キテレツ大百科||1166||1166||8||8||0.00686106346483705||0.00686106346483705
ゴルゴ13||1166||1166||7||7||0.006003430531732418||0.006003430531732418
国際空港の一覧||1166||1166||1||1||8.576329331046312E-4||8.576329331046312E-4
機動戦士ガンダムSEED ASTRAYシリーズの登場人物||1166||1166||1||1||8.576329331046312E-4||8.576329331046312E-4
靖国神社||1165||1165||18||18||0.015450643776824034||0.015450643776824034
ウルトラマンガイア||1165||1165||5||5||0.004291845493562232||0.004291845493562232
ダルビッシュ有||1165||1165||40||40||0.034334763948497854||0.034334763948497854
コブクロ||1164||1164||10||10||0.00859106529209622||0.00859106529209622
伊達政宗||1163||1163||18||18||0.015477214101461736||0.015477214101461736
はだしのゲン||1163||1163||4||4||0.0034393809114359416||0.0034393809114359416

