
Page||Recent Revisions||Total Revisions||Recent Reverts||Total Reverts||Recent Contention||Total Contention
海賊戦隊ゴーカイジャー/log20120602||5041||5041||169||169||0.03352509422733584||0.03352509422733584
ONE PIECEの登場人物一覧/log||5010||5010||25||25||0.00499001996007984||0.00499001996007984
AKB48/log20110116||4789||4789||199||199||0.04155356024222176||0.04155356024222176
イナズマイレブンの登場人物/history20150222||4751||4751||60||60||0.012628920227320563||0.012628920227320563
相棒/history20150820||4575||4575||186||186||0.04065573770491803||0.04065573770491803
ゲームセンターCX/history20160321||4573||4573||28||28||0.006122895254756178||0.006122895254756178
仮面ライダーディケイド/log20091223||4546||4546||174||174||0.03827540695116586||0.03827540695116586
スーパー戦隊シリーズ/history20160321||4522||4522||72||72||0.01592215833701902||0.01592215833701902
24時間テレビ 「愛は地球を救う」/history20160321||4494||4494||114||114||0.025367156208277702||0.025367156208277702
AKB48/history20160321||4490||4490||459||459||0.1022271714922049||0.1022271714922049
仮面ライダー電王/log20080331||4485||4485||26||26||0.005797101449275362||0.005797101449275362
新日本プロレス/history20160321||4477||4477||26||26||0.005807460352914898||0.005807460352914898
アニメ版ポケットモンスターの登場人物/history20160321||4442||4442||59||59||0.013282305267897344||0.013282305267897344
仮面ライダーフォーゼ||4404||4404||89||89||0.020208900999091735||0.020208900999091735
青森放送/history20180113||4369||4369||9||9||0.002059967956054017||0.002059967956054017
SASUKE/history20180113||4286||4286||36||36||0.008399440037330844||0.008399440037330844
トリコ||4261||4261||108||108||0.025346162872565126||0.025346162872565126
森田一義アワー 笑っていいとも!/log20130117||4178||4178||46||46||0.011010052656773576||0.011010052656773576
けいおん!/log20120612||4172||4172||309||309||0.07406519654841802||0.07406519654841802
舞-乙HiME/log20120619||4089||4089||2||2||4.891171435558817E-4||4.891171435558817E-4
BLEACHの登場人物||4071||4071||49||49||0.01203635470400393||0.01203635470400393
モーニング娘。||4063||4063||137||137||0.03371892690130446||0.03371892690130446
ちちんぷいぷい (テレビ番組)/history20180113||4002||4002||33||33||0.008245877061469266||0.008245877061469266
銀魂/log20081129||4001||4001||15||15||0.003749062734316421||0.003749062734316421
情報ライブ ミヤネ屋||3983||3983||51||51||0.012804418779814211||0.012804418779814211
Yes!プリキュア5||3979||3979||86||86||0.021613470721286755||0.021613470721286755
オールスター感謝祭/history20190417||3976||3976||108||108||0.02716297786720322||0.02716297786720322
名探偵コナンの登場人物/history20180113||3964||3964||95||95||0.0239656912209889||0.0239656912209889
読売ジャイアンツ||3922||3922||52||52||0.013258541560428353||0.013258541560428353
笑点/log20110201||3890||3890||19||19||0.004884318766066838||0.004884318766066838
銀魂 (アニメ)||3888||3888||14||14||0.00360082304526749||0.00360082304526749
BLEACH/log20080419||3877||3877||20||20||0.005158627805003869||0.005158627805003869
阪神タイガース||3874||3874||103||103||0.026587506453278266||0.026587506453278266
石原慎太郎||3860||3860||117||117||0.030310880829015546||0.030310880829015546
銀魂の登場人物一覧||3858||3858||54||54||0.013996889580093312||0.013996889580093312
フジテレビジョン||3854||3854||57||57||0.014789828749351324||0.014789828749351324
ドラゴンボールの登場人物||3846||3846||84||84||0.0218408736349454||0.0218408736349454
仮面ライダーW/log20110201||3843||3843||77||77||0.020036429872495445||0.020036429872495445
海賊 (ONE PIECE)/history20180113||3841||3841||245||245||0.06378547253319448||0.06378547253319448
仮面ライダー鎧武/ガイム||3817||3817||96||96||0.02515064186533927||0.02515064186533927
パワーパフガールズ||3807||3807||47||47||0.012345679012345678||0.012345679012345678
NARUTO -ナルト-の登場人物/log20120612||3800||3800||87||87||0.022894736842105263||0.022894736842105263
アンパンマンの登場人物一覧/log20120613||3798||3798||69||69||0.018167456556082148||0.018167456556082148
ウルトラマンメビウス/log20100825||3792||3792||39||39||0.010284810126582278||0.010284810126582278
ミュージックステーション/log20120615||3784||3784||15||15||0.003964059196617336||0.003964059196617336
EXILE/log 20120611||3778||3778||54||54||0.014293276866066702||0.014293276866066702
2015年のテレビ (日本)||3776||3776||22||22||0.005826271186440678||0.005826271186440678
仮面ライダーシリーズ||3752||3752||95||95||0.025319829424307036||0.025319829424307036
銀魂の登場人物一覧/log20080904||3752||3752||3||3||7.995735607675906E-4||7.995735607675906E-4
小沢一郎||3750||3750||137||137||0.036533333333333334||0.036533333333333334
ナインティナインのオールナイトニッポン||3740||3740||26||26||0.006951871657754011||0.006951871657754011
奥州市||3736||3736||11||11||0.0029443254817987153||0.0029443254817987153
3年B組金八先生)/history20180113||3734||3734||67||67||0.017943224424209963||0.017943224424209963
パネルクイズ アタック25||3714||3714||72||72||0.01938610662358643||0.01938610662358643
第二次世界大戦/log20120619||3712||3712||37||37||0.009967672413793104||0.009967672413793104
太鼓の達人||3695||3695||73||73||0.019756427604871448||0.019756427604871448
ONE PIECE/log||3694||3694||29||29||0.00785056848944234||0.00785056848944234
テレビ神奈川||3693||3693||17||17||0.004603303547251557||0.004603303547251557
新世紀エヴァンゲリオン||3681||3681||80||80||0.021733224667209998||0.021733224667209998
機動戦士ガンダム00||3675||3675||78||78||0.02122448979591837||0.02122448979591837
テレビ東京||3663||3663||37||37||0.010101010101010102||0.010101010101010102
クイズ!ヘキサゴンII/log20090401||3650||3650||31||31||0.008493150684931507||0.008493150684931507
ONE PIECEの登場人物一覧||3640||3640||247||247||0.06785714285714285||0.06785714285714285
モンスターハンターのモンスター一覧||3635||3635||43||43||0.011829436038514442||0.011829436038514442
広島県出身の人物一覧||3631||3631||4||4||0.001101624896722666||0.001101624896722666
獣電戦隊キョウリュウジャー||3629||3629||108||108||0.029760264535684762||0.029760264535684762
国鉄485系電車||3627||3627||48||48||0.013234077750206782||0.013234077750206782
相棒の登場人物/history20190113||3626||3626||84||84||0.023166023166023165||0.023166023166023165
コードギアス 反逆のルルーシュ/log20080407||3610||3610||21||21||0.005817174515235457||0.005817174515235457
日本/log20090827||3601||3601||74||74||0.02054984726464871||0.02054984726464871
家庭教師ヒットマンREBORN!/log20100415||3591||3591||128||128||0.03564466722361459||0.03564466722361459
テニスの王子様の登場人物/log20120614||3586||3586||11||11||0.003067484662576687||0.003067484662576687
ジャニーズJr.||3580||3580||73||73||0.020391061452513966||0.020391061452513966
そこまで言って委員会NP||3575||3575||45||45||0.012587412587412588||0.012587412587412588
黒子のバスケ||3573||3573||81||81||0.022670025188916875||0.022670025188916875
大喜利 (笑点)||3550||3550||112||112||0.031549295774647886||0.031549295774647886
プレイステーション3/log20100415||3548||3548||50||50||0.014092446448703494||0.014092446448703494
仮面ライダーオーズ/OOO/log20120616||3547||3547||81||81||0.022836199605300252||0.022836199605300252
SMAP||3547||3547||91||91||0.025655483507189172||0.025655483507189172
D.Gray-man||3529||3529||21||21||0.005950694247662227||0.005950694247662227
愛知県出身の人物一覧||3514||3514||28||28||0.00796812749003984||0.00796812749003984
アメリカ横断ウルトラクイズ||3514||3514||16||16||0.004553215708594195||0.004553215708594195
ZIP!/history20181110||3507||3507||63||63||0.017964071856287425||0.017964071856287425
ネプリーグ/log20091026||3501||3501||10||10||0.0028563267637817767||0.0028563267637817767
早稲田大学の人物一覧||3498||3498||24||24||0.00686106346483705||0.00686106346483705
涼宮ハルヒシリーズ/log20090701||3492||3492||76||76||0.021764032073310423||0.021764032073310423
福山潤||3483||3483||86||86||0.024691358024691357||0.024691358024691357
エンタの神様/log20091223||3480||3480||28||28||0.008045977011494253||0.008045977011494253
ドラえもん||3473||3473||146||146||0.042038583357327956||0.042038583357327956
日本航空123便墜落事故||3467||3467||60||60||0.017306028266512834||0.017306028266512834
破面||3453||3453||21||21||0.006081668114682885||0.006081668114682885
NARUTO -ナルト-||3449||3449||47||47||0.0136271383009568||0.0136271383009568
静岡市||3449||3449||37||37||0.01072774717309365||0.01072774717309365
トヨタ自動車||3448||3448||103||103||0.029872389791183295||0.029872389791183295
明石家さんま||3445||3445||61||61||0.017706821480406386||0.017706821480406386
北海道日本ハムファイターズ||3436||3436||59||59||0.017171129220023285||0.017171129220023285
ケロロ軍曹の登場人物一覧/log20090210||3436||3436||5||5||0.0014551804423748546||0.0014551804423748546
VS嵐||3432||3432||50||50||0.014568764568764568||0.014568764568764568
天装戦隊ゴセイジャー||3416||3416||75||75||0.021955503512880562||0.021955503512880562
めざましテレビ/history20190417||3401||3401||51||51||0.014995589532490444||0.014995589532490444
関西国際空港||3394||3394||29||29||0.00854449027695934||0.00854449027695934
B'z||3388||3388||119||119||0.03512396694214876||0.03512396694214876
SKE48||3387||3387||175||175||0.05166814289932093||0.05166814289932093
ドラゴンボール||3366||3366||120||120||0.035650623885918005||0.035650623885918005
クレヨンしんちゃん||3358||3358||30||30||0.008933889219773675||0.008933889219773675
めちゃ×2イケてるッ!||3353||3353||71||71||0.021175067104085895||0.021175067104085895
東京都出身の人物一覧||3350||3350||6||6||0.001791044776119403||0.001791044776119403
水樹奈々||3338||3338||149||149||0.04463750748951468||0.04463750748951468
中部日本放送||3326||3326||13||13||0.0039085989176187615||0.0039085989176187615
NHK紅白歌合戦||3326||3326||112||112||0.03367408298256164||0.03367408298256164
DEATH NOTEの登場人物||3321||3321||16||16||0.004817825956037338||0.004817825956037338
日本体育大学||3321||3321||7||7||0.0021077988557663355||0.0021077988557663355
WWEに所属する人物一覧||3312||3312||9||9||0.002717391304347826||0.002717391304347826
福岡ソフトバンクホークス||3303||3303||51||51||0.015440508628519528||0.015440508628519528
日本プロサッカーリーグ||3301||3301||67||67||0.020296879733414118||0.020296879733414118
ケロロ軍曹||3286||3286||20||20||0.006086427267194157||0.006086427267194157
平成||3283||3283||59||59||0.017971367651538228||0.017971367651538228
成田国際空港||3281||3281||46||46||0.014020115818348064||0.014020115818348064
サザエさんの登場人物||3280||3280||122||122||0.03719512195121951||0.03719512195121951
SAMURAI BASEBALL||3276||3276||17||17||0.005189255189255189||0.005189255189255189
UHFアニメ||3272||3272||11||11||0.0033618581907090463||0.0033618581907090463
水戸黄門 (パナソニック ドラマシアター)||3263||3263||13||13||0.00398406374501992||0.00398406374501992
クイズダービー||3255||3255||60||60||0.018433179723502304||0.018433179723502304
宇宙戦艦ヤマト2199||3254||3254||23||23||0.007068223724646589||0.007068223724646589
ズームイン!!SUPER/log20091228||3247||3247||8||8||0.0024638127502309825||0.0024638127502309825
仙台市||3238||3238||45||45||0.013897467572575664||0.013897467572575664
Axis powers ヘタリア||3234||3234||37||37||0.011440940012368584||0.011440940012368584
鈴村健一||3233||3233||49||49||0.015156201670275286||0.015156201670275286
二宮和也||3224||3224||138||138||0.042803970223325064||0.042803970223325064
クイズ!ヘキサゴンII||3224||3224||131||131||0.040632754342431764||0.040632754342431764
毎日放送||3219||3219||27||27||0.008387698042870456||0.008387698042870456
水曜どうでしょう||3208||3208||18||18||0.005610972568578554||0.005610972568578554
櫻井孝宏||3206||3206||66||66||0.020586400499064253||0.020586400499064253
TBSテレビ||3196||3196||76||76||0.023779724655819776||0.023779724655819776
麻生太郎||3185||3185||118||118||0.03704866562009419||0.03704866562009419
大韓民国||3184||3184||118||118||0.03706030150753769||0.03706030150753769
とある魔術の禁書目録||3183||3183||141||141||0.04429783223374175||0.04429783223374175
明治大学||3172||3172||49||49||0.01544766708701135||0.01544766708701135
中部国際空港||3151||3151||42||42||0.013329101872421454||0.013329101872421454
福岡県出身の人物一覧||3149||3149||39||39||0.012384884090187362||0.012384884090187362
日本の漫画家一覧||3142||3142||3||3||9.548058561425843E-4||9.548058561425843E-4
東京大学の人物一覧||3138||3138||21||21||0.006692160611854685||0.006692160611854685
ハピネスチャージプリキュア!||3135||3135||119||119||0.0379585326953748||0.0379585326953748
帝京大学||3133||3133||70||70||0.022342802425789978||0.022342802425789978
こちら葛飾区亀有公園前派出所||3133||3133||41||41||0.013086498563676987||0.013086498563676987
DEATH NOTE||3127||3127||44||44||0.014070994563479372||0.014070994563479372
M-1グランプリ||3116||3116||24||24||0.007702182284980745||0.007702182284980745
千葉ロッテマリーンズ||3090||3090||69||69||0.02233009708737864||0.02233009708737864
仮面ライダーカブト||3088||3088||48||48||0.015544041450777202||0.015544041450777202
日本テレビ放送網||3082||3082||25||25||0.008111615833874108||0.008111615833874108
週刊少年ジャンプ||3079||3079||53||53||0.017213380967846702||0.017213380967846702
ハロー!プロジェクト||3078||3078||50||50||0.016244314489928524||0.016244314489928524
仮面ライダーシリーズ登場怪人一覧||3077||3077||141||141||0.04582385440363991||0.04582385440363991
オールナイトニッポン||3060||3060||28||28||0.009150326797385621||0.009150326797385621
浦和レッドダイヤモンズ||3057||3057||46||46||0.015047432122996402||0.015047432122996402
スーパーベースボール (テレビ朝日系列)||3044||3044||10||10||0.0032851511169513796||0.0032851511169513796
マイケル・ジャクソン||3039||3039||77||77||0.02533728200065811||0.02533728200065811
日本共産党||3031||3031||73||73||0.024084460574067965||0.024084460574067965
安倍晋三||3029||3029||186||186||0.06140640475404424||0.06140640475404424
日本放送協会||3023||3023||89||89||0.029440952695997353||0.029440952695997353
仮面ライダーウィザード||3021||3021||98||98||0.03243958953988745||0.03243958953988745
嵐 (グループ)||3020||3020||138||138||0.0456953642384106||0.0456953642384106
ケロロ軍曹 (アニメ)||3019||3019||32||32||0.010599536270288175||0.010599536270288175
ドラえもん (1979年のテレビアニメ)||3017||3017||37||37||0.012263838249917136||0.012263838249917136
鹿島アントラーズ||3004||3004||51||51||0.016977363515312916||0.016977363515312916
横浜DeNAベイスターズ||3004||3004||72||72||0.023968042609853527||0.023968042609853527
石田彰||3000||3000||24||24||0.008||0.008
ジャニーズ事務所||2994||2994||58||58||0.019372077488309953||0.019372077488309953
慶應義塾大学の人物一覧||2990||2990||52||52||0.017391304347826087||0.017391304347826087
東京放送ホールディングス||2988||2988||32||32||0.0107095046854083||0.0107095046854083
クイズ世界はSHOW by ショーバイ!!||2968||2968||16||16||0.005390835579514825||0.005390835579514825
モヤモヤさまぁ〜ず2||2967||2967||27||27||0.00910010111223458||0.00910010111223458
2014年のテレビ (日本)||2966||2966||7||7||0.0023600809170600135||0.0023600809170600135
海軍 (ONE PIECE)||2959||2959||226||226||0.07637715444406894||0.07637715444406894
獣拳戦隊ゲキレンジャー||2953||2953||38||38||0.012868269556383339||0.012868269556383339
国鉄103系電車||2952||2952||35||35||0.011856368563685637||0.011856368563685637
金色のガッシュ!!の登場人物||2946||2946||12||12||0.004073319755600814||0.004073319755600814
Fun!BASEBALL!!||2945||2945||6||6||0.0020373514431239388||0.0020373514431239388
世界一の一覧||2938||2938||34||34||0.011572498298162015||0.011572498298162015
侍戦隊シンケンジャー||2937||2937||59||59||0.020088525706503234||0.020088525706503234
ハヤテのごとく!の登場人物||2936||2936||96||96||0.0326975476839237||0.0326975476839237
とある魔術の禁書目録の登場人物||2930||2930||158||158||0.05392491467576792||0.05392491467576792
魔人探偵脳噛ネウロ||2909||2909||10||10||0.0034376074252320385||0.0034376074252320385
探偵!ナイトスクープ||2907||2907||21||21||0.007223942208462332||0.007223942208462332
らき☆すた||2906||2906||30||30||0.01032346868547832||0.01032346868547832
FAIRY TAILの登場人物||2897||2897||112||112||0.03866068346565413||0.03866068346565413
ウルトラマン||2884||2884||59||59||0.020457697642163663||0.020457697642163663
逆転裁判||2883||2883||38||38||0.013180714533472077||0.013180714533472077
森川智之||2876||2876||39||39||0.013560500695410291||0.013560500695410291
スマイルプリキュア!||2876||2876||117||117||0.04068150208623088||0.04068150208623088
全国高等学校クイズ選手権||2872||2872||64||64||0.022284122562674095||0.022284122562674095
グルメチキンレース・ゴチになります!||2872||2872||28||28||0.009749303621169917||0.009749303621169917
龍が如くシリーズの登場人物||2871||2871||26||26||0.009056078021595262||0.009056078021595262
東京駅||2860||2860||85||85||0.02972027972027972||0.02972027972027972
轟轟戦隊ボウケンジャー||2856||2856||33||33||0.011554621848739496||0.011554621848739496
古畑任三郎||2850||2850||21||21||0.007368421052631579||0.007368421052631579
手塚治虫||2846||2846||32||32||0.011243851018973999||0.011243851018973999
ダウンタウンのガキの使いやあらへんで!||2845||2845||34||34||0.01195079086115993||0.01195079086115993
東北楽天ゴールデンイーグルス||2844||2844||68||68||0.02390998593530239||0.02390998593530239
ローゼンメイデン/history 20130917||2843||2843||43||43||0.015124868097080548||0.015124868097080548
錦戸亮||2840||2840||55||55||0.01936619718309859||0.01936619718309859
サザエさん (テレビアニメ)||2836||2836||103||103||0.03631875881523272||0.03631875881523272
キン肉マンの登場人物||2831||2831||15||15||0.005298481102084069||0.005298481102084069
全日本プロレス||2821||2821||8||8||0.002835873803615739||0.002835873803615739
仮面ライダードライブ||2818||2818||108||108||0.0383250532292406||0.0383250532292406
THE IDOLM@STERの登場人物||2810||2810||111||111||0.039501779359430604||0.039501779359430604
バンプレストオリジナルのキャラクター一覧||2810||2810||5||5||0.0017793594306049821||0.0017793594306049821
SCHOOL OF LOCK!||2805||2805||19||19||0.006773618538324421||0.006773618538324421
沢城みゆき||2805||2805||82||82||0.02923351158645276||0.02923351158645276
杉田智和||2803||2803||64||64||0.022832679272208348||0.022832679272208348
王貞治||2802||2802||39||39||0.013918629550321198||0.013918629550321198
ポルノグラフィティ||2798||2798||53||53||0.018942101501072194||0.018942101501072194
松井秀喜||2795||2795||90||90||0.03220035778175313||0.03220035778175313
新潟市||2788||2788||32||32||0.011477761836441894||0.011477761836441894
世界平和統一家庭連合||2779||2779||76||76||0.02734796689456639||0.02734796689456639
織田信長||2777||2777||77||77||0.02772776377385668||0.02772776377385668
北海道出身の人物一覧||2775||2775||33||33||0.011891891891891892||0.011891891891891892
FNNスーパーニュース||2774||2774||18||18||0.006488824801730353||0.006488824801730353
大野智||2755||2755||99||99||0.035934664246823955||0.035934664246823955
浪川大輔||2752||2752||45||45||0.016351744186046513||0.016351744186046513
法政大学の人物一覧||2751||2751||10||10||0.0036350418029807343||0.0036350418029807343
おはスタ||2749||2749||34||34||0.012368133866860677||0.012368133866860677
2006年||2749||2749||41||41||0.014914514368861403||0.014914514368861403
堀江由衣||2748||2748||47||47||0.01710334788937409||0.01710334788937409
宮野真守||2738||2738||50||50||0.018261504747991233||0.018261504747991233
ちびまる子ちゃんの登場人物||2735||2735||65||65||0.02376599634369287||0.02376599634369287
スーパーJチャンネル||2731||2731||35||35||0.012815818381545222||0.012815818381545222
東京ヤクルトスワローズ||2726||2726||63||63||0.023110785033015408||0.023110785033015408
ONE PIECE (アニメ)||2724||2724||72||72||0.02643171806167401||0.02643171806167401
まれ||2722||2722||68||68||0.024981631153563555||0.024981631153563555
Run for money 逃走中||2716||2716||62||62||0.022827687776141383||0.022827687776141383
ポケットモンスター (アニメ)||2712||2712||32||32||0.011799410029498525||0.011799410029498525
日本航空||2706||2706||54||54||0.019955654101995565||0.019955654101995565
おかあさんといっしょ||2705||2705||34||34||0.012569316081330868||0.012569316081330868
京都放送||2705||2705||12||12||0.0044362292051756||0.0044362292051756
Au (携帯電話)||2701||2701||49||49||0.01814142910033321||0.01814142910033321
能登麻美子||2699||2699||44||44||0.016302334197851057||0.016302334197851057
菅直人||2698||2698||137||137||0.05077835433654559||0.05077835433654559
魔法少女まどか☆マギカ||2693||2693||161||161||0.05978462681024879||0.05978462681024879
桃太郎電鉄シリーズ||2691||2691||12||12||0.004459308807134894||0.004459308807134894
AKB48のオールナイトニッポン||2691||2691||126||126||0.046822742474916385||0.046822742474916385
前田敦子||2690||2690||320||320||0.11895910780669144||0.11895910780669144
スッキリ (テレビ番組)||2688||2688||35||35||0.013020833333333334||0.013020833333333334
秋田放送||2687||2687||3||3||0.0011164867882396724||0.0011164867882396724
タモリ||2684||2684||72||72||0.026825633383010434||0.026825633383010434
浅田真央||2682||2682||81||81||0.030201342281879196||0.030201342281879196
機動戦士ガンダムAGE||2678||2678||84||84||0.03136669156086632||0.03136669156086632
野球道 (フジテレビ系列)||2676||2676||9||9||0.0033632286995515697||0.0033632286995515697
行列のできる法律相談所||2675||2675||104||104||0.0388785046728972||0.0388785046728972
子安武人||2672||2672||26||26||0.009730538922155689||0.009730538922155689
吉本総合芸能学院||2670||2670||17||17||0.006367041198501872||0.006367041198501872
ダンボール戦機||2663||2663||41||41||0.015396169733383402||0.015396169733383402
新宿駅||2657||2657||43||43||0.01618366578848325||0.01618366578848325
Perfume||2657||2657||101||101||0.03801279638690252||0.03801279638690252
GTO (漫画)||2649||2649||25||25||0.009437523593808984||0.009437523593808984
仮面ライダーディケイド||2649||2649||106||106||0.04001510003775009||0.04001510003775009
しゅごキャラ!||2646||2646||19||19||0.007180650037792895||0.007180650037792895
トリビアの泉 〜素晴らしきムダ知識〜||2645||2645||23||23||0.008695652173913044||0.008695652173913044
SLAM DUNKの登場人物||2645||2645||21||21||0.007939508506616257||0.007939508506616257
山下達郎||2644||2644||28||28||0.01059001512859304||0.01059001512859304
ドキドキ!プリキュア||2644||2644||47||47||0.01777609682299546||0.01777609682299546
めだかボックス||2634||2634||91||91||0.03454821564160972||0.03454821564160972
北海道放送||2629||2629||3||3||0.0011411182959300114||0.0011411182959300114
日産自動車||2623||2623||32||32||0.012199771254288982||0.012199771254288982
Dr.スランプ||2622||2622||28||28||0.010678871090770405||0.010678871090770405
中日ドラゴンズ||2621||2621||56||56||0.021365890881343||0.021365890881343
新幹線||2616||2616||49||49||0.018730886850152905||0.018730886850152905
ガンダムシリーズの登場機動兵器一覧||2616||2616||13||13||0.004969418960244648||0.004969418960244648
大阪府出身の人物一覧||2615||2615||8||8||0.0030592734225621415||0.0030592734225621415
小野大輔||2615||2615||22||22||0.008413001912045888||0.008413001912045888
FNS27時間テレビ||2614||2614||12||12||0.0045906656465187455||0.0045906656465187455
やしきたかじん||2611||2611||55||55||0.02106472615855994||0.02106472615855994
オリックス・バファローズ||2605||2605||40||40||0.015355086372360844||0.015355086372360844
自由民主党 (日本)||2604||2604||64||64||0.02457757296466974||0.02457757296466974
広島東洋カープ||2600||2600||67||67||0.02576923076923077||0.02576923076923077
神谷浩史||2598||2598||32||32||0.012317167051578136||0.012317167051578136
暁 (NARUTO)||2596||2596||84||84||0.032357473035439135||0.032357473035439135
2005年||2594||2594||25||25||0.00963762528912876||0.00963762528912876
釘宮理恵||2589||2589||65||65||0.025106218617226728||0.025106218617226728
ONE PIECE||2588||2588||321||321||0.12403400309119011||0.12403400309119011
Hey! Say! JUMP||2586||2586||118||118||0.04563031709203403||0.04563031709203403
平野綾||2583||2583||157||157||0.06078203639179249||0.06078203639179249
朝ズバッ!||2582||2582||37||37||0.014329976762199844||0.014329976762199844
都市伝説一覧||2572||2572||42||42||0.016329704510108865||0.016329704510108865
徳川家康||2569||2569||104||104||0.04048267808485792||0.04048267808485792
浜松市||2565||2565||35||35||0.01364522417153996||0.01364522417153996
声優||2560||2560||33||33||0.012890625||0.012890625
橋下徹||2558||2558||86||86||0.033620015637216574||0.033620015637216574
イチロー||2553||2553||124||124||0.04857030943987466||0.04857030943987466
千葉テレビ放送||2552||2552||7||7||0.00274294670846395||0.00274294670846395
福山市||2549||2549||8||8||0.003138485680659082||0.003138485680659082
創価学会||2548||2548||237||237||0.09301412872841444||0.09301412872841444
ゲゲゲの鬼太郎 (アニメ)||2545||2545||22||22||0.008644400785854617||0.008644400785854617
灼眼のシャナ||2541||2541||28||28||0.011019283746556474||0.011019283746556474
こちら葛飾区亀有公園前派出所の登場人物||2539||2539||62||62||0.024419062623079954||0.024419062623079954
家庭教師ヒットマンREBORN!の登場人物||2538||2538||34||34||0.013396375098502758||0.013396375098502758
BUMP OF CHICKEN||2537||2537||71||71||0.02798581001182499||0.02798581001182499
SoftBank (携帯電話)||2532||2532||22||22||0.008688783570300158||0.008688783570300158
2011年のテレビ (日本)||2532||2532||12||12||0.004739336492890996||0.004739336492890996
ドラえもんの登場人物一覧||2531||2531||83||83||0.032793362307388385||0.032793362307388385
戦国BASARAの登場人物||2531||2531||45||45||0.017779533781114184||0.017779533781114184
東北地方太平洋沖地震||2531||2531||73||73||0.02884235480047412||0.02884235480047412
特命戦隊ゴーバスターズ||2521||2521||61||61||0.024196747322491077||0.024196747322491077
東京大学||2512||2512||67||67||0.026671974522292995||0.026671974522292995
マジカル頭脳パワー!!||2507||2507||28||28||0.011168727562824093||0.011168727562824093
東海道新幹線||2506||2506||45||45||0.017956903431763767||0.017956903431763767
デジモン一覧||2504||2504||7||7||0.0027955271565495207||0.0027955271565495207
劇場版 仮面ライダーディケイド オールライダー対大ショッカー||2501||2501||114||114||0.04558176729308277||0.04558176729308277
朝日放送グループホールディングス||2495||2495||33||33||0.013226452905811623||0.013226452905811623
日本||2493||2493||357||357||0.14320096269554752||0.14320096269554752
山下智久||2492||2492||81||81||0.032504012841091494||0.032504012841091494
NMB48||2491||2491||121||121||0.048574869530309116||0.048574869530309116
AKBINGO!||2490||2490||118||118||0.04738955823293173||0.04738955823293173
ダウンタウンのガキの使いやあらへんで!!の企画||2488||2488||21||21||0.008440514469453377||0.008440514469453377
ポケットモンスターSPECIALの登場人物||2487||2487||14||14||0.0056292722155207075||0.0056292722155207075
涼宮ハルヒの憂鬱 (アニメ)||2484||2484||87||87||0.035024154589371984||0.035024154589371984
植田佳奈||2484||2484||70||70||0.02818035426731079||0.02818035426731079
新庄剛志||2483||2483||21||21||0.008457511075312122||0.008457511075312122
連続テレビ小説||2478||2478||67||67||0.027037933817594836||0.027037933817594836
日本のラジオパーソナリティ一覧||2475||2475||5||5||0.00202020202020202||0.00202020202020202
国鉄115系電車||2474||2474||42||42||0.016976556184316895||0.016976556184316895
アニメ+/history20190113||2458||2458||14||14||0.005695687550854353||0.005695687550854353
ハートキャッチプリキュア!||2456||2456||75||75||0.030537459283387622||0.030537459283387622
GLAY||2452||2452||57||57||0.0232463295269168||0.0232463295269168
野村克也||2450||2450||63||63||0.025714285714285714||0.025714285714285714
IBC岩手放送||2450||2450||20||20||0.00816326530612245||0.00816326530612245
サトシ (アニメポケットモンスター)||2437||2437||26||26||0.010668855149774312||0.010668855149774312
小泉純一郎||2434||2434||57||57||0.02341824157764996||0.02341824157764996
クイズタイムショック||2428||2428||14||14||0.005766062602965404||0.005766062602965404
日本の高校野球||2428||2428||57||57||0.023476112026359144||0.023476112026359144
草なぎ剛||2428||2428||76||76||0.03130148270181219||0.03130148270181219
Nスタ||2427||2427||28||28||0.011536876802637||0.011536876802637
嫌韓||2422||2422||99||99||0.04087530966143683||0.04087530966143683
アイシールド21||2422||2422||21||21||0.008670520231213872||0.008670520231213872
遊☆戯☆王5D's||2422||2422||36||36||0.01486374896779521||0.01486374896779521
志田未来||2419||2419||46||46||0.019016122364613478||0.019016122364613478
史上最強の弟子ケンイチの登場人物||2417||2417||38||38||0.015721969383533305||0.015721969383533305
戦国BASARA||2412||2412||29||29||0.012023217247097845||0.012023217247097845
諏訪部順一||2411||2411||23||23||0.00953961012028204||0.00953961012028204
緑川光||2411||2411||24||24||0.009954375777685608||0.009954375777685608
AAA (音楽グループ)||2409||2409||49||49||0.0203403902034039||0.0203403902034039
イナズマイレブン||2403||2403||33||33||0.01373283395755306||0.01373283395755306
機動戦士ガンダム00シリーズの登場兵器||2401||2401||89||89||0.037067888379841735||0.037067888379841735
井上麻里奈||2400||2400||84||84||0.035||0.035
関ジャニ∞||2398||2398||44||44||0.01834862385321101||0.01834862385321101
ダウンタウン (お笑いコンビ)||2395||2395||31||31||0.012943632567849687||0.012943632567849687
全日本空輸||2392||2392||15||15||0.006270903010033445||0.006270903010033445
2007年||2387||2387||46||46||0.019271051529116047||0.019271051529116047
福山雅治||2385||2385||43||43||0.018029350104821804||0.018029350104821804
Fate/stay night||2375||2375||50||50||0.021052631578947368||0.021052631578947368
阪神・淡路大震災||2370||2370||39||39||0.016455696202531647||0.016455696202531647
仮面ライダー||2369||2369||44||44||0.018573237653018153||0.018573237653018153
モンキー・D・ルフィ||2369||2369||169||169||0.07133811734909244||0.07133811734909244
近畿日本鉄道||2369||2369||32||32||0.013507809202195019||0.013507809202195019
在日韓国・朝鮮人||2368||2368||187||187||0.0789695945945946||0.0789695945945946
サンテレビジョン||2363||2363||10||10||0.004231908590774439||0.004231908590774439
D.Gray-manの登場人物||2363||2363||29||29||0.012272534913245875||0.012272534913245875
KAT-TUN||2361||2361||47||47||0.019906819144430325||0.019906819144430325
HUNTER×HUNTERの登場人物||2361||2361||44||44||0.018636171113934775||0.018636171113934775
HUNTER×HUNTER||2358||2358||65||65||0.0275657336726039||0.0275657336726039
日本一の一覧||2358||2358||32||32||0.013570822731128074||0.013570822731128074
花澤香菜||2358||2358||152||152||0.06446140797285835||0.06446140797285835
仮面ライダー×仮面ライダー W&ディケイド MOVIE大戦2010||2358||2358||60||60||0.02544529262086514||0.02544529262086514
アニメシャワー||2357||2357||4||4||0.0016970725498515061||0.0016970725498515061
中村悠一||2355||2355||49||49||0.020806794055201697||0.020806794055201697
スイートプリキュア♪||2352||2352||93||93||0.039540816326530615||0.039540816326530615
あまちゃん||2348||2348||42||42||0.01788756388415673||0.01788756388415673
アンパンマンの登場人物一覧||2346||2346||23||23||0.00980392156862745||0.00980392156862745
テニスの王子様||2345||2345||47||47||0.020042643923240937||0.020042643923240937
西日本旅客鉄道||2343||2343||42||42||0.01792573623559539||0.01792573623559539
ニッポン放送||2342||2342||11||11||0.004696840307429547||0.004696840307429547
CLANNAD (ゲーム)||2342||2342||72||72||0.030742954739538857||0.030742954739538857
関智一||2338||2338||44||44||0.018819503849443968||0.018819503849443968
とんねるずのみなさんのおかげでした||2337||2337||20||20||0.008557980316645272||0.008557980316645272
山寺宏一||2337||2337||33||33||0.014120667522464698||0.014120667522464698
プロレスリング・ノア||2336||2336||24||24||0.010273972602739725||0.010273972602739725
東海テレビ放送||2335||2335||12||12||0.005139186295503212||0.005139186295503212
中川翔子||2334||2334||86||86||0.03684661525278492||0.03684661525278492
林原めぐみ||2334||2334||45||45||0.019280205655526992||0.019280205655526992
東急田園都市線||2331||2331||58||58||0.024882024882024883||0.024882024882024883
青森テレビ||2329||2329||10||10||0.004293688278231||0.004293688278231
若本規夫||2329||2329||27||27||0.011592958351223702||0.011592958351223702
東京スカイツリー||2328||2328||105||105||0.045103092783505154||0.045103092783505154
常磐線||2328||2328||41||41||0.01761168384879725||0.01761168384879725
日本テレビ制作局制作番組の分野別一覧||2324||2324||5||5||0.0021514629948364886||0.0021514629948364886
清原和博||2324||2324||51||51||0.021944922547332185||0.021944922547332185
MAJORの登場人物||2323||2323||25||25||0.01076194575979337||0.01076194575979337
渋谷駅||2322||2322||40||40||0.017226528854435832||0.017226528854435832
福島第一原子力発電所事故||2320||2320||70||70||0.03017241379310345||0.03017241379310345
コロンビア大学||2319||2319||12||12||0.00517464424320828||0.00517464424320828
大塚明夫||2316||2316||14||14||0.006044905008635579||0.006044905008635579
さよなら絶望先生||2315||2315||25||25||0.01079913606911447||0.01079913606911447
静岡放送||2314||2314||29||29||0.012532411408815903||0.012532411408815903
ヤッターマン||2314||2314||15||15||0.00648228176318064||0.00648228176318064
ハヤテのごとく!||2314||2314||32||32||0.013828867761452032||0.013828867761452032
Mr.Children||2313||2313||56||56||0.02421098140942499||0.02421098140942499
帰ってきたウルトラマン||2311||2311||46||46||0.0199048031155344||0.0199048031155344
クレヨンしんちゃん (アニメ)||2311||2311||57||57||0.024664647338814367||0.024664647338814367
岡山放送||2310||2310||2||2||8.658008658008658E-4||8.658008658008658E-4
鋼の錬金術師の登場人物一覧/history 20120609||2299||2299||20||20||0.008699434536755112||0.008699434536755112
慶應義塾大学/history20130405||2294||2294||68||68||0.02964254577157803||0.02964254577157803
ちびまる子ちゃん||2292||2292||48||48||0.020942408376963352||0.020942408376963352
ACジャパン||2289||2289||45||45||0.019659239842726082||0.019659239842726082
いきものがかり||2289||2289||108||108||0.047182175622542594||0.047182175622542594
FAIRY TAIL||2288||2288||60||60||0.026223776223776224||0.026223776223776224
日本語||2287||2287||88||88||0.038478355924792304||0.038478355924792304
スーパーロボット大戦シリーズ||2286||2286||16||16||0.00699912510936133||0.00699912510936133
男性差別||2286||2286||115||115||0.050306211723534555||0.050306211723534555
東京箱根間往復大学駅伝競走||2278||2278||13||13||0.005706760316066725||0.005706760316066725
横浜駅||2276||2276||33||33||0.014499121265377855||0.014499121265377855
NTTドコモ||2271||2271||33||33||0.01453104359313078||0.01453104359313078
マクロスF||2269||2269||35||35||0.015425297487880123||0.015425297487880123
遊☆戯☆王デュエルモンスターズGXの登場人物||2266||2266||14||14||0.00617828773168579||0.00617828773168579
一橋大学の人物一覧||2265||2265||12||12||0.005298013245033113||0.005298013245033113
FNNスーパータイム||2262||2262||19||19||0.008399646330680813||0.008399646330680813
在日特権を許さない市民の会||2262||2262||173||173||0.07648099027409372||0.07648099027409372
下野紘||2257||2257||109||109||0.048294195835179445||0.048294195835179445
日本大学||2256||2256||47||47||0.020833333333333332||0.020833333333333332
テレビ北海道||2254||2254||30||30||0.013309671694764862||0.013309671694764862
広島テレビ放送||2254||2254||9||9||0.003992901508429458||0.003992901508429458
ゲゲゲの鬼太郎の登場キャラクター/history20190113||2250||2250||20||20||0.008888888888888889||0.008888888888888889
テレビ朝日||2248||2248||29||29||0.012900355871886121||0.012900355871886121
鉄道事故||2246||2246||21||21||0.009349955476402494||0.009349955476402494
2ちゃんねる||2246||2246||49||49||0.021816562778272486||0.021816562778272486
アドルフ・ヒトラー||2246||2246||39||39||0.017364203027604632||0.017364203027604632
アンパンマン||2245||2245||40||40||0.017817371937639197||0.017817371937639197
みんなが出るテレビ||2243||2243||5||5||0.002229157378510923||0.002229157378510923
暗殺教室||2243||2243||84||84||0.03744984395898351||0.03744984395898351
マリオ (ゲームキャラクター)||2242||2242||50||50||0.02230151650312221||0.02230151650312221
保志総一朗||2241||2241||21||21||0.009370816599732263||0.009370816599732263
今井麻美||2240||2240||49||49||0.021875||0.021875
札幌市||2237||2237||100||100||0.044702726866338846||0.044702726866338846
Dr.スランプ アラレちゃん||2236||2236||27||27||0.012075134168157423||0.012075134168157423
神戸市||2233||2233||25||25||0.011195700850873265||0.011195700850873265
ウルトラマンティガの登場怪獣||2233||2233||30||30||0.013434841021047918||0.013434841021047918
東京メトロポリタンテレビジョン||2230||2230||26||26||0.011659192825112108||0.011659192825112108
仮面ライダークウガ||2227||2227||49||49||0.022002694207453974||0.022002694207453974
進撃の巨人||2225||2225||56||56||0.025168539325842697||0.025168539325842697
野比のび太||2219||2219||94||94||0.0423614240648941||0.0423614240648941
サザンオールスターズ||2218||2218||40||40||0.018034265103697024||0.018034265103697024
岸尾だいすけ||2216||2216||19||19||0.008574007220216607||0.008574007220216607
宇多田ヒカル||2212||2212||34||34||0.015370705244122965||0.015370705244122965
プリキュアシリーズ||2212||2212||101||101||0.045660036166365284||0.045660036166365284
ゆず (音楽グループ)||2210||2210||28||28||0.012669683257918552||0.012669683257918552
一関学院高等学校||2205||2205||10||10||0.0045351473922902496||0.0045351473922902496
マスコットキャラクター一覧||2204||2204||8||8||0.003629764065335753||0.003629764065335753
戦国無双シリーズ||2204||2204||6||6||0.0027223230490018148||0.0027223230490018148
ウルトラマンティガ||2203||2203||31||31||0.01407172038129823||0.01407172038129823
アメリカ合衆国||2203||2203||33||33||0.014979573309123922||0.014979573309123922
上地雄輔||2203||2203||64||64||0.029051293690422152||0.029051293690422152
阿澄佳奈||2202||2202||91||91||0.041326067211625794||0.041326067211625794
2012年のテレビ (日本)||2202||2202||11||11||0.004995458673932788||0.004995458673932788
ICOCA||2200||2200||38||38||0.017272727272727273||0.017272727272727273
松田聖子||2198||2198||58||58||0.026387625113739762||0.026387625113739762
ひぐらしのなく頃に||2198||2198||31||31||0.014103730664240218||0.014103730664240218
島田紳助||2197||2197||107||107||0.0487027765134274||0.0487027765134274
ロケみつ||2196||2196||32||32||0.014571948998178506||0.014571948998178506
テレビ東京番組一覧||2194||2194||9||9||0.004102096627164996||0.004102096627164996
エホバの証人||2186||2186||85||85||0.03888380603842635||0.03888380603842635
八王子市||2184||2184||17||17||0.007783882783882784||0.007783882783882784
Wii/history 20130210||2184||2184||18||18||0.008241758241758242||0.008241758241758242
パナソニック||2180||2180||39||39||0.017889908256880735||0.017889908256880735
関口宏の東京フレンドパークII||2179||2179||32||32||0.014685635612666361||0.014685635612666361
タモリ倶楽部||2179||2179||12||12||0.005507113354749885||0.005507113354749885
さよなら絶望先生の登場人物||2178||2178||24||24||0.011019283746556474||0.011019283746556474
東急東横線||2177||2177||62||62||0.02847955902618282||0.02847955902618282
日立 世界・ふしぎ発見!||2176||2176||36||36||0.016544117647058824||0.016544117647058824
ゲームセンターCXの放送内容||2175||2175||14||14||0.006436781609195402||0.006436781609195402
Suica||2174||2174||58||58||0.02667893284268629||0.02667893284268629
千葉県||2173||2173||40||40||0.01840773124712379||0.01840773124712379
NARUTO -ナルト- 疾風伝||2172||2172||32||32||0.014732965009208104||0.014732965009208104
森一夫||2170||2170||12||12||0.005529953917050691||0.005529953917050691
バカとテストと召喚獣||2169||2169||24||24||0.011065006915629323||0.011065006915629323
中居正広||2168||2168||74||74||0.03413284132841329||0.03413284132841329
20世紀少年||2167||2167||40||40||0.018458698661744346||0.018458698661744346
岡田有希子||2166||2166||69||69||0.03185595567867036||0.03185595567867036
たまごっち!||2166||2166||52||52||0.024007386888273315||0.024007386888273315
ふたりはプリキュア||2166||2166||47||47||0.02169898430286242||0.02169898430286242
北斗の拳||2164||2164||19||19||0.00878003696857671||0.00878003696857671
東京国際空港||2164||2164||38||38||0.01756007393715342||0.01756007393715342
ディープインパクト (競走馬)||2162||2162||38||38||0.01757631822386679||0.01757631822386679
ポケットモンスターSPECIAL||2159||2159||31||31||0.014358499305233904||0.014358499305233904
国鉄113系電車||2158||2158||33||33||0.015291936978683966||0.015291936978683966
ハヤテのごとく! (アニメ)||2158||2158||42||42||0.019462465245597776||0.019462465245597776
太陽にほえろ!||2154||2154||6||6||0.002785515320334262||0.002785515320334262
発車メロディ||2151||2151||9||9||0.0041841004184100415||0.0041841004184100415
秘密のケンミンSHOW||2147||2147||86||86||0.040055891942244994||0.040055891942244994
ウルトラマンタロウ||2146||2146||39||39||0.018173345759552657||0.018173345759552657
ビートルズ||2143||2143||34||34||0.015865608959402706||0.015865608959402706
るろうに剣心 -明治剣客浪漫譚-の登場人物一覧||2142||2142||32||32||0.014939309056956116||0.014939309056956116
東海道本線||2141||2141||37||37||0.017281644091546006||0.017281644091546006
おたく||2139||2139||106||106||0.049555867227676485||0.049555867227676485
名探偵コナン||2136||2136||50||50||0.023408239700374533||0.023408239700374533
IS 〈インフィニット・ストラトス〉||2136||2136||60||60||0.028089887640449437||0.028089887640449437
ディズニー・ヴィランズ||2134||2134||31||31||0.014526710402999063||0.014526710402999063
ポケットモンスター||2131||2131||49||49||0.02299389957766307||0.02299389957766307
玄田哲章||2127||2127||35||35||0.016455101081335213||0.016455101081335213
Saku saku||2124||2124||20||20||0.009416195856873822||0.009416195856873822
クイズマジックアカデミー||2124||2124||11||11||0.005178907721280603||0.005178907721280603
アップダウンクイズ||2122||2122||9||9||0.004241281809613572||0.004241281809613572
東日本大震災||2122||2122||64||64||0.030160226201696512||0.030160226201696512
JR東日本E231系電車||2118||2118||76||76||0.03588290840415486||0.03588290840415486
イナズマイレブンGO||2118||2118||33||33||0.015580736543909348||0.015580736543909348
深夜アニメ||2115||2115||10||10||0.004728132387706856||0.004728132387706856
ラジかるッ||2114||2114||4||4||0.001892147587511826||0.001892147587511826
ザ・ベストテン||2110||2110||14||14||0.006635071090047393||0.006635071090047393
名古屋テレビ放送||2109||2109||6||6||0.002844950213371266||0.002844950213371266
秘密結社鷹の爪||2106||2106||8||8||0.003798670465337132||0.003798670465337132
クレヨンしんちゃんの登場人物一覧||2105||2105||48||48||0.02280285035629454||0.02280285035629454
埼玉西武ライオンズ||2102||2102||41||41||0.01950523311132255||0.01950523311132255
初音ミク||2102||2102||121||121||0.05756422454804948||0.05756422454804948
School Days||2100||2100||42||42||0.02||0.02
日本大学の人物一覧||2097||2097||16||16||0.007629947544110634||0.007629947544110634
関西テレビ放送||2096||2096||42||42||0.020038167938931296||0.020038167938931296
天元突破グレンラガン||2096||2096||13||13||0.006202290076335878||0.006202290076335878
韓国起源説||2096||2096||129||129||0.061545801526717556||0.061545801526717556
さいたま市||2095||2095||43||43||0.02052505966587112||0.02052505966587112
悪魔の実||2092||2092||266||266||0.12715105162523901||0.12715105162523901
ボウリング革命 P★League||2091||2091||19||19||0.009086561453849833||0.009086561453849833
Kis-My-Ft2||2090||2090||115||115||0.05502392344497608||0.05502392344497608
三木眞一郎||2088||2088||22||22||0.01053639846743295||0.01053639846743295
ロンドンハーツ||2088||2088||29||29||0.013888888888888888||0.013888888888888888
DDTプロレスリング||2088||2088||1||1||4.789272030651341E-4||4.789272030651341E-4
はねるのトびら||2087||2087||15||15||0.007187350263536177||0.007187350263536177
飛田展男||2087||2087||36||36||0.017249640632486823||0.017249640632486823
東武伊勢崎線||2086||2086||29||29||0.013902205177372963||0.013902205177372963
テレビ愛知||2086||2086||15||15||0.007190795781399808||0.007190795781399808
井上喜久子||2086||2086||27||27||0.012943432406519654||0.012943432406519654
兵庫県出身の人物一覧||2084||2084||11||11||0.00527831094049904||0.00527831094049904
鳩山由紀夫||2084||2084||160||160||0.07677543186180422||0.07677543186180422
妖怪ウォッチ||2084||2084||45||45||0.021593090211132437||0.021593090211132437
瀬戸内海放送||2083||2083||5||5||0.002400384061449832||0.002400384061449832
置鮎龍太郎||2083||2083||29||29||0.013922227556409025||0.013922227556409025
豊臣秀吉||2081||2081||88||88||0.0422873618452667||0.0422873618452667
ザ・キング・オブ・ファイターズ||2080||2080||5||5||0.002403846153846154||0.002403846153846154
FNSの日||2080||2080||78||78||0.0375||0.0375
中央線快速||2079||2079||47||47||0.022607022607022607||0.022607022607022607
ダイヤのA||2077||2077||12||12||0.005777563793933558||0.005777563793933558
朝鮮民主主義人民共和国||2077||2077||110||110||0.05296100144439095||0.05296100144439095
埼玉県出身の人物一覧||2075||2075||16||16||0.0077108433734939755||0.0077108433734939755
レアル・マドリード||2074||2074||23||23||0.011089681774349084||0.011089681774349084
中国放送||2074||2074||9||9||0.004339440694310511||0.004339440694310511
スーパー戦隊シリーズ登場敵対勢力一覧||2072||2072||75||75||0.036196911196911194||0.036196911196911194
昭和天皇||2069||2069||38||38||0.01836636056065732||0.01836636056065732
池袋駅||2069||2069||32||32||0.015466408893185114||0.015466408893185114
踊る大捜査線||2066||2066||18||18||0.008712487899322363||0.008712487899322363
読売ジャイアンツの選手一覧||2066||2066||62||62||0.030009680542110357||0.030009680542110357
ニコニコ動画||2062||2062||65||65||0.03152279340446169||0.03152279340446169
小林ゆう||2061||2061||51||51||0.024745269286754003||0.024745269286754003
北日本放送||2060||2060||18||18||0.008737864077669903||0.008737864077669903
神奈川県出身の人物一覧||2059||2059||14||14||0.006799417192812044||0.006799417192812044
小西克幸||2056||2056||70||70||0.03404669260700389||0.03404669260700389
ガールズ&パンツァー||2056||2056||59||59||0.028696498054474707||0.028696498054474707
盛岡市||2055||2055||13||13||0.006326034063260341||0.006326034063260341
2ちゃんねるの歴史||2052||2052||23||23||0.011208576998050682||0.011208576998050682
頭文字D||2051||2051||21||21||0.010238907849829351||0.010238907849829351
星野仙一||2051||2051||57||57||0.02779132130667967||0.02779132130667967
鉄拳の登場人物||2048||2048||45||45||0.02197265625||0.02197265625
杉原千畝||2047||2047||15||15||0.0073277967757694185||0.0073277967757694185
JR東日本E233系電車||2047||2047||122||122||0.05959941377625794||0.05959941377625794
王下七武海||2047||2047||277||277||0.1353199804592086||0.1353199804592086
ガンダムビルドファイターズ||2042||2042||25||25||0.012242899118511263||0.012242899118511263
大乱闘スマッシュブラザーズシリーズ||2041||2041||44||44||0.021558059774620286||0.021558059774620286
ビートたけし||2038||2038||54||54||0.02649656526005888||0.02649656526005888
リンカーン (テレビ番組)||2035||2035||14||14||0.0068796068796068794||0.0068796068796068794
DRAGON GATE||2034||2034||31||31||0.015240904621435595||0.015240904621435595
魔法戦隊マジレンジャー||2032||2032||17||17||0.008366141732283465||0.008366141732283465
F-15 (戦闘機)||2032||2032||32||32||0.015748031496062992||0.015748031496062992
日本プロ野球||2029||2029||33||33||0.016264169541646133||0.016264169541646133
ボボボーボ・ボーボボ||2028||2028||16||16||0.007889546351084813||0.007889546351084813
ONE PIECEの用語一覧||2028||2028||177||177||0.08727810650887574||0.08727810650887574
福岡市||2028||2028||34||34||0.016765285996055226||0.016765285996055226
あぶない刑事||2027||2027||6||6||0.0029600394671928957||0.0029600394671928957
News zero||2024||2024||36||36||0.017786561264822136||0.017786561264822136
中村俊輔||2024||2024||109||109||0.053853754940711464||0.053853754940711464
武装錬金||2022||2022||9||9||0.004451038575667656||0.004451038575667656
名古屋鉄道||2021||2021||23||23||0.011380504700643246||0.011380504700643246
フレッシュプリキュア!||2019||2019||72||72||0.03566121842496285||0.03566121842496285
東京喰種トーキョーグール||2017||2017||15||15||0.0074367873078829945||0.0074367873078829945
都市伝説||2015||2015||16||16||0.00794044665012407||0.00794044665012407
テイルズ オブ ヴェスペリア||2015||2015||56||56||0.027791563275434243||0.027791563275434243
PlayStation Portable||2014||2014||30||30||0.014895729890764648||0.014895729890764648
自殺||2013||2013||47||47||0.02334823646299056||0.02334823646299056
福井放送||2012||2012||8||8||0.003976143141153081||0.003976143141153081
NARUTO -ナルト-の術||2012||2012||25||25||0.01242544731610338||0.01242544731610338
SKET DANCE||2011||2011||54||54||0.026852312282446545||0.026852312282446545
ローソン||2009||2009||17||17||0.008461921353907416||0.008461921353907416
小室哲哉||2007||2007||16||16||0.007972097658196313||0.007972097658196313
賭博黙示録カイジ||2006||2006||18||18||0.00897308075772682||0.00897308075772682
三島由紀夫||2005||2005||34||34||0.016957605985037406||0.016957605985037406
L'Arc〜en〜Ciel||2004||2004||38||38||0.018962075848303395||0.018962075848303395
学園アリス||2004||2004||9||9||0.004491017964071856||0.004491017964071856
近鉄特急||2003||2003||35||35||0.017473789316025962||0.017473789316025962
日本お笑い史||2001||2001||8||8||0.00399800099950025||0.00399800099950025
熊本市||1999||1999||45||45||0.022511255627813906||0.022511255627813906
風林火山 (NHK大河ドラマ)||1997||1997||57||57||0.028542814221331998||0.028542814221331998
茨城県||1997||1997||53||53||0.026539809714571858||0.026539809714571858
護廷十三隊||1997||1997||23||23||0.011517275913870806||0.011517275913870806
鳥人戦隊ジェットマン||1996||1996||21||21||0.010521042084168337||0.010521042084168337
テレビせとうち||1995||1995||49||49||0.02456140350877193||0.02456140350877193
SMAP×SMAP||1994||1994||22||22||0.011033099297893681||0.011033099297893681
アメリカ横断ウルトラクイズの各大会の詳細||1993||1993||9||9||0.004515805318615153||0.004515805318615153
京阪本線||1991||1991||23||23||0.011551983927674536||0.011551983927674536
東海ラジオ放送||1991||1991||3||3||0.0015067805123053742||0.0015067805123053742
とんねるず||1990||1990||30||30||0.01507537688442211||0.01507537688442211
FCバルセロナ||1989||1989||9||9||0.004524886877828055||0.004524886877828055
日本のプロ野球選手一覧||1988||1988||9||9||0.004527162977867203||0.004527162977867203
笑っていいとも!レギュラー出演者一覧||1988||1988||21||21||0.01056338028169014||0.01056338028169014
ウエンツ瑛士||1982||1982||12||12||0.006054490413723511||0.006054490413723511
本田技研工業||1982||1982||24||24||0.012108980827447022||0.012108980827447022
任天堂||1980||1980||50||50||0.025252525252525252||0.025252525252525252
岐阜放送||1978||1978||8||8||0.004044489383215369||0.004044489383215369
爆笑オンエアバトル||1977||1977||11||11||0.00556398583712696||0.00556398583712696
大原大次郎||1977||1977||23||23||0.01163378856853819||0.01163378856853819
魔法先生ネギま!の登場人物||1977||1977||24||24||0.012139605462822459||0.012139605462822459
ウルトラセブン||1974||1974||47||47||0.023809523809523808||0.023809523809523808
蒼穹のファフナー||1973||1973||11||11||0.005575266092245312||0.005575266092245312
札幌テレビ放送||1971||1971||14||14||0.007102993404363267||0.007102993404363267
大江戸捜査網||1971||1971||6||6||0.0030441400304414||0.0030441400304414
ネット右翼||1971||1971||255||255||0.1293759512937595||0.1293759512937595
京阪電気鉄道||1969||1969||30||30||0.015236160487557136||0.015236160487557136
仮面ライダー龍騎||1968||1968||28||28||0.014227642276422764||0.014227642276422764
白鵬翔||1967||1967||37||37||0.018810371123538384||0.018810371123538384
くりぃむしちゅーのオールナイトニッポン||1965||1965||15||15||0.007633587786259542||0.007633587786259542
東條英機||1963||1963||55||55||0.028018339276617423||0.028018339276617423
モンスターハンター||1963||1963||49||49||0.024961793173713703||0.024961793173713703
中京テレビ放送||1962||1962||10||10||0.0050968399592252805||0.0050968399592252805
仮面ライダーSPIRITS||1962||1962||8||8||0.004077471967380225||0.004077471967380225
指原莉乃||1962||1962||188||188||0.09582059123343527||0.09582059123343527
喜多村英梨||1961||1961||56||56||0.02855685874553799||0.02855685874553799
KARA||1960||1960||49||49||0.025||0.025
リンカーンの企画・コーナー||1958||1958||8||8||0.0040858018386108275||0.0040858018386108275
仮面ライダーアギト||1956||1956||27||27||0.013803680981595092||0.013803680981595092
徳光和夫||1954||1954||24||24||0.012282497441146366||0.012282497441146366
トヨタ・カローラ||1952||1952||25||25||0.012807377049180328||0.012807377049180328
ゲームセンターCX 有野の挑戦||1952||1952||33||33||0.016905737704918034||0.016905737704918034
名探偵コナン (アニメ)||1952||1952||56||56||0.028688524590163935||0.028688524590163935
ドラゴンクエストV 天空の花嫁||1951||1951||24||24||0.01230138390568939||0.01230138390568939
〈物語〉シリーズ||1950||1950||56||56||0.028717948717948718||0.028717948717948718
ひだまりスケッチ||1949||1949||30||30||0.01539250897896357||0.01539250897896357
茅原実里||1948||1948||47||47||0.024127310061601643||0.024127310061601643
長澤まさみ||1945||1945||65||65||0.033419023136246784||0.033419023136246784
烈車戦隊トッキュウジャー||1945||1945||52||52||0.02673521850899743||0.02673521850899743
伊藤静||1944||1944||55||55||0.028292181069958847||0.028292181069958847
山口放送||1943||1943||4||4||0.002058672156459084||0.002058672156459084
川澄綾子||1943||1943||20||20||0.010293360782295419||0.010293360782295419
小笠原道大||1943||1943||79||79||0.040658775090066906||0.040658775090066906
MOTHER3||1942||1942||8||8||0.004119464469618949||0.004119464469618949
東北新幹線||1941||1941||34||34||0.01751674394641937||0.01751674394641937
JR西日本223系電車||1940||1940||42||42||0.021649484536082474||0.021649484536082474
慰安婦||1940||1940||89||89||0.04587628865979381||0.04587628865979381
シャーリー・テンプル||1939||1939||2||2||0.0010314595152140279||0.0010314595152140279
To LOVEる -とらぶる-||1939||1939||45||45||0.02320783909231563||0.02320783909231563
伊集院光||1938||1938||20||20||0.010319917440660475||0.010319917440660475
アイシールド21の登場人物||1937||1937||10||10||0.005162622612287042||0.005162622612287042
山口勝平||1935||1935||36||36||0.018604651162790697||0.018604651162790697
鳥海浩輔||1933||1933||25||25||0.012933264355923435||0.012933264355923435
死刑存廃問題||1924||1924||34||34||0.017671517671517672||0.017671517671517672
戊辰戦争||1921||1921||40||40||0.020822488287350338||0.020822488287350338
Oha!4 NEWS LIVE||1921||1921||14||14||0.007287870900572618||0.007287870900572618
着信御礼!ケータイ大喜利||1921||1921||13||13||0.00676730869338886||0.00676730869338886
ちい散歩||1920||1920||34||34||0.017708333333333333||0.017708333333333333
讀賣テレビ放送||1919||1919||15||15||0.007816571130797291||0.007816571130797291
日本の女優一覧||1919||1919||12||12||0.006253256904637832||0.006253256904637832
横浜市||1919||1919||32||32||0.016675351745700884||0.016675351745700884
大泉洋||1917||1917||34||34||0.01773604590505999||0.01773604590505999
夜のヒットスタジオ||1915||1915||2||2||0.0010443864229765013||0.0010443864229765013
九州王朝説||1914||1914||29||29||0.015151515151515152||0.015151515151515152
ORANGE RANGE||1912||1912||54||54||0.028242677824267783||0.028242677824267783
松本潤||1908||1908||59||59||0.030922431865828093||0.030922431865828093
山陽新幹線||1908||1908||30||30||0.015723270440251572||0.015723270440251572
神のみぞ知るセカイ||1908||1908||45||45||0.02358490566037736||0.02358490566037736
2012年の日本競馬||1907||1907||2||2||0.001048767697954903||0.001048767697954903
アダルトゲーム一覧||1906||1906||5||5||0.0026232948583420775||0.0026232948583420775
アニメ作品一覧||1905||1905||1||1||5.249343832020997E-4||5.249343832020997E-4
実況パワフルプロ野球||1905||1905||13||13||0.0068241469816272965||0.0068241469816272965
金妍兒||1905||1905||169||169||0.08871391076115485||0.08871391076115485
大阪府||1904||1904||47||47||0.02468487394957983||0.02468487394957983
BB戦士三国伝||1904||1904||28||28||0.014705882352941176||0.014705882352941176
ベトナム戦争||1903||1903||26||26||0.013662637940094587||0.013662637940094587
鋼の錬金術師||1903||1903||85||85||0.04466631634261692||0.04466631634261692
ASIAN KUNG-FU GENERATION||1902||1902||14||14||0.007360672975814932||0.007360672975814932
千葉県出身の人物一覧||1902||1902||16||16||0.008412197686645636||0.008412197686645636
絶対可憐チルドレン||1899||1899||24||24||0.01263823064770932||0.01263823064770932
ネコ||1899||1899||92||92||0.04844655081621906||0.04844655081621906
ラーメン||1899||1899||54||54||0.02843601895734597||0.02843601895734597
暴れん坊将軍||1898||1898||10||10||0.005268703898840885||0.005268703898840885
国鉄205系電車||1896||1896||84||84||0.04430379746835443||0.04430379746835443
小清水亜美||1896||1896||57||57||0.030063291139240507||0.030063291139240507
北九州市||1893||1893||35||35||0.018489170628631802||0.018489170628631802
それいけ!アンパンマン||1891||1891||88||88||0.046536224219989424||0.046536224219989424
2ちゃんねらー||1889||1889||42||42||0.02223398623610376||0.02223398623610376
金沢市||1887||1887||16||16||0.008479067302596715||0.008479067302596715
朝日新聞||1886||1886||115||115||0.06097560975609756||0.06097560975609756
宝塚歌劇団||1885||1885||15||15||0.007957559681697613||0.007957559681697613
ウルトラマンレオ||1884||1884||61||61||0.03237791932059448||0.03237791932059448
高橋広樹||1881||1881||8||8||0.004253056884635832||0.004253056884635832
日本の城一覧||1880||1880||10||10||0.005319148936170213||0.005319148936170213
3DCGソフトウェア||1878||1878||3||3||0.001597444089456869||0.001597444089456869
News every.||1877||1877||37||37||0.019712306872669155||0.019712306872669155
天皇||1875||1875||105||105||0.056||0.056
北海道コンサドーレ札幌||1874||1874||33||33||0.017609391675560297||0.017609391675560297
西武鉄道||1874||1874||30||30||0.016008537886873||0.016008537886873
藤原啓治||1873||1873||20||20||0.010678056593699947||0.010678056593699947
全国高校野球選手権大会中継||1873||1873||6||6||0.003203416978109984||0.003203416978109984
東京ドーム||1872||1872||33||33||0.017628205128205128||0.017628205128205128
広島電鉄||1871||1871||25||25||0.013361838588989846||0.013361838588989846
きかんしゃトーマス シーズン毎制作史||1871||1871||50||50||0.02672367717797969||0.02672367717797969
ユニバーサル・スタジオ・ジャパン||1871||1871||21||21||0.01122394441475147||0.01122394441475147
龍馬伝||1871||1871||74||74||0.03955104222340994||0.03955104222340994
大宮駅 (埼玉県)||1867||1867||39||39||0.02088912694161757||0.02088912694161757
坂本真綾||1867||1867||38||38||0.020353508302088912||0.020353508302088912
東京都立日比谷高等学校||1865||1865||23||23||0.012332439678284183||0.012332439678284183
UVERworld||1864||1864||46||46||0.02467811158798283||0.02467811158798283
アニメ関係者一覧||1863||1863||4||4||0.0021470746108427268||0.0021470746108427268
BSテレビ東京||1863||1863||8||8||0.0042941492216854536||0.0042941492216854536
法政大学||1863||1863||31||31||0.016639828234031134||0.016639828234031134
名古屋市||1862||1862||38||38||0.02040816326530612||0.02040816326530612
仮面ライダー剣||1862||1862||41||41||0.02201933404940924||0.02201933404940924
ラジオ・チャリティー・ミュージックソン||1861||1861||19||19||0.010209564750134336||0.010209564750134336
小池徹平||1856||1856||12||12||0.00646551724137931||0.00646551724137931
ウルトラマンダイナの登場怪獣||1855||1855||21||21||0.011320754716981131||0.011320754716981131
バクマン。||1853||1853||50||50||0.026983270372369132||0.026983270372369132
新世紀エヴァンゲリオンの登場人物||1851||1851||18||18||0.009724473257698542||0.009724473257698542
忍たま乱太郎||1849||1849||32||32||0.017306652244456464||0.017306652244456464
機動戦士ガンダムUC||1848||1848||52||52||0.02813852813852814||0.02813852813852814
福島テレビ||1847||1847||11||11||0.005955603681645912||0.005955603681645912
ドラゴンボール改||1847||1847||103||103||0.05576610720086627||0.05576610720086627
ハイスクールD×D||1847||1847||14||14||0.007579859231185706||0.007579859231185706
テイルズ オブ シリーズ||1844||1844||35||35||0.01898047722342733||0.01898047722342733
宮崎駿||1844||1844||48||48||0.026030368763557483||0.026030368763557483
テイルズ オブ シンフォニア||1842||1842||8||8||0.004343105320304018||0.004343105320304018
フジテレビ番組一覧||1841||1841||4||4||0.0021727322107550242||0.0021727322107550242
小諸藩牧野氏の家臣団||1838||1838||1||1||5.44069640914037E-4||5.44069640914037E-4
機動戦士ガンダムSEEDの登場人物||1836||1836||15||15||0.008169934640522876||0.008169934640522876
高橋みなみ||1836||1836||155||155||0.08442265795206971||0.08442265795206971
テレビ埼玉||1833||1833||9||9||0.004909983633387889||0.004909983633387889
天皇賞||1832||1832||19||19||0.01037117903930131||0.01037117903930131
柿原徹也||1831||1831||25||25||0.013653741125068269||0.013653741125068269
釧路市||1829||1829||29||29||0.015855658829961726||0.015855658829961726
A&G 超RADIO SHOW〜アニスパ!〜||1826||1826||12||12||0.0065717415115005475||0.0065717415115005475
ソウルイーター||1826||1826||20||20||0.01095290251916758||0.01095290251916758
四国放送||1825||1825||16||16||0.008767123287671232||0.008767123287671232
大塚愛||1825||1825||57||57||0.03123287671232877||0.03123287671232877
江頭2:50||1824||1824||39||39||0.02138157894736842||0.02138157894736842
ウルトラマンダイナ||1824||1824||20||20||0.010964912280701754||0.010964912280701754
MAJOR||1821||1821||19||19||0.01043382756727073||0.01043382756727073
大阪市||1821||1821||45||45||0.02471169686985173||0.02471169686985173
アメリカ同時多発テロ事件||1819||1819||27||27||0.014843320505772403||0.014843320505772403
ウルトラマンA||1819||1819||49||49||0.026937877954920284||0.026937877954920284
日本の男優一覧||1819||1819||11||11||0.006047278724573941||0.006047278724573941
豊橋市||1819||1819||23||23||0.012644310060472787||0.012644310060472787
ウルトラマンメビウスの登場怪獣||1819||1819||8||8||0.0043980208905992305||0.0043980208905992305
桑島法子||1818||1818||24||24||0.013201320132013201||0.013201320132013201
FOMA||1817||1817||1||1||5.50357732526142E-4||5.50357732526142E-4
NHKニュースおはよう日本||1816||1816||23||23||0.012665198237885462||0.012665198237885462
吉田拓郎||1812||1812||11||11||0.006070640176600441||0.006070640176600441
るろうに剣心 -明治剣客浪漫譚-||1812||1812||17||17||0.009381898454746136||0.009381898454746136
エフエム東京||1811||1811||6||6||0.0033130866924351186||0.0033130866924351186
オレたちひょうきん族||1811||1811||26||26||0.01435670900055218||0.01435670900055218
明治大学の人物一覧||1811||1811||44||44||0.024295969077857537||0.024295969077857537
特別攻撃隊||1810||1810||14||14||0.0077348066298342545||0.0077348066298342545
GANTZ||1810||1810||26||26||0.014364640883977901||0.014364640883977901
おそ松くん||1810||1810||53||53||0.029281767955801105||0.029281767955801105
ごちそうさん (2013年のテレビドラマ)||1809||1809||27||27||0.014925373134328358||0.014925373134328358
ニート||1808||1808||42||42||0.023230088495575223||0.023230088495575223
東京急行電鉄||1807||1807||41||41||0.022689540675152185||0.022689540675152185
脳内エステ IQサプリ||1806||1806||20||20||0.01107419712070875||0.01107419712070875
クイズ$ミリオネア||1805||1805||9||9||0.004986149584487534||0.004986149584487534
Go!プリンセスプリキュア||1805||1805||59||59||0.032686980609418284||0.032686980609418284
TVQ九州放送||1804||1804||6||6||0.0033259423503325942||0.0033259423503325942
きかんしゃトーマス・汽車のえほんの登場キャラクター||1804||1804||42||42||0.02328159645232816||0.02328159645232816
IPhone||1804||1804||45||45||0.024944567627494457||0.024944567627494457
ゲート 自衛隊 彼の地にて、斯く戦えり||1804||1804||50||50||0.02771618625277162||0.02771618625277162
小田急小田原線||1803||1803||25||25||0.013865779256794232||0.013865779256794232
ももいろクローバーZ||1803||1803||84||84||0.04658901830282862||0.04658901830282862
朴ロ美||1801||1801||36||36||0.019988895058300944||0.019988895058300944
広島ホームテレビ||1801||1801||3||3||0.001665741254858412||0.001665741254858412
ドイツ||1801||1801||49||49||0.027207107162687396||0.027207107162687396
爆竜戦隊アバレンジャー||1800||1800||18||18||0.01||0.01
京都市||1797||1797||31||31||0.01725097384529772||0.01725097384529772
PASMO||1797||1797||38||38||0.021146355036171398||0.021146355036171398
真・三國無双シリーズ||1797||1797||44||44||0.02448525319977741||0.02448525319977741
香港||1797||1797||27||27||0.015025041736227046||0.015025041736227046
サンフレッチェ広島F.C||1796||1796||23||23||0.012806236080178173||0.012806236080178173
大島優子||1796||1796||172||172||0.0957683741648107||0.0957683741648107
江原正士||1795||1795||17||17||0.00947075208913649||0.00947075208913649
インド||1793||1793||37||37||0.02063580591187953||0.02063580591187953
ニッポン放送番組一覧||1793||1793||11||11||0.006134969325153374||0.006134969325153374
訃報 2009年||1793||1793||13||13||0.007250418293363078||0.007250418293363078
WWE||1792||1792||6||6||0.0033482142857142855||0.0033482142857142855
東方Projectの登場人物||1792||1792||73||73||0.040736607142857144||0.040736607142857144
うたばん||1791||1791||35||35||0.01954215522054718||0.01954215522054718
幽☆遊☆白書の登場人物一覧||1791||1791||7||7||0.003908431044109436||0.003908431044109436
太平洋戦争||1789||1789||58||58||0.03242034656232532||0.03242034656232532
東京都||1788||1788||53||53||0.0296420581655481||0.0296420581655481
テレビ大阪||1787||1787||16||16||0.008953553441522105||0.008953553441522105
国鉄201系電車||1787||1787||66||66||0.03693340794627868||0.03693340794627868
スーパー戦隊Vシネマ||1787||1787||25||25||0.013989927252378288||0.013989927252378288
ペルソナ4||1787||1787||25||25||0.013989927252378288||0.013989927252378288
渡辺麻友||1785||1785||222||222||0.12436974789915967||0.12436974789915967
ドリフ大爆笑||1784||1784||6||6||0.0033632286995515697||0.0033632286995515697
To LOVEる -とらぶる-の登場人物||1784||1784||36||36||0.020179372197309416||0.020179372197309416
竹島 (島根県)||1784||1784||55||55||0.030829596412556053||0.030829596412556053
きらりん☆レボリューション||1783||1783||22||22||0.012338754907459339||0.012338754907459339
松本市||1780||1780||19||19||0.010674157303370787||0.010674157303370787
阪和線||1779||1779||29||29||0.016301292861157952||0.016301292861157952
郷里大輔||1779||1779||73||73||0.04103428892636313||0.04103428892636313
堂本光一||1777||1777||13||13||0.007315700619020821||0.007315700619020821
博士と助手〜細かすぎて伝わらないモノマネ選手権〜||1777||1777||7||7||0.0039392234102419805||0.0039392234102419805
1982年||1776||1776||11||11||0.006193693693693694||0.006193693693693694
キャプテン翼の登場人物||1774||1774||34||34||0.019165727170236752||0.019165727170236752
ジョジョの奇妙な冒険||1774||1774||24||24||0.013528748590755355||0.013528748590755355
鋼の錬金術師の主要な登場人物||1774||1774||57||57||0.032130777903043965||0.032130777903043965
中田英寿||1773||1773||33||33||0.018612521150592216||0.018612521150592216
ロウきゅーぶ!||1773||1773||45||45||0.025380710659898477||0.025380710659898477
プロレスラー一覧||1769||1769||3||3||0.0016958733747880158||0.0016958733747880158
金曜ロードSHOW!||1767||1767||14||14||0.00792303338992643||0.00792303338992643
アイカツ!||1767||1767||20||20||0.011318619128466326||0.011318619128466326
地上デジタルテレビ放送||1766||1766||16||16||0.009060022650056626||0.009060022650056626
天地人 (NHK大河ドラマ)||1765||1765||69||69||0.039093484419263455||0.039093484419263455
ポーランド||1764||1764||13||13||0.007369614512471655||0.007369614512471655
青森県出身の人物一覧||1763||1763||39||39||0.02212138400453772||0.02212138400453772
ルパン三世||1762||1762||19||19||0.010783200908059024||0.010783200908059024
キリスト教||1761||1761||59||59||0.033503691084611015||0.033503691084611015
秋元康||1761||1761||85||85||0.04826802952867689||0.04826802952867689
テレビ朝日番組一覧||1760||1760||10||10||0.005681818181818182||0.005681818181818182
東海旅客鉄道||1760||1760||34||34||0.019318181818181818||0.019318181818181818
過去に存在したダイエーの店舗||1758||1758||4||4||0.0022753128555176336||0.0022753128555176336
東芝||1757||1757||16||16||0.00910643141718839||0.00910643141718839
美少女戦士セーラームーンの登場人物||1757||1757||19||19||0.010813887307911212||0.010813887307911212
東日本旅客鉄道||1756||1756||41||41||0.02334851936218679||0.02334851936218679
JR東日本209系電車||1756||1756||115||115||0.06548974943052392||0.06548974943052392
2010年のテレビ (日本)||1756||1756||7||7||0.003986332574031891||0.003986332574031891
カードキャプターさくら||1755||1755||36||36||0.020512820512820513||0.020512820512820513
笑福亭鶴瓶||1754||1754||20||20||0.011402508551881414||0.011402508551881414
松浦亜弥||1753||1753||35||35||0.019965772960638905||0.019965772960638905
デュエル・マスターズ (漫画)||1753||1753||7||7||0.003993154592127781||0.003993154592127781
NHK放送センター||1752||1752||26||26||0.014840182648401826||0.014840182648401826
おはよう朝日です||1752||1752||12||12||0.00684931506849315||0.00684931506849315
杉山紀彰||1752||1752||12||12||0.00684931506849315||0.00684931506849315
松任谷由実||1751||1751||16||16||0.009137635636778984||0.009137635636778984
イギリス||1751||1751||85||85||0.04854368932038835||0.04854368932038835
魔人探偵脳噛ネウロの登場人物||1750||1750||7||7||0.004||0.004
同性愛||1750||1750||71||71||0.04057142857142857||0.04057142857142857
長寿番組の一覧||1749||1749||12||12||0.00686106346483705||0.00686106346483705
井上和彦 (声優)||1747||1747||15||15||0.008586147681740127||0.008586147681740127
北斗の拳の登場人物一覧||1747||1747||10||10||0.005724098454493417||0.005724098454493417
ミュージックステーションスーパーライブ||1746||1746||19||19||0.010882016036655211||0.010882016036655211
NEWS23||1744||1744||32||32||0.01834862385321101||0.01834862385321101
テレフォンショッキング||1744||1744||28||28||0.016055045871559634||0.016055045871559634
コードギアスシリーズの登場人物||1744||1744||9||9||0.005160550458715597||0.005160550458715597
少女時代 (音楽グループ)||1742||1742||66||66||0.03788748564867968||0.03788748564867968
新垣結衣||1742||1742||83||83||0.04764638346727899||0.04764638346727899
BLOODY MONDAY||1740||1740||29||29||0.016666666666666666||0.016666666666666666
相模原市||1739||1739||17||17||0.0097757331799885||0.0097757331799885
ゴッドタン||1739||1739||7||7||0.0040253018976423235||0.0040253018976423235
立命館大学||1738||1738||36||36||0.020713463751438434||0.020713463751438434
ビーイング||1737||1737||11||11||0.0063327576280944155||0.0063327576280944155
安田章大||1735||1735||9||9||0.005187319884726225||0.005187319884726225
おおきく振りかぶって||1733||1733||13||13||0.0075014425851125215||0.0075014425851125215
全国高等学校野球選手権大会||1733||1733||19||19||0.010963646855164455||0.010963646855164455
革命機ヴァルヴレイヴ||1733||1733||26||26||0.015002885170225043||0.015002885170225043
ウルトラマンガイア||1732||1732||14||14||0.008083140877598153||0.008083140877598153
クリスマスの約束||1732||1732||9||9||0.005196304849884526||0.005196304849884526
笑点Jr.||1732||1732||9||9||0.005196304849884526||0.005196304849884526
Pop'n musicの登場キャラクター||1731||1731||10||10||0.005777007510109763||0.005777007510109763
銀魂||1731||1731||64||64||0.03697284806470248||0.03697284806470248
下関市||1730||1730||26||26||0.015028901734104046||0.015028901734104046
逸見政孝||1730||1730||10||10||0.005780346820809248||0.005780346820809248
王様のブランチ||1729||1729||26||26||0.015037593984962405||0.015037593984962405
埼玉県||1729||1729||33||33||0.019086176980913822||0.019086176980913822
ひるおび!||1728||1728||27||27||0.015625||0.015625
梶裕貴||1727||1727||20||20||0.011580775911986103||0.011580775911986103
鹿児島テレビ放送||1726||1726||12||12||0.006952491309385863||0.006952491309385863
鹿児島県出身の人物一覧||1725||1725||17||17||0.009855072463768115||0.009855072463768115
真選組||1725||1725||5||5||0.002898550724637681||0.002898550724637681
ローゼンメイデンの登場人物一覧||1722||1722||28||28||0.016260162601626018||0.016260162601626018
ミュ〜コミ+プラス||1722||1722||7||7||0.0040650406504065045||0.0040650406504065045
テイルズ オブ シリーズの術技形態||1719||1719||2||2||0.0011634671320535194||0.0011634671320535194
ムヒョとロージーの魔法律相談事務所||1718||1718||6||6||0.0034924330616996507||0.0034924330616996507
ラグナロクオンライン||1718||1718||9||9||0.005238649592549476||0.005238649592549476
東京タワー||1718||1718||32||32||0.018626309662398137||0.018626309662398137
笑ってはいけないシリーズ||1718||1718||18||18||0.010477299185098952||0.010477299185098952
ジャッキー・チェン||1717||1717||26||26||0.015142690739662202||0.015142690739662202
ソードアート・オンライン||1716||1716||60||60||0.03496503496503497||0.03496503496503497
曲名一覧||1715||1715||2||2||0.0011661807580174927||0.0011661807580174927
仮面ライダー響鬼||1715||1715||18||18||0.010495626822157435||0.010495626822157435
宇都宮線||1713||1713||16||16||0.009340338587273789||0.009340338587273789
電車でGO!||1712||1712||30||30||0.017523364485981307||0.017523364485981307
コンビニATM||1712||1712||5||5||0.0029205607476635513||0.0029205607476635513
バイオハザードシリーズ||1712||1712||29||29||0.016939252336448597||0.016939252336448597
上杉謙信||1711||1711||67||67||0.03915838690824079||0.03915838690824079
日産・スカイライン||1710||1710||20||20||0.011695906432748537||0.011695906432748537
遊佐浩二||1709||1709||14||14||0.008191925102399064||0.008191925102399064
8時だョ!全員集合||1708||1708||19||19||0.011124121779859485||0.011124121779859485
聖闘士星矢Ω登場人物一覧||1706||1706||35||35||0.020515826494724502||0.020515826494724502
武豊||1705||1705||49||49||0.02873900293255132||0.02873900293255132
京成電鉄||1704||1704||25||25||0.014671361502347418||0.014671361502347418
MBSベースボールパーク||1703||1703||5||5||0.002935995302407516||0.002935995302407516
日本選手権シリーズ||1701||1701||17||17||0.009994121105232217||0.009994121105232217
岩手県出身の人物一覧||1701||1701||3||3||0.001763668430335097||0.001763668430335097
リトルバスターズ!||1701||1701||38||38||0.022339800117577895||0.022339800117577895
ベガルタ仙台||1699||1699||9||9||0.00529723366686286||0.00529723366686286
サイヤ人||1698||1698||45||45||0.026501766784452298||0.026501766784452298
高崎市||1696||1696||8||8||0.0047169811320754715||0.0047169811320754715
1989年||1695||1695||17||17||0.010029498525073746||0.010029498525073746
公明党||1695||1695||36||36||0.021238938053097345||0.021238938053097345
RKB毎日放送||1694||1694||12||12||0.0070838252656434475||0.0070838252656434475
木村拓哉||1692||1692||63||63||0.03723404255319149||0.03723404255319149
ヨシフ・スターリン||1692||1692||17||17||0.01004728132387707||0.01004728132387707
佐藤利奈||1690||1690||27||27||0.015976331360946745||0.015976331360946745
山手線||1690||1690||27||27||0.015976331360946745||0.015976331360946745
田中理恵 (声優)||1689||1689||48||48||0.028419182948490232||0.028419182948490232
新婚さんいらっしゃい!||1688||1688||8||8||0.004739336492890996||0.004739336492890996
青森朝日放送||1686||1686||1||1||5.931198102016608E-4||5.931198102016608E-4
専修大学の人物一覧||1686||1686||9||9||0.005338078291814947||0.005338078291814947
インテルナツィオナーレ・ミラノ||1685||1685||17||17||0.010089020771513354||0.010089020771513354
中井正広のブラックバラエティ||1684||1684||7||7||0.004156769596199525||0.004156769596199525
YouTube||1684||1684||92||92||0.05463182897862233||0.05463182897862233
学園黙示録 HIGHSCHOOL OF THE DEAD||1684||1684||33||33||0.019596199524940617||0.019596199524940617
零式艦上戦闘機||1683||1683||83||83||0.04931669637551991||0.04931669637551991
魔法少女リリカルなのはシリーズの登場人物||1683||1683||25||25||0.014854426619132501||0.014854426619132501
ジャパン・ニュース・ネットワーク||1682||1682||64||64||0.03804994054696789||0.03804994054696789
北千住駅||1682||1682||25||25||0.014863258026159334||0.014863258026159334
中華民国||1682||1682||112||112||0.06658739595719382||0.06658739595719382
群馬県||1682||1682||17||17||0.010107015457788348||0.010107015457788348
ゴルゴ13||1681||1681||8||8||0.004759071980963712||0.004759071980963712
デビルメイクライシリーズ||1681||1681||20||20||0.01189767995240928||0.01189767995240928
岡村隆史||1680||1680||27||27||0.01607142857142857||0.01607142857142857
花ざかりの君たちへ||1679||1679||15||15||0.008933889219773675||0.008933889219773675
1988年||1678||1678||20||20||0.011918951132300357||0.011918951132300357
ぐるぐるナインティナイン||1678||1678||14||14||0.00834326579261025||0.00834326579261025
吉本興業||1678||1678||25||25||0.014898688915375448||0.014898688915375448
青野武||1676||1676||28||28||0.016706443914081145||0.016706443914081145
東京メトロ副都心線||1676||1676||60||60||0.03579952267303103||0.03579952267303103
立木文彦||1676||1676||11||11||0.0065632458233890216||0.0065632458233890216
2009年新型インフルエンザの世界的流行||1676||1676||36||36||0.021479713603818614||0.021479713603818614
小田急電鉄||1675||1675||26||26||0.015522388059701492||0.015522388059701492
新幹線N700系電車||1674||1674||72||72||0.043010752688172046||0.043010752688172046
豊崎愛生||1674||1674||105||105||0.06272401433691756||0.06272401433691756
檜山修之||1673||1673||42||42||0.02510460251046025||0.02510460251046025
江戸川コナン||1672||1672||46||46||0.02751196172248804||0.02751196172248804
ARIA (漫画)||1672||1672||22||22||0.013157894736842105||0.013157894736842105
井上真央||1672||1672||52||52||0.03110047846889952||0.03110047846889952
消費税||1671||1671||34||34||0.020347097546379412||0.020347097546379412
くりぃむナントカ||1670||1670||8||8||0.004790419161676647||0.004790419161676647
東武東上本線||1670||1670||28||28||0.016766467065868262||0.016766467065868262
松本人志||1669||1669||79||79||0.04733373277411624||0.04733373277411624
ニンテンドーDS||1669||1669||21||21||0.012582384661473937||0.012582384661473937
トランスフォーマー/リベンジ||1667||1667||15||15||0.008998200359928014||0.008998200359928014
大倉忠義||1666||1666||24||24||0.014405762304921969||0.014405762304921969
チュートリアル (お笑いコンビ)||1666||1666||9||9||0.005402160864345739||0.005402160864345739
日本のアナウンサー一覧||1666||1666||8||8||0.004801920768307323||0.004801920768307323
Dr.スランプの登場人物||1666||1666||44||44||0.026410564225690276||0.026410564225690276
レミオロメン||1665||1665||22||22||0.013213213213213212||0.013213213213213212
福岡県||1664||1664||17||17||0.010216346153846154||0.010216346153846154
ザ・キング・オブ・ファイターズの登場人物||1664||1664||8||8||0.004807692307692308||0.004807692307692308
1985年||1664||1664||18||18||0.010817307692307692||0.010817307692307692
激走戦隊カーレンジャー||1663||1663||17||17||0.010222489476849068||0.010222489476849068
フランス||1663||1663||81||81||0.0487071557426338||0.0487071557426338
萌え||1662||1662||33||33||0.019855595667870037||0.019855595667870037
ウェザーニュースLiVE||1661||1661||24||24||0.014449127031908489||0.014449127031908489
吉野裕行||1659||1659||21||21||0.012658227848101266||0.012658227848101266
有吉弘行||1659||1659||102||102||0.06148282097649186||0.06148282097649186
エア・ギア||1658||1658||4||4||0.0024125452352231603||0.0024125452352231603
日本の女性専用車両||1656||1656||60||60||0.036231884057971016||0.036231884057971016
コブクロ||1654||1654||16||16||0.009673518742442563||0.009673518742442563
統合失調症||1654||1654||62||62||0.037484885126964934||0.037484885126964934
陸上自衛隊の装備品一覧||1652||1652||13||13||0.007869249394673124||0.007869249394673124
中華人民共和国||1651||1651||23||23||0.013930950938824955||0.013930950938824955
秋田テレビ||1651||1651||9||9||0.005451241671714113||0.005451241671714113
ナインティナイン||1651||1651||20||20||0.012113870381586917||0.012113870381586917
ニンテンドーDSのゲームタイトル一覧||1650||1650||11||11||0.006666666666666667||0.006666666666666667
志村けん||1650||1650||32||32||0.019393939393939394||0.019393939393939394
テレビ山口||1649||1649||5||5||0.0030321406913280777||0.0030321406913280777
社会民主党 (日本 1996-)||1648||1648||78||78||0.04733009708737864||0.04733009708737864
東北学院大学||1648||1648||2||2||0.0012135922330097086||0.0012135922330097086
板野友美||1648||1648||163||163||0.09890776699029126||0.09890776699029126
日本三大一覧||1647||1647||54||54||0.03278688524590164||0.03278688524590164
NISSAN あ、安部礼司〜BEYOND THE AVERAGE||1647||1647||3||3||0.0018214936247723133||0.0018214936247723133
西城秀樹||1646||1646||32||32||0.019441069258809233||0.019441069258809233
大相撲力士一覧||1645||1645||10||10||0.0060790273556231||0.0060790273556231
中日ドラゴンズの選手一覧||1645||1645||39||39||0.02370820668693009||0.02370820668693009
クロノス (テレビ番組)||1645||1645||14||14||0.00851063829787234||0.00851063829787234
必殺シリーズ||1644||1644||17||17||0.010340632603406326||0.010340632603406326
ウルトラQの登場怪獣||1644||1644||18||18||0.010948905109489052||0.010948905109489052
メインページ||1644||1644||5||5||0.0030413625304136255||0.0030413625304136255
日笠陽子||1644||1644||82||82||0.049878345498783457||0.049878345498783457
ナイトライダー||1643||1643||12||12||0.007303712720632989||0.007303712720632989
マリオシリーズ||1641||1641||33||33||0.02010968921389397||0.02010968921389397
三浦知良||1640||1640||22||22||0.013414634146341463||0.013414634146341463
文化放送ライオンズナイター||1639||1639||12||12||0.007321537522879805||0.007321537522879805
山田涼介||1639||1639||58||58||0.035387431360585725||0.035387431360585725
1990年||1638||1638||24||24||0.014652014652014652||0.014652014652014652
ふたりはプリキュア Splash Star||1638||1638||39||39||0.023809523809523808||0.023809523809523808
信越放送||1637||1637||31||31||0.018937080024434942||0.018937080024434942
みつどもえ||1637||1637||21||21||0.012828344532681736||0.012828344532681736
みなみけ||1636||1636||24||24||0.014669926650366748||0.014669926650366748
広島市||1636||1636||18||18||0.011002444987775062||0.011002444987775062

