
Page||Recent Revisions||Total Revisions||Recent Reverts||Total Reverts||Recent Contention||Total Contention
メインページ||1567||1567||4||4||0.0025526483726866626||0.0025526483726866626
FNS27時間テレビ||1178||1178||1||1||8.488964346349745E-4||8.488964346349745E-4
2ちゃんねる||800||800||0||0||0.0||0.0
めちゃ×2イケてるッ!||727||727||0||0||0.0||0.0
日本のアナウンサー一覧||704||704||0||0||0.0||0.0
フジテレビジョン||684||684||0||0||0.0||0.0
FNNスーパータイム||678||678||0||0||0.0||0.0
2004年||601||601||0||0||0.0||0.0
アニメ作品一覧||588||588||0||0||0.0||0.0
テレビ朝日||572||572||0||0||0.0||0.0
ナインティナインのオールナイトニッポン||563||563||0||0||0.0||0.0
森田一義アワー 笑っていいとも!/log20130117||562||562||1||1||0.0017793594306049821||0.0017793594306049821
ガンダムシリーズの登場機動兵器一覧||553||553||0||0||0.0||0.0
ドラえもん||547||547||1||1||0.0018281535648994515||0.0018281535648994515
一覧の一覧||545||545||0||0||0.0||0.0
日本テレビ放送網||537||537||0||0||0.0||0.0
日本の漫画作品一覧||510||510||0||0||0.0||0.0
テレビ東京||507||507||0||0||0.0||0.0
日本/log20090827||507||507||3||3||0.005917159763313609||0.005917159763313609
日本の漫画家一覧||504||504||0||0||0.0||0.0
日本の鉄道駅一覧 あ||501||501||1||1||0.001996007984031936||0.001996007984031936
キリスト教用語一覧||481||481||0||0||0.0||0.0
毎日放送||481||481||0||0||0.0||0.0
東京放送ホールディングス||480||480||0||0||0.0||0.0
日本放送協会||477||477||1||1||0.0020964360587002098||0.0020964360587002098
大学一覧||472||472||0||0||0.0||0.0
新潟県中越地震||472||472||1||1||0.00211864406779661||0.00211864406779661
ミュージシャン一覧 (グループ)||471||471||0||0||0.0||0.0
オールナイトニッポン||470||470||0||0||0.0||0.0
同姓同名||462||462||0||0||0.0||0.0
日本の鉄道駅一覧 な||427||427||0||0||0.0||0.0
大韓民国||410||410||2||2||0.004878048780487805||0.004878048780487805
日本の鉄道駅一覧 や-わ行||403||403||0||0||0.0||0.0
暗殺||398||398||0||0||0.0||0.0
日本の鉄道駅一覧||389||389||0||0||0.0||0.0
慶應義塾大学/history20130405||379||379||0||0||0.0||0.0
中部日本放送||376||376||0||0||0.0||0.0
サッカー選手一覧||369||369||0||0||0.0||0.0
日本の鉄道駅一覧 す-そ||362||362||0||0||0.0||0.0
ニッポン放送||360||360||0||0||0.0||0.0
日本の鉄道駅一覧 か||360||360||0||0||0.0||0.0
ミュージシャン一覧 (個人)||356||356||0||0||0.0||0.0
立命館大学||350||350||0||0||0.0||0.0
ポケットモンスター||349||349||0||0||0.0||0.0
プロ野球再編問題 (2004年)||339||339||7||7||0.02064896755162242||0.02064896755162242
朝日放送グループホールディングス||338||338||0||0||0.0||0.0
コンピュータゲームのタイトル一覧||336||336||1||1||0.002976190476190476||0.002976190476190476
東京大学||336||336||0||0||0.0||0.0
日本プロ野球||335||335||0||0||0.0||0.0
JNNニュースの森||334||334||3||3||0.008982035928143712||0.008982035928143712
JNNニュースコープ||331||331||1||1||0.0030211480362537764||0.0030211480362537764
トヨタ自動車||321||321||0||0||0.0||0.0
日本の歴史||319||319||0||0||0.0||0.0
北海道||318||318||1||1||0.0031446540880503146||0.0031446540880503146
ナインティナイン||318||318||0||0||0.0||0.0
小田急小田原線||316||316||2||2||0.006329113924050633||0.006329113924050633
ガンダムシリーズの登場人物一覧||305||305||0||0||0.0||0.0
新聞||301||301||0||0||0.0||0.0
日本テレビ制作局制作番組の分野別一覧||300||300||0||0||0.0||0.0
新幹線||299||299||0||0||0.0||0.0
2004年アテネオリンピック||293||293||3||3||0.010238907849829351||0.010238907849829351
2003年||290||290||0||0||0.0||0.0
野比のび太||283||283||0||0||0.0||0.0
仙台市||283||283||0||0||0.0||0.0
3年B組金八先生)/history20180113||280||280||0||0||0.0||0.0
日本の法学者一覧||276||276||1||1||0.0036231884057971015||0.0036231884057971015
モーニング娘。||275||275||1||1||0.0036363636363636364||0.0036363636363636364
中井正広のブラックバラエティ||274||274||0||0||0.0||0.0
日本の温泉地一覧||273||273||0||0||0.0||0.0
岡村隆史||272||272||0||0||0.0||0.0
麻雀用語一覧||270||270||0||0||0.0||0.0
学校記事一覧||269||269||1||1||0.0037174721189591076||0.0037174721189591076
物理学||268||268||0||0||0.0||0.0
八王子市||264||264||0||0||0.0||0.0
第二次世界大戦/log20120619||264||264||0||0||0.0||0.0
国鉄113系電車||259||259||0||0||0.0||0.0
こちら葛飾区亀有公園前派出所||257||257||0||0||0.0||0.0
東京都||255||255||1||1||0.00392156862745098||0.00392156862745098
日本のテレビ番組一覧||253||253||0||0||0.0||0.0
犬の品種一覧||253||253||0||0||0.0||0.0
おはよう日本||253||253||0||0||0.0||0.0
小説家一覧||252||252||0||0||0.0||0.0
クレヨンしんちゃん||251||251||0||0||0.0||0.0
青森放送/history20180113||250||250||0||0||0.0||0.0
ビートルズ||249||249||0||0||0.0||0.0
日本三大一覧||246||246||0||0||0.0||0.0
FNNスピーク||246||246||1||1||0.0040650406504065045||0.0040650406504065045
発車メロディ||246||246||0||0||0.0||0.0
新潟市||245||245||0||0||0.0||0.0
日本の鉄道駅一覧 ち-て||245||245||0||0||0.0||0.0
日本の郷土料理||244||244||0||0||0.0||0.0
編曲家||243||243||0||0||0.0||0.0
内村プロデュース||243||243||0||0||0.0||0.0
横浜市||243||243||0||0||0.0||0.0
長嶋茂雄||240||240||0||0||0.0||0.0
軍隊の階級||238||238||0||0||0.0||0.0
朝日新聞||238||238||0||0||0.0||0.0
クラシック音楽の作曲家一覧||236||236||0||0||0.0||0.0
朝鮮の歴史||236||236||1||1||0.00423728813559322||0.00423728813559322
京都放送||236||236||0||0||0.0||0.0
北海道放送||236||236||0||0||0.0||0.0
国の一覧||234||234||0||0||0.0||0.0
日本国憲法||234||234||0||0||0.0||0.0
明石家さんま||234||234||1||1||0.004273504273504274||0.004273504273504274
本田技研工業||234||234||0||0||0.0||0.0
キリスト教||233||233||0||0||0.0||0.0
NHKニュース7||233||233||0||0||0.0||0.0
人名一覧||232||232||0||0||0.0||0.0
朝鮮民主主義人民共和国||231||231||1||1||0.004329004329004329||0.004329004329004329
ビートたけし||230||230||0||0||0.0||0.0
京都大学||229||229||0||0||0.0||0.0
アダルトゲーム||228||228||1||1||0.0043859649122807015||0.0043859649122807015
ハロー!プロジェクト||227||227||1||1||0.004405286343612335||0.004405286343612335
生物学に関する記事の一覧||227||227||0||0||0.0||0.0
化学に関する記事の一覧||226||226||0||0||0.0||0.0
カトリシズム||225||225||0||0||0.0||0.0
テレビジョン放送局||225||225||0||0||0.0||0.0
日本の地方公共団体一覧||225||225||0||0||0.0||0.0
週刊少年ジャンプ||224||224||0||0||0.0||0.0
アメリカ合衆国||223||223||1||1||0.004484304932735426||0.004484304932735426
南京事件||223||223||1||1||0.004484304932735426||0.004484304932735426
中華人民共和国||222||222||1||1||0.0045045045045045045||0.0045045045045045045
ズームイン!!SUPER/log20091228||221||221||0||0||0.0||0.0
青森県||221||221||1||1||0.004524886877828055||0.004524886877828055
めざましテレビ/history20190417||220||220||0||0||0.0||0.0
中華民国||220||220||2||2||0.00909090909090909||0.00909090909090909
英語||219||219||0||0||0.0||0.0
ケーブルテレビ局の一覧||215||215||0||0||0.0||0.0
日本のプロ野球選手一覧||214||214||0||0||0.0||0.0
ドイツ||214||214||0||0||0.0||0.0
関西テレビ放送||213||213||0||0||0.0||0.0
ウッチャンナンチャンのウリナリ!!||213||213||0||0||0.0||0.0
銀魂/log20081129||213||213||0||0||0.0||0.0
サッカー||212||212||0||0||0.0||0.0
スーパーベースボール (テレビ朝日系列)||210||210||0||0||0.0||0.0
鉄道事故||210||210||0||0||0.0||0.0
自動車||209||209||0||0||0.0||0.0
お笑いタレント||209||209||0||0||0.0||0.0
福山市||209||209||0||0||0.0||0.0
思想家一覧||208||208||0||0||0.0||0.0
日本の市町村の廃置分合||208||208||0||0||0.0||0.0
日本の鉄道駅一覧 ふ-ほ||207||207||0||0||0.0||0.0
港区 (名古屋市)||207||207||0||0||0.0||0.0
台湾||207||207||0||0||0.0||0.0
新宿駅||204||204||1||1||0.004901960784313725||0.004901960784313725
JR東日本E217系電車||203||203||0||0||0.0||0.0
日本の鉄道駅一覧 う-え||203||203||0||0||0.0||0.0
千葉県||203||203||1||1||0.0049261083743842365||0.0049261083743842365
両備ホールディングス||202||202||0||0||0.0||0.0
サザンオールスターズ||202||202||0||0||0.0||0.0
明治大学||202||202||0||0||0.0||0.0
静岡市||202||202||0||0||0.0||0.0
常磐線||200||200||0||0||0.0||0.0
魔法先生ネギま!||200||200||0||0||0.0||0.0
小倉優子||199||199||0||0||0.0||0.0
日本プロサッカーリーグ||198||198||0||0||0.0||0.0
ポーランド||198||198||0||0||0.0||0.0
日本の男優一覧||198||198||0||0||0.0||0.0
横浜駅||197||197||0||0||0.0||0.0
クラシック音楽の曲名一覧||197||197||0||0||0.0||0.0
内村光良||195||195||0||0||0.0||0.0
宗像市||194||194||0||0||0.0||0.0
自動車の車種名一覧||194||194||0||0||0.0||0.0
土佐市||193||193||0||0||0.0||0.0
東ローマ帝国||192||192||0||0||0.0||0.0
任天堂||191||191||0||0||0.0||0.0
IBC岩手放送||191||191||1||1||0.005235602094240838||0.005235602094240838
藤子不二雄||190||190||0||0||0.0||0.0
OS-9||189||189||0||0||0.0||0.0
ウルトラシリーズ||189||189||0||0||0.0||0.0
イラク戦争||189||189||0||0||0.0||0.0
ゆず (音楽グループ)||189||189||1||1||0.005291005291005291||0.005291005291005291
架空の惑星一覧||188||188||0||0||0.0||0.0
北海道出身の人物一覧||188||188||0||0||0.0||0.0
マカーム||187||187||0||0||0.0||0.0
読売ジャイアンツ||187||187||0||0||0.0||0.0
日本の鉄道駅一覧 く-け||186||186||0||0||0.0||0.0
新世紀エヴァンゲリオン||186||186||0||0||0.0||0.0
消滅した政権一覧||185||185||0||0||0.0||0.0
ザ・ドリフターズ||185||185||0||0||0.0||0.0
学習院大学||185||185||0||0||0.0||0.0
声優||184||184||0||0||0.0||0.0
イタリア||184||184||0||0||0.0||0.0
笑福亭鶴瓶||183||183||1||1||0.00546448087431694||0.00546448087431694
ベルセルク (漫画)||183||183||0||0||0.0||0.0
関西学院大学||183||183||0||0||0.0||0.0
桑田佳祐||183||183||1||1||0.00546448087431694||0.00546448087431694
インド||182||182||0||0||0.0||0.0
大和 (戦艦)||182||182||0||0||0.0||0.0
アニメ||181||181||0||0||0.0||0.0
スーパーニュース||180||180||0||0||0.0||0.0
秋田県出身の人物一覧||180||180||0||0||0.0||0.0
愛媛県||179||179||0||0||0.0||0.0
全国高校野球選手権大会中継||179||179||0||0||0.0||0.0
日産自動車||179||179||0||0||0.0||0.0
2000年||178||178||0||0||0.0||0.0
日本の列車愛称一覧||178||178||0||0||0.0||0.0
東日本旅客鉄道||177||177||1||1||0.005649717514124294||0.005649717514124294
世界平和統一家庭連合||177||177||1||1||0.005649717514124294||0.005649717514124294
イギリス||177||177||0||0||0.0||0.0
史的イエス||176||176||0||0||0.0||0.0
安倍なつみ||176||176||2||2||0.011363636363636364||0.011363636363636364
日本の漫画家||175||175||0||0||0.0||0.0
ニュースステーション||174||174||0||0||0.0||0.0
新選組||174||174||1||1||0.005747126436781609||0.005747126436781609
機動戦士ガンダムSEED||174||174||1||1||0.005747126436781609||0.005747126436781609
中部国際空港||174||174||0||0||0.0||0.0
福岡ソフトバンクホークス||173||173||0||0||0.0||0.0
2001年||172||172||0||0||0.0||0.0
ゴジラ||172||172||1||1||0.005813953488372093||0.005813953488372093
スーパータイム||172||172||0||0||0.0||0.0
サンテレビジョン||172||172||0||0||0.0||0.0
恋人はスナイパー||172||172||0||0||0.0||0.0
チェーンストア||172||172||0||0||0.0||0.0
コーヒー||172||172||0||0||0.0||0.0
東京急行電鉄||171||171||1||1||0.005847953216374269||0.005847953216374269
フォーミュラ1||170||170||3||3||0.01764705882352941||0.01764705882352941
ニュースJAPAN||170||170||0||0||0.0||0.0
小泉純一郎||170||170||4||4||0.023529411764705882||0.023529411764705882
日露戦争||169||169||2||2||0.011834319526627219||0.011834319526627219
廃線||169||169||0||0||0.0||0.0
志摩市||169||169||0||0||0.0||0.0
太平洋戦争||169||169||0||0||0.0||0.0
和製英語||168||168||0||0||0.0||0.0
ジャパン・ラジオ・ネットワーク||168||168||0||0||0.0||0.0
福岡市||168||168||0||0||0.0||0.0
大阪近鉄バファローズ||167||167||0||0||0.0||0.0
仏教用語一覧||167||167||0||0||0.0||0.0
トリビアの泉 〜素晴らしきムダ知識〜||167||167||0||0||0.0||0.0
UHFアニメ||167||167||0||0||0.0||0.0
戦艦||167||167||1||1||0.005988023952095809||0.005988023952095809
日本のインターチェンジ一覧 あ行||165||165||0||0||0.0||0.0
言語||164||164||0||0||0.0||0.0
東海道新幹線||163||163||5||5||0.03067484662576687||0.03067484662576687
テロリズム||163||163||0||0||0.0||0.0
神の一覧||162||162||0||0||0.0||0.0
足利尊氏||162||162||0||0||0.0||0.0
日本のテレビドラマ一覧||162||162||0||0||0.0||0.0
三重県||162||162||0||0||0.0||0.0
世界遺産||161||161||1||1||0.006211180124223602||0.006211180124223602
地図の一覧||161||161||0||0||0.0||0.0
サイエンス・フィクション||161||161||0||0||0.0||0.0
札幌市||161||161||0||0||0.0||0.0
国際連合||160||160||0||0||0.0||0.0
釧路市||160||160||0||0||0.0||0.0
福島テレビ||159||159||0||0||0.0||0.0
ダウンタウン (お笑いコンビ)||159||159||0||0||0.0||0.0
近畿日本鉄道||159||159||2||2||0.012578616352201259||0.012578616352201259
日本の鉄道ラインカラー一覧||158||158||2||2||0.012658227848101266||0.012658227848101266
爆笑問題||158||158||0||0||0.0||0.0
君が代||157||157||1||1||0.006369426751592357||0.006369426751592357
日本社会党||157||157||0||0||0.0||0.0
JR西日本223系電車||157||157||0||0||0.0||0.0
テニスの王子様||157||157||0||0||0.0||0.0
漫画||157||157||0||0||0.0||0.0
Suica||156||156||0||0||0.0||0.0
日本の鉄道路線一覧||156||156||1||1||0.00641025641025641||0.00641025641025641
公明党||156||156||0||0||0.0||0.0
連続テレビ小説||156||156||0||0||0.0||0.0
午後は○○おもいッきりテレビ||156||156||0||0||0.0||0.0
イヌ||156||156||0||0||0.0||0.0
東京駅||156||156||0||0||0.0||0.0
アメリカ同時多発テロ事件||155||155||0||0||0.0||0.0
日本史詳説||155||155||0||0||0.0||0.0
NHK総合テレビ番組一覧||155||155||0||0||0.0||0.0
インターネット||155||155||0||0||0.0||0.0
松山市||154||154||0||0||0.0||0.0
ニッポン放送番組一覧||154||154||0||0||0.0||0.0
トルコ||153||153||0||0||0.0||0.0
山陽新幹線||153||153||2||2||0.013071895424836602||0.013071895424836602
ナイトライダー||152||152||0||0||0.0||0.0
大相撲力士一覧||152||152||0||0||0.0||0.0
ウルトラマン||152||152||0||0||0.0||0.0
大河ドラマ||152||152||0||0||0.0||0.0
日本フットボールリーグ||152||152||0||0||0.0||0.0
タモリ||152||152||0||0||0.0||0.0
福井県||151||151||0||0||0.0||0.0
自転車||151||151||0||0||0.0||0.0
パネルクイズ アタック25||151||151||0||0||0.0||0.0
群馬県||151||151||1||1||0.006622516556291391||0.006622516556291391
地震||150||150||1||1||0.006666666666666667||0.006666666666666667
松浦亜弥||150||150||0||0||0.0||0.0
水曜どうでしょう||150||150||0||0||0.0||0.0
笑点/log20110201||150||150||0||0||0.0||0.0
ウイークエンドバラエティ 日高晤郎ショー||150||150||0||0||0.0||0.0
東海道本線||150||150||3||3||0.02||0.02
日本海海戦||149||149||0||0||0.0||0.0
女性アイドル||148||148||0||0||0.0||0.0
携帯電話||148||148||0||0||0.0||0.0
日蓮正宗||148||148||0||0||0.0||0.0
1890年代||147||147||0||0||0.0||0.0
オリックス・ブルーウェーブ||147||147||0||0||0.0||0.0
東京ドーム||147||147||0||0||0.0||0.0
プロ野球ニュース||147||147||0||0||0.0||0.0
きょうの出来事||147||147||0||0||0.0||0.0
新しい歴史教科書をつくる会||147||147||1||1||0.006802721088435374||0.006802721088435374
L'Arc〜en〜Ciel||147||147||0||0||0.0||0.0
東急東横線||146||146||1||1||0.00684931506849315||0.00684931506849315
埼玉西武ライオンズ||146||146||0||0||0.0||0.0
皇帝||146||146||0||0||0.0||0.0
はなまるマーケット||146||146||0||0||0.0||0.0
埼玉県||146||146||0||0||0.0||0.0
中央本線||146||146||1||1||0.00684931506849315||0.00684931506849315
金正日||146||146||2||2||0.0136986301369863||0.0136986301369863
ラジオ||145||145||0||0||0.0||0.0
イスラエル||145||145||0||0||0.0||0.0
小田急江ノ島線||145||145||1||1||0.006896551724137931||0.006896551724137931
格闘技||145||145||0||0||0.0||0.0
宝塚歌劇団||145||145||0||0||0.0||0.0
新選組!||145||145||0||0||0.0||0.0
RKB毎日放送||145||145||0||0||0.0||0.0
FNNスーパーニュース||145||145||0||0||0.0||0.0
南京事件論争||145||145||1||1||0.006896551724137931||0.006896551724137931
富山県||145||145||0||0||0.0||0.0
暗号||144||144||0||0||0.0||0.0
織田信長||144||144||0||0||0.0||0.0
現代音楽||144||144||0||0||0.0||0.0
国際刑事裁判所||144||144||0||0||0.0||0.0
タイ王国||144||144||1||1||0.006944444444444444||0.006944444444444444
映画作品一覧||144||144||0||0||0.0||0.0
AV女優||143||143||0||0||0.0||0.0
ガンダムシリーズの登場艦船及びその他の兵器一覧||143||143||0||0||0.0||0.0
東北放送||143||143||0||0||0.0||0.0
NNNニュースプラス1||143||143||0||0||0.0||0.0
同志社大学||143||143||0||0||0.0||0.0
読売新聞||143||143||0||0||0.0||0.0
オウム真理教||143||143||1||1||0.006993006993006993||0.006993006993006993
阪急電鉄||142||142||1||1||0.007042253521126761||0.007042253521126761
岡山駅||142||142||0||0||0.0||0.0
開成中学校・高等学校||142||142||0||0||0.0||0.0
麻雀||141||141||0||0||0.0||0.0
ラジオ局||141||141||0||0||0.0||0.0
天皇||141||141||1||1||0.0070921985815602835||0.0070921985815602835
スポーツ||140||140||0||0||0.0||0.0
広島県||140||140||0||0||0.0||0.0
ラジオ番組||140||140||0||0||0.0||0.0
中国帝王一覧||140||140||0||0||0.0||0.0
全国ラジオネットワーク||140||140||0||0||0.0||0.0
暗号理論||140||140||0||0||0.0||0.0
航空に関する年表||140||140||0||0||0.0||0.0
スウェーデン||140||140||0||0||0.0||0.0
アニメソング||140||140||1||1||0.007142857142857143||0.007142857142857143
秋田県||139||139||4||4||0.02877697841726619||0.02877697841726619
府中市 (東京都)||139||139||2||2||0.014388489208633094||0.014388489208633094
新潟駅||139||139||0||0||0.0||0.0
キン肉マン||139||139||0||0||0.0||0.0
禅||139||139||0||0||0.0||0.0
樺太||139||139||1||1||0.007194244604316547||0.007194244604316547
映画||138||138||0||0||0.0||0.0
静岡県||138||138||1||1||0.007246376811594203||0.007246376811594203
コンピュータ||138||138||2||2||0.014492753623188406||0.014492753623188406
阪神電気鉄道||138||138||0||0||0.0||0.0
山陽本線||138||138||1||1||0.007246376811594203||0.007246376811594203
国歌||138||138||1||1||0.007246376811594203||0.007246376811594203
教皇不可謬説||138||138||0||0||0.0||0.0
ウォッチ!||138||138||0||0||0.0||0.0
日本お笑い史||138||138||0||0||0.0||0.0
ワンナイR&R||136||136||0||0||0.0||0.0
新宗教||136||136||0||0||0.0||0.0
月||136||136||0||0||0.0||0.0
野球||135||135||0||0||0.0||0.0
2002年||135||135||0||0||0.0||0.0
千葉ロッテマリーンズ||135||135||0||0||0.0||0.0
アニメの歴史||135||135||0||0||0.0||0.0
新婚さんいらっしゃい!||135||135||0||0||0.0||0.0
仮面ライダー剣||135||135||0||0||0.0||0.0
東北大学||135||135||0||0||0.0||0.0
人名||134||134||1||1||0.007462686567164179||0.007462686567164179
台風||134||134||0||0||0.0||0.0
BUMP OF CHICKEN||134||134||0||0||0.0||0.0
1999年||133||133||0||0||0.0||0.0
新居浜市||133||133||0||0||0.0||0.0
四国放送||133||133||0||0||0.0||0.0
ズームイン!!朝!||133||133||0||0||0.0||0.0
足立区||133||133||0||0||0.0||0.0
新潟県出身の人物一覧||133||133||0||0||0.0||0.0
ラジオ・チャリティー・ミュージックソン||133||133||0||0||0.0||0.0
神奈川県||133||133||0||0||0.0||0.0
讀賣テレビ放送||132||132||0||0||0.0||0.0
慰安婦||132||132||2||2||0.015151515151515152||0.015151515151515152
スマトラ島沖地震 (2004年)||132||132||0||0||0.0||0.0
テレビ||131||131||0||0||0.0||0.0
武蔵野美術大学||131||131||0||0||0.0||0.0
サイエントロジー||131||131||0||0||0.0||0.0
神曲||131||131||0||0||0.0||0.0
西部警察||131||131||0||0||0.0||0.0
長渕剛||131||131||0||0||0.0||0.0
東急田園都市線||131||131||1||1||0.007633587786259542||0.007633587786259542
ロマンシング サ・ガ||130||130||0||0||0.0||0.0
関口宏の東京フレンドパークII||130||130||0||0||0.0||0.0
交通||129||129||0||0||0.0||0.0
アダルトゲーム一覧||129||129||0||0||0.0||0.0
ルートヴィヒ・ヴァン・ベートーヴェン||129||129||0||0||0.0||0.0
北海道日本ハムファイターズ||129||129||0||0||0.0||0.0
名古屋鉄道||129||129||2||2||0.015503875968992248||0.015503875968992248
日本の政党一覧||129||129||0||0||0.0||0.0
クイーン (バンド)||129||129||0||0||0.0||0.0
日本の城一覧||129||129||0||0||0.0||0.0
大日本帝国海軍艦艇一覧||129||129||1||1||0.007751937984496124||0.007751937984496124
オナニー||129||129||2||2||0.015503875968992248||0.015503875968992248
ラーメン||129||129||0||0||0.0||0.0
沖縄県||128||128||0||0||0.0||0.0
SF作家一覧||128||128||0||0||0.0||0.0
クイズ番組||128||128||0||0||0.0||0.0
化合物一覧||128||128||0||0||0.0||0.0
数学||127||127||0||0||0.0||0.0
長野県||127||127||0||0||0.0||0.0
東京メトロ東西線||127||127||0||0||0.0||0.0
川崎市||127||127||0||0||0.0||0.0
中国の歴史||127||127||0||0||0.0||0.0
名古屋駅||127||127||0||0||0.0||0.0
日本共産党||127||127||1||1||0.007874015748031496||0.007874015748031496
鹿児島市||127||127||0||0||0.0||0.0
自衛隊||127||127||0||0||0.0||0.0
青山学院大学||127||127||0||0||0.0||0.0
サザエさん||127||127||0||0||0.0||0.0
都営バス||126||126||0||0||0.0||0.0
日野市||126||126||0||0||0.0||0.0
ポルノグラフィティ||126||126||0||0||0.0||0.0
鹿児島本線||125||125||1||1||0.008||0.008
伊予鉄道||125||125||0||0||0.0||0.0
はねるのトびら||125||125||0||0||0.0||0.0
NARUTO -ナルト-||125||125||1||1||0.008||0.008
和田アキ子||125||125||0||0||0.0||0.0
茨城県||125||125||2||2||0.016||0.016
アマチュア無線||125||125||0||0||0.0||0.0
毎日新聞||125||125||0||0||0.0||0.0
手塚治虫||124||124||0||0||0.0||0.0
正教会||124||124||0||0||0.0||0.0
FACOM||124||124||0||0||0.0||0.0
ラジオ深夜便||124||124||0||0||0.0||0.0
竹島 (島根県)||124||124||3||3||0.024193548387096774||0.024193548387096774
鉄道||123||123||1||1||0.008130081300813009||0.008130081300813009
東武鉄道||123||123||1||1||0.008130081300813009||0.008130081300813009
国鉄・JRの車両形式の一覧||123||123||0||0||0.0||0.0
東京ヤクルトスワローズ||123||123||0||0||0.0||0.0
福井放送||123||123||0||0||0.0||0.0
アホ毛||123||123||0||0||0.0||0.0
大阪府出身の人物一覧||123||123||0||0||0.0||0.0
蒼穹のファフナー||123||123||0||0||0.0||0.0
文化放送||123||123||0||0||0.0||0.0
フランス||123||123||0||0||0.0||0.0
中森明菜||123||123||0||0||0.0||0.0
佐賀県||122||122||0||0||0.0||0.0
東京地下鉄||122||122||0||0||0.0||0.0
西武池袋線||122||122||3||3||0.02459016393442623||0.02459016393442623
航空母艦||122||122||0||0||0.0||0.0
国鉄103系電車||122||122||1||1||0.00819672131147541||0.00819672131147541
テレビ大阪||122||122||0||0||0.0||0.0
日本の女優一覧||122||122||0||0||0.0||0.0
BSマンガ夜話||122||122||0||0||0.0||0.0
NHK紅白歌合戦||122||122||0||0||0.0||0.0
1997年||122||122||0||0||0.0||0.0
関西国際空港||122||122||0||0||0.0||0.0
ギリシア語||122||122||0||0||0.0||0.0
京王線||122||122||1||1||0.00819672131147541||0.00819672131147541
ICカード||121||121||0||0||0.0||0.0
疑似科学||121||121||0||0||0.0||0.0
戦闘機||121||121||0||0||0.0||0.0
上智大学||121||121||0||0||0.0||0.0
事件||121||121||0||0||0.0||0.0
つがる (列車)||121||121||1||1||0.008264462809917356||0.008264462809917356
東海テレビ放送||121||121||0||0||0.0||0.0
兵庫県出身の人物一覧||121||121||0||0||0.0||0.0
音楽||120||120||0||0||0.0||0.0
石原慎太郎||120||120||1||1||0.008333333333333333||0.008333333333333333
マクドナルド||120||120||0||0||0.0||0.0
1880年代||120||120||0||0||0.0||0.0
富士山||120||120||0||0||0.0||0.0
在日韓国・朝鮮人||120||120||0||0||0.0||0.0
中鉄バス||120||120||0||0||0.0||0.0
尖閣諸島||120||120||2||2||0.016666666666666666||0.016666666666666666
FNN NEWSCOM||120||120||0||0||0.0||0.0
NHKニュース||120||120||0||0||0.0||0.0
近鉄特急||120||120||0||0||0.0||0.0
安来市||120||120||0||0||0.0||0.0
全日本空輸||120||120||0||0||0.0||0.0
大阪大学||120||120||1||1||0.008333333333333333||0.008333333333333333
特撮||119||119||0||0||0.0||0.0
UNIX||119||119||0||0||0.0||0.0
中居正広||119||119||1||1||0.008403361344537815||0.008403361344537815
西武鉄道||119||119||1||1||0.008403361344537815||0.008403361344537815
名古屋市||119||119||0||0||0.0||0.0
競輪||119||119||0||0||0.0||0.0
HUNTER×HUNTER||119||119||0||0||0.0||0.0
コンピュータゲームの歴史||119||119||0||0||0.0||0.0
アメリカンフットボール||119||119||0||0||0.0||0.0
情報プレゼンター とくダネ!||119||119||0||0||0.0||0.0
クイズ世界はSHOW by ショーバイ!!||119||119||0||0||0.0||0.0
阪神タイガース||119||119||0||0||0.0||0.0
昭和天皇||119||119||0||0||0.0||0.0
湘南新宿ライン||119||119||1||1||0.008403361344537815||0.008403361344537815
コナミホールディングス||118||118||0||0||0.0||0.0
SMAP×SMAP||118||118||0||0||0.0||0.0
国際関係論||118||118||0||0||0.0||0.0
急行列車||118||118||0||0||0.0||0.0
金沢市||118||118||0||0||0.0||0.0
仙台駅||118||118||0||0||0.0||0.0
沼津市||118||118||0||0||0.0||0.0
子安武人||118||118||0||0||0.0||0.0
NEWS23||118||118||1||1||0.00847457627118644||0.00847457627118644
川崎重工業||118||118||0||0||0.0||0.0
南原清隆||118||118||0||0||0.0||0.0
スペイン||118||118||0||0||0.0||0.0
パーソナルコンピュータ||117||117||0||0||0.0||0.0
プロテスタント||117||117||0||0||0.0||0.0
小田原駅||117||117||0||0||0.0||0.0
上越新幹線||117||117||0||0||0.0||0.0
鹿児島県||117||117||0||0||0.0||0.0
いじめ||117||117||0||0||0.0||0.0
コンスタンティノープル||116||116||0||0||0.0||0.0
西日本鉄道||116||116||1||1||0.008620689655172414||0.008620689655172414
横浜DeNAベイスターズ||116||116||0||0||0.0||0.0
山口放送||116||116||0||0||0.0||0.0
スーパーモーニング||116||116||0||0||0.0||0.0
夜のヒットスタジオ||116||116||0||0||0.0||0.0
世界遺産の一覧 (アジア)||116||116||0||0||0.0||0.0
中日ドラゴンズ||116||116||0||0||0.0||0.0
大阪市||116||116||0||0||0.0||0.0
東武東上本線||116||116||0||0||0.0||0.0
ウルトラセブン||116||116||0||0||0.0||0.0
所ジョージ||116||116||0||0||0.0||0.0
24時間テレビ 「愛は地球を救う」/history20160321||116||116||0||0||0.0||0.0
筑波大学||115||115||0||0||0.0||0.0
橋本駅 (神奈川県)||115||115||1||1||0.008695652173913044||0.008695652173913044
DMOZ||115||115||1||1||0.008695652173913044||0.008695652173913044
伊藤野枝||115||115||0||0||0.0||0.0
広島電鉄||115||115||0||0||0.0||0.0
聖書の登場人物の一覧||115||115||0||0||0.0||0.0
宜野湾市||115||115||0||0||0.0||0.0
佐渡市||115||115||0||0||0.0||0.0
王貞治||115||115||0||0||0.0||0.0
お台場明石城||115||115||0||0||0.0||0.0
連結器||115||115||0||0||0.0||0.0
九州朝日放送||115||115||0||0||0.0||0.0
イラク||114||114||1||1||0.008771929824561403||0.008771929824561403
アルゼンチン||114||114||0||0||0.0||0.0
ルパン三世 カリオストロの城||114||114||0||0||0.0||0.0
コンビニエンスストア||114||114||0||0||0.0||0.0
フジテレビ月曜9時枠の連続ドラマ||114||114||0||0||0.0||0.0
ミュージックステーション/log20120615||114||114||0||0||0.0||0.0
Google||114||114||0||0||0.0||0.0
星野仙一||114||114||1||1||0.008771929824561403||0.008771929824561403
東京||114||114||0||0||0.0||0.0
渋谷駅||114||114||2||2||0.017543859649122806||0.017543859649122806
アダルトビデオ||114||114||0||0||0.0||0.0
上戸彩||114||114||3||3||0.02631578947368421||0.02631578947368421
栃木県||113||113||1||1||0.008849557522123894||0.008849557522123894
兵庫県||113||113||0||0||0.0||0.0
北斗の拳||113||113||0||0||0.0||0.0
スタジオ・ミュージシャン||113||113||0||0||0.0||0.0
TBSラジオ番組一覧||113||113||0||0||0.0||0.0
タイ君主一覧||113||113||0||0||0.0||0.0
中央大学||113||113||0||0||0.0||0.0
宮崎駿||113||113||0||0||0.0||0.0
朝鮮戦争||113||113||1||1||0.008849557522123894||0.008849557522123894
ソニー||112||112||0||0||0.0||0.0
日本レコード大賞||112||112||0||0||0.0||0.0
キムチ||112||112||0||0||0.0||0.0
鳥取駅||112||112||0||0||0.0||0.0
久留米大学||112||112||0||0||0.0||0.0
アサヒビール||112||112||0||0||0.0||0.0
キングコング (お笑いコンビ)||112||112||0||0||0.0||0.0
ポケットビスケッツ||112||112||0||0||0.0||0.0
京阪電気鉄道||112||112||0||0||0.0||0.0
宗教||112||112||0||0||0.0||0.0
SAMURAI BASEBALL||112||112||0||0||0.0||0.0
福岡県出身の人物一覧||112||112||0||0||0.0||0.0
4コマ漫画||111||111||1||1||0.009009009009009009||0.009009009009009009
ラテン語||111||111||0||0||0.0||0.0
ホームレス||111||111||0||0||0.0||0.0
大石寺||111||111||0||0||0.0||0.0
新潟バイパス||111||111||0||0||0.0||0.0
子音||111||111||0||0||0.0||0.0
日本酒の銘柄一覧||111||111||0||0||0.0||0.0
世田谷区||111||111||0||0||0.0||0.0
生物学||110||110||0||0||0.0||0.0
将棋||110||110||0||0||0.0||0.0
オールニッポン・ニュースネットワーク||110||110||0||0||0.0||0.0
南海電気鉄道||110||110||0||0||0.0||0.0
山陰本線||110||110||1||1||0.00909090909090909||0.00909090909090909
幸福の科学||110||110||0||0||0.0||0.0
8時だョ!全員集合||110||110||0||0||0.0||0.0
ギャラクシーエンジェル||110||110||0||0||0.0||0.0
秋田放送||110||110||0||0||0.0||0.0
スーパークイズスペシャル||110||110||0||0||0.0||0.0
元祖!でぶや||110||110||0||0||0.0||0.0
日本のバイパス道路一覧||110||110||0||0||0.0||0.0
阪神甲子園球場||110||110||0||0||0.0||0.0
山手線||110||110||6||6||0.05454545454545454||0.05454545454545454
オーストリア||109||109||0||0||0.0||0.0
坂本龍一||109||109||0||0||0.0||0.0
映画監督一覧||109||109||1||1||0.009174311926605505||0.009174311926605505
東北本線||109||109||2||2||0.01834862385321101||0.01834862385321101
踊る大捜査線||109||109||0||0||0.0||0.0
法用語一覧||109||109||1||1||0.009174311926605505||0.009174311926605505
神社一覧||109||109||0||0||0.0||0.0
スペーシア||109||109||0||0||0.0||0.0
ひみつ道具||109||109||0||0||0.0||0.0
爆笑問題のバク天!||109||109||0||0||0.0||0.0
MBSテレビ番組一覧||109||109||0||0||0.0||0.0
福岡県||109||109||0||0||0.0||0.0
中国||109||109||0||0||0.0||0.0
北陸本線||109||109||0||0||0.0||0.0
北九州市||109||109||0||0||0.0||0.0
ロシア||108||108||0||0||0.0||0.0
新潟県||108||108||0||0||0.0||0.0
Mozilla Application Suite||108||108||0||0||0.0||0.0
周期表||108||108||2||2||0.018518518518518517||0.018518518518518517
小田急電鉄||108||108||0||0||0.0||0.0
京都市||108||108||0||0||0.0||0.0
湘南電車||108||108||0||0||0.0||0.0
広島東洋カープ||108||108||0||0||0.0||0.0
やじうまプラス||108||108||0||0||0.0||0.0
帰ってきたウルトラマン||108||108||0||0||0.0||0.0
フランス革命||108||108||0||0||0.0||0.0
ボクシング||108||108||0||0||0.0||0.0
JR東日本E231系電車||108||108||1||1||0.009259259259259259||0.009259259259259259
1998年||108||108||1||1||0.009259259259259259||0.009259259259259259
松田聖子||107||107||0||0||0.0||0.0
高崎線||107||107||1||1||0.009345794392523364||0.009345794392523364
キューバ||107||107||0||0||0.0||0.0
源義経||107||107||0||0||0.0||0.0
列車種別||107||107||0||0||0.0||0.0
岡山電気軌道||107||107||0||0||0.0||0.0
北朝鮮による日本人拉致問題||107||107||1||1||0.009345794392523364||0.009345794392523364
苫小牧市||107||107||0||0||0.0||0.0
日本とコリアの論争||107||107||1||1||0.009345794392523364||0.009345794392523364
華原朋美||107||107||0||0||0.0||0.0
東京都立大学||107||107||0||0||0.0||0.0
星野真里||107||107||0||0||0.0||0.0
日本の資格に関する一覧の一覧||107||107||0||0||0.0||0.0
都市伝説||107||107||0||0||0.0||0.0
渡邉恒雄||107||107||0||0||0.0||0.0
山形県||107||107||1||1||0.009345794392523364||0.009345794392523364
マツダ||107||107||0||0||0.0||0.0
日本大学||107||107||0||0||0.0||0.0
坂下千里子||107||107||0||0||0.0||0.0
山梨県||106||106||0||0||0.0||0.0
哺乳類||106||106||0||0||0.0||0.0
東武伊勢崎線||106||106||2||2||0.018867924528301886||0.018867924528301886
新快速||106||106||2||2||0.018867924528301886||0.018867924528301886
下津井電鉄||106||106||0||0||0.0||0.0
三菱自動車工業||106||106||0||0||0.0||0.0
池袋駅||106||106||1||1||0.009433962264150943||0.009433962264150943
チベット||106||106||0||0||0.0||0.0
横浜線||106||106||0||0||0.0||0.0
1984年||105||105||0||0||0.0||0.0
総武本線||105||105||2||2||0.01904761904761905||0.01904761904761905
浦和レッドダイヤモンズ||105||105||0||0||0.0||0.0
李氏朝鮮||105||105||0||0||0.0||0.0
病気の別名の一覧||105||105||0||0||0.0||0.0
ガンダムシリーズ一覧||105||105||0||0||0.0||0.0
満州国||105||105||1||1||0.009523809523809525||0.009523809523809525
社会民主党 (日本 1996-)||105||105||4||4||0.0380952380952381||0.0380952380952381
銀河英雄伝説||105||105||0||0||0.0||0.0
コミュニティ放送||105||105||0||0||0.0||0.0
性行為||105||105||0||0||0.0||0.0
高等学校||105||105||0||0||0.0||0.0
医学||104||104||0||0||0.0||0.0
仏教||104||104||0||0||0.0||0.0
ナポレオン・ボナパルト||104||104||0||0||0.0||0.0
民主党 (日本 1947-1950)||104||104||0||0||0.0||0.0
テレビドラマの一覧||104||104||0||0||0.0||0.0
差別||104||104||0||0||0.0||0.0
JR西日本207系電車||104||104||0||0||0.0||0.0
ブルーノ・ワルター||104||104||0||0||0.0||0.0
韓国関係記事の一覧||104||104||0||0||0.0||0.0
日本一の一覧||104||104||0||0||0.0||0.0
チェチェン共和国||104||104||0||0||0.0||0.0
オールスター感謝祭/history20190417||104||104||0||0||0.0||0.0
関西テレビ番組一覧||104||104||0||0||0.0||0.0
東北新幹線||104||104||2||2||0.019230769230769232||0.019230769230769232
大阪府||104||104||0||0||0.0||0.0
京都府||104||104||0||0||0.0||0.0
RAG FAIR||104||104||1||1||0.009615384615384616||0.009615384615384616
関東学院大学||104||104||0||0||0.0||0.0
地球温暖化||104||104||0||0||0.0||0.0
自動車競技||103||103||0||0||0.0||0.0
法学||103||103||0||0||0.0||0.0
1860年代||103||103||0||0||0.0||0.0
ONE PIECE/log||103||103||0||0||0.0||0.0
本願寺道路||103||103||0||0||0.0||0.0
超高層建築物||103||103||0||0||0.0||0.0
ラジオ関西||103||103||0||0||0.0||0.0
特殊部隊||103||103||0||0||0.0||0.0
つばめ (列車)||103||103||0||0||0.0||0.0
日本の鉄道駅一覧 し-しも||103||103||0||0||0.0||0.0
ウルトラマンネクサス||103||103||0||0||0.0||0.0
室町時代||103||103||0||0||0.0||0.0
横須賀線||103||103||1||1||0.009708737864077669||0.009708737864077669
コンピュータゲーム||102||102||0||0||0.0||0.0
京浜急行電鉄||102||102||0||0||0.0||0.0
京王電鉄||102||102||0||0||0.0||0.0
シャーロック・ホームズ||102||102||0||0||0.0||0.0
ロナルド・レーガン||102||102||1||1||0.00980392156862745||0.00980392156862745
ワイン||102||102||0||0||0.0||0.0
四街道市||102||102||0||0||0.0||0.0
唐||102||102||0||0||0.0||0.0
タクシー||102||102||0||0||0.0||0.0
島田紳助||102||102||3||3||0.029411764705882353||0.029411764705882353
冬のソナタ||102||102||0||0||0.0||0.0
ダウンタウンのガキの使いやあらへんで!||102||102||0||0||0.0||0.0
ホロコースト||102||102||0||0||0.0||0.0
ゲーム会社一覧||101||101||0||0||0.0||0.0
山口県||101||101||0||0||0.0||0.0
北海道大学||101||101||0||0||0.0||0.0
頭文字D||101||101||0||0||0.0||0.0
小田原市||101||101||0||0||0.0||0.0
とっとこハム太郎||101||101||0||0||0.0||0.0
野村忠宏||101||101||0||0||0.0||0.0
スクウェア・エニックス||101||101||0||0||0.0||0.0
軌道エレベータ||101||101||0||0||0.0||0.0
日本語||100||100||0||0||0.0||0.0
中つ国 (トールキン)||100||100||0||0||0.0||0.0
関東地方の鉄道路線||100||100||2||2||0.02||0.02
ルネサンス||100||100||0||0||0.0||0.0
山陽自動車道||100||100||0||0||0.0||0.0
うどん||100||100||0||0||0.0||0.0
JR西日本221系電車||100||100||0||0||0.0||0.0
立川市||100||100||0||0||0.0||0.0
ホンダ・シビック||100||100||0||0||0.0||0.0
さまぁ〜ず||100||100||2||2||0.02||0.02
政治学者の一覧||100||100||0||0||0.0||0.0
駅弁大学||100||100||0||0||0.0||0.0
HEY!HEY!HEY!MUSIC CHAMP||100||100||0||0||0.0||0.0
江波地域 (広島市中区)||100||100||0||0||0.0||0.0
HOT'n HOT お気に入りに追加!||100||100||0||0||0.0||0.0
電子掲示板||100||100||1||1||0.01||0.01
アドルフ・ヒトラー||100||100||0||0||0.0||0.0
飯田圭織||100||100||0||0||0.0||0.0
プログラミング言語||99||99||0||0||0.0||0.0
1870年代||99||99||0||0||0.0||0.0
数学者の一覧||99||99||0||0||0.0||0.0
日本の鉄道事業者一覧||99||99||0||0||0.0||0.0
宗教一覧||99||99||0||0||0.0||0.0
新約聖書||99||99||0||0||0.0||0.0
チェコ||99||99||0||0||0.0||0.0
人権||99||99||0||0||0.0||0.0
都営地下鉄浅草線||99||99||1||1||0.010101010101010102||0.010101010101010102
競艇||99||99||0||0||0.0||0.0
小平市||99||99||1||1||0.010101010101010102||0.010101010101010102
ウッチャンナンチャン||99||99||0||0||0.0||0.0
ミュージックステーションスーパーライブ||99||99||0||0||0.0||0.0
水素||99||99||0||0||0.0||0.0
埼京線||99||99||0||0||0.0||0.0
Mr.Children||99||99||0||0||0.0||0.0
音楽のジャンル一覧||98||98||0||0||0.0||0.0
曲名一覧||98||98||0||0||0.0||0.0
原子爆弾||98||98||0||0||0.0||0.0
東名高速道路||98||98||0||0||0.0||0.0
J・R・R・トールキン||98||98||1||1||0.01020408163265306||0.01020408163265306
ギリシア文字||98||98||1||1||0.01020408163265306||0.01020408163265306
関西本線||98||98||0||0||0.0||0.0
東京メトロポリタンテレビジョン||98||98||0||0||0.0||0.0
名古屋テレビ放送||98||98||0||0||0.0||0.0
日本の鉄道駅一覧 い||98||98||0||0||0.0||0.0
奇術||98||98||0||0||0.0||0.0
スーパーJチャンネル||98||98||0||0||0.0||0.0
ヨーロッパ||97||97||1||1||0.010309278350515464||0.010309278350515464
大分県||97||97||0||0||0.0||0.0
相撲||97||97||0||0||0.0||0.0
ギリシャ||97||97||0||0||0.0||0.0
郡山駅 (福島県)||97||97||0||0||0.0||0.0
福知山線||97||97||3||3||0.030927835051546393||0.030927835051546393
エアポート成田||97||97||0||0||0.0||0.0
カードキャプターさくら||97||97||0||0||0.0||0.0
日本の神の一覧||97||97||0||0||0.0||0.0
狛江市||97||97||0||0||0.0||0.0
アジア||97||97||1||1||0.010309278350515464||0.010309278350515464
強姦||97||97||0||0||0.0||0.0
ラグナロクオンライン||97||97||0||0||0.0||0.0
柄谷行人||97||97||0||0||0.0||0.0
ウィキペディア日本語版||97||97||0||0||0.0||0.0
創価学会||97||97||1||1||0.010309278350515464||0.010309278350515464
第一原理バンド計算||96||96||0||0||0.0||0.0
金日成||96||96||0||0||0.0||0.0
日曜劇場||96||96||0||0||0.0||0.0
塩沢兼人||96||96||0||0||0.0||0.0
戦闘機一覧||96||96||0||0||0.0||0.0
岐阜放送||96||96||0||0||0.0||0.0
北朝鮮核問題||96||96||0||0||0.0||0.0
FNN DATE LINE||96||96||1||1||0.010416666666666666||0.010416666666666666
国鉄キハ40系気動車 (2代)||96||96||1||1||0.010416666666666666||0.010416666666666666
ソウル特別市||96||96||0||0||0.0||0.0
武蔵野線||96||96||1||1||0.010416666666666666||0.010416666666666666
冨士大石寺顕正会||96||96||0||0||0.0||0.0
石川県||95||95||0||0||0.0||0.0
岡山県||95||95||0||0||0.0||0.0
ノーベル物理学賞||95||95||0||0||0.0||0.0
京都駅||95||95||0||0||0.0||0.0
アメリカ州の先住民族||95||95||0||0||0.0||0.0
富野由悠季||95||95||0||0||0.0||0.0
ガイウス・ユリウス・カエサル||95||95||0||0||0.0||0.0
百済||95||95||0||0||0.0||0.0
公会議||95||95||0||0||0.0||0.0
いすゞ自動車||95||95||0||0||0.0||0.0
筑後市||95||95||0||0||0.0||0.0
東京都出身の人物一覧||95||95||0||0||0.0||0.0
品川駅||95||95||1||1||0.010526315789473684||0.010526315789473684
トヨタ・カローラ||95||95||0||0||0.0||0.0
中島みゆき||95||95||0||0||0.0||0.0
宮城県||95||95||1||1||0.010526315789473684||0.010526315789473684
1995年||95||95||0||0||0.0||0.0
インドネシア||94||94||0||0||0.0||0.0
旭川市||94||94||0||0||0.0||0.0
人間||94||94||0||0||0.0||0.0
相模原市||94||94||0||0||0.0||0.0
サレジオ会||94||94||0||0||0.0||0.0
日本刀||94||94||0||0||0.0||0.0
日本における衛星放送||94||94||0||0||0.0||0.0
日本の鉄道駅一覧 む-も||94||94||0||0||0.0||0.0
成田国際空港||94||94||0||0||0.0||0.0
京浜東北線||94||94||1||1||0.010638297872340425||0.010638297872340425
宇宙戦艦ヤマト||94||94||0||0||0.0||0.0
SMAP||94||94||0||0||0.0||0.0
岐阜県||93||93||0||0||0.0||0.0
1989年||93||93||0||0||0.0||0.0
美術家||93||93||0||0||0.0||0.0
戦車||93||93||0||0||0.0||0.0
キリスト教諸教派の一覧||93||93||0||0||0.0||0.0
極東国際軍事裁判||93||93||0||0||0.0||0.0
戦車一覧||93||93||2||2||0.021505376344086023||0.021505376344086023
日本交通 (鳥取県)||93||93||0||0||0.0||0.0
笑う犬||93||93||0||0||0.0||0.0
広島県出身の人物一覧||93||93||0||0||0.0||0.0
朝日放送テレビ番組一覧||93||93||0||0||0.0||0.0
京成電鉄||93||93||0||0||0.0||0.0
精神分析学||93||93||0||0||0.0||0.0
日本のナンバープレート||93||93||0||0||0.0||0.0
1991年||93||93||0||0||0.0||0.0
さいたま市||93||93||0||0||0.0||0.0
国分佐智子||93||93||0||0||0.0||0.0
1988年||92||92||0||0||0.0||0.0
仮面ライダー555||92||92||1||1||0.010869565217391304||0.010869565217391304
法律||92||92||0||0||0.0||0.0
花火||92||92||0||0||0.0||0.0
北陸自動車道||92||92||0||0||0.0||0.0
Hello world||92||92||0||0||0.0||0.0
快速急行||92||92||0||0||0.0||0.0
石田彰||92||92||0||0||0.0||0.0
国鉄115系電車||92||92||0||0||0.0||0.0
宇都宮線||92||92||2||2||0.021739130434782608||0.021739130434782608
核兵器||92||92||0||0||0.0||0.0
マジック:ザ・ギャザリング||91||91||0||0||0.0||0.0
競馬||91||91||0||0||0.0||0.0
阪和線||91||91||1||1||0.01098901098901099||0.01098901098901099
磁気浮上式鉄道||91||91||0||0||0.0||0.0
温泉||91||91||0||0||0.0||0.0
博物館||91||91||0||0||0.0||0.0
靖国神社問題||91||91||0||0||0.0||0.0
小森まなみ||91||91||0||0||0.0||0.0
山陰放送||91||91||0||0||0.0||0.0
日本の高速道路一覧||91||91||0||0||0.0||0.0
長岡駅||91||91||0||0||0.0||0.0
宮城球場||91||91||0||0||0.0||0.0
浜崎あゆみ||91||91||1||1||0.01098901098901099||0.01098901098901099
ファイアーエムブレム||91||91||0||0||0.0||0.0
オランダ||91||91||0||0||0.0||0.0
堀江由衣||91||91||0||0||0.0||0.0
1996年||90||90||0||0||0.0||0.0
Macintosh||90||90||0||0||0.0||0.0
1994年||90||90||0||0||0.0||0.0
4月1日||90||90||0||0||0.0||0.0
3月12日||90||90||0||0||0.0||0.0
16世紀||90||90||0||0||0.0||0.0
SoftBank (携帯電話)||90||90||0||0||0.0||0.0
九州||90||90||0||0||0.0||0.0
ハンガリー||90||90||0||0||0.0||0.0
新幹線700系電車||90||90||1||1||0.011111111111111112||0.011111111111111112
ウルトラ怪獣一覧||90||90||0||0||0.0||0.0
関東鉄道常総線||90||90||0||0||0.0||0.0
福山駅||90||90||0||0||0.0||0.0
出芽酵母||90||90||0||0||0.0||0.0
航空機メーカーの一覧||90||90||0||0||0.0||0.0
平成教育委員会||90||90||0||0||0.0||0.0
シブリー・アールキスト鳥類分類||90||90||0||0||0.0||0.0
オレたちひょうきん族||90||90||0||0||0.0||0.0
出川哲朗||90||90||0||0||0.0||0.0
山寺宏一||90||90||0||0||0.0||0.0
三宅民夫||90||90||0||0||0.0||0.0
静岡県出身の人物一覧||90||90||0||0||0.0||0.0
武豊||90||90||0||0||0.0||0.0
セガゲームス||90||90||0||0||0.0||0.0
ソビエト連邦||89||89||1||1||0.011235955056179775||0.011235955056179775
自殺・自決・自害した日本の著名人物一覧||89||89||0||0||0.0||0.0
Winny||89||89||0||0||0.0||0.0
練馬区||89||89||0||0||0.0||0.0
ディラックのデルタ関数||89||89||0||0||0.0||0.0
函館市||89||89||0||0||0.0||0.0
新党さきがけ||89||89||0||0||0.0||0.0
卵||89||89||0||0||0.0||0.0
コミュニティバス||89||89||0||0||0.0||0.0
浅野真澄||89||89||0||0||0.0||0.0
テレビ神奈川||89||89||0||0||0.0||0.0
姫路城||89||89||0||0||0.0||0.0
ちちんぷいぷい (テレビ番組)/history20180113||89||89||0||0||0.0||0.0
日ノ丸自動車||89||89||0||0||0.0||0.0
FNNニュース555 ザ・ヒューマン||89||89||0||0||0.0||0.0
松村邦洋||89||89||0||0||0.0||0.0
RABニュースレーダー||89||89||0||0||0.0||0.0
未来少年コナン||89||89||1||1||0.011235955056179775||0.011235955056179775
マリア様がみてる||89||89||0||0||0.0||0.0
イチロー||89||89||0||0||0.0||0.0
犬夜叉||89||89||0||0||0.0||0.0
スーパーマリオブラザーズ||88||88||0||0||0.0||0.0
サッダーム・フセイン||88||88||0||0||0.0||0.0
巨人の星||88||88||0||0||0.0||0.0
福岡ドーム||88||88||0||0||0.0||0.0
真珠湾攻撃||88||88||0||0||0.0||0.0
コンビニATM||88||88||0||0||0.0||0.0
藤田医科大学||88||88||0||0||0.0||0.0
声優ユニット||88||88||0||0||0.0||0.0
八代市||88||88||0||0||0.0||0.0
テレビ山口||88||88||0||0||0.0||0.0
パープル暗号||88||88||0||0||0.0||0.0
年金未納問題||88||88||0||0||0.0||0.0
舞-HiME||88||88||0||0||0.0||0.0
魔法陣グルグル||88||88||0||0||0.0||0.0
中日新聞||88||88||0||0||0.0||0.0
南アフリカ共和国||88||88||0||0||0.0||0.0
1985年||88||88||0||0||0.0||0.0
オペレーティングシステム||87||87||0||0||0.0||0.0
特殊相対性理論||87||87||1||1||0.011494252873563218||0.011494252873563218
日本の空港||87||87||0||0||0.0||0.0
日本の地理||87||87||0||0||0.0||0.0
バス (交通機関)||87||87||0||0||0.0||0.0
東京メトロ千代田線||87||87||1||1||0.011494252873563218||0.011494252873563218
武器||87||87||0||0||0.0||0.0
片町線||87||87||1||1||0.011494252873563218||0.011494252873563218
国道1号||87||87||0||0||0.0||0.0
ウマ||87||87||1||1||0.011494252873563218||0.011494252873563218
鳥類||87||87||0||0||0.0||0.0
米子駅||87||87||0||0||0.0||0.0
落合博満||87||87||0||0||0.0||0.0
キャイ〜ン||87||87||0||0||0.0||0.0
波田陽区||87||87||0||0||0.0||0.0
怪盗セイント・テール||87||87||0||0||0.0||0.0
豊橋市||87||87||0||0||0.0||0.0
大阪駅||87||87||1||1||0.011494252873563218||0.011494252873563218
哲学||86||86||0||0||0.0||0.0
テレビ番組||86||86||0||0||0.0||0.0
Java||86||86||0||0||0.0||0.0
1979年||86||86||0||0||0.0||0.0
CPU||86||86||0||0||0.0||0.0
オートバイ||86||86||0||0||0.0||0.0
大阪環状線||86||86||0||0||0.0||0.0
特別急行列車||86||86||0||0||0.0||0.0
ハングル||86||86||0||0||0.0||0.0
日本選手権シリーズ||86||86||0||0||0.0||0.0
中国の仏教||86||86||0||0||0.0||0.0
八丈島||86||86||0||0||0.0||0.0
すぽると!||86||86||1||1||0.011627906976744186||0.011627906976744186
SUBARU||86||86||0||0||0.0||0.0
免許||86||86||1||1||0.011627906976744186||0.011627906976744186
ナチス・ドイツ||86||86||0||0||0.0||0.0
名古屋弁||86||86||0||0||0.0||0.0
地域高規格道路一覧||86||86||0||0||0.0||0.0
姫路市||86||86||0||0||0.0||0.0
ジョン・F・ケネディ||86||86||0||0||0.0||0.0
ダルビッシュ有||86||86||0||0||0.0||0.0
夏目漱石||86||86||1||1||0.011627906976744186||0.011627906976744186
1971年||86||86||0||0||0.0||0.0
草なぎ剛||86||86||1||1||0.011627906976744186||0.011627906976744186
釈迦||86||86||0||0||0.0||0.0
イタリア語||85||85||0||0||0.0||0.0
香川県||85||85||0||0||0.0||0.0
島||85||85||0||0||0.0||0.0
アダルトゲームメーカー一覧||85||85||0||0||0.0||0.0
荻窪駅||85||85||0||0||0.0||0.0
さだまさし||85||85||0||0||0.0||0.0
ドレミファインバーター||85||85||0||0||0.0||0.0
仙石線||85||85||0||0||0.0||0.0
キリスト教年表||85||85||0||0||0.0||0.0
文京区||85||85||1||1||0.011764705882352941||0.011764705882352941
チェ・ゲバラ||85||85||0||0||0.0||0.0
三石琴乃||85||85||0||0||0.0||0.0
陸上自衛隊の装備品一覧||85||85||0||0||0.0||0.0
ローマ皇帝一覧||85||85||0||0||0.0||0.0
中津市||85||85||0||0||0.0||0.0
学歴||85||85||0||0||0.0||0.0
日本の鉄道駅一覧 き||85||85||0||0||0.0||0.0
日本新党||85||85||0||0||0.0||0.0
ホンダ・アコード||85||85||0||0||0.0||0.0
ウッチャンナンチャンの炎のチャレンジャー これができたら100万円!!||85||85||0||0||0.0||0.0
ファイナルファンタジーシリーズ||85||85||0||0||0.0||0.0
トヨタ・クラウン||85||85||0||0||0.0||0.0
1981年||85||85||0||0||0.0||0.0
長崎市||85||85||0||0||0.0||0.0
オーストラリア||85||85||0||0||0.0||0.0
スペイン語||84||84||0||0||0.0||0.0
ウェブブラウザ||84||84||0||0||0.0||0.0
ローマ教皇||84||84||0||0||0.0||0.0
ラオス||84||84||0||0||0.0||0.0
松井秀喜||84||84||0||0||0.0||0.0
ジョン・レノン||84||84||0||0||0.0||0.0
立川駅||84||84||1||1||0.011904761904761904||0.011904761904761904
日本の地域別鉄道路線一覧||84||84||1||1||0.011904761904761904||0.011904761904761904
所沢市||84||84||0||0||0.0||0.0
中央自動車道||84||84||0||0||0.0||0.0
月刊コロコロコミック||84||84||0||0||0.0||0.0
般若心経||84||84||0||0||0.0||0.0
あずまんが大王||84||84||0||0||0.0||0.0
立教大学||84||84||0||0||0.0||0.0
座間市||84||84||0||0||0.0||0.0
お元気ですか日本列島||84||84||0||0||0.0||0.0
ウォーターボーイズ||84||84||0||0||0.0||0.0
長野県出身の人物一覧||84||84||0||0||0.0||0.0
木村拓哉||84||84||0||0||0.0||0.0
アメリカ横断ウルトラクイズ||84||84||0||0||0.0||0.0
学校||84||84||0||0||0.0||0.0
京葉線||84||84||5||5||0.05952380952380952||0.05952380952380952

