
Page||Recent Revisions||Total Revisions||Recent Reverts||Total Reverts||Recent Contention||Total Contention
海賊戦隊ゴーカイジャー/log20120602||5041||5041||169||169||0.03352509422733584||0.03352509422733584
ONE PIECEの登場人物一覧/log||5010||5010||25||25||0.00499001996007984||0.00499001996007984
AKB48/log20110116||4789||4789||199||199||0.04155356024222176||0.04155356024222176
イナズマイレブンの登場人物/history20150222||4748||4748||60||60||0.012636899747262006||0.012636899747262006
仮面ライダーディケイド/log20091223||4546||4546||174||174||0.03827540695116586||0.03827540695116586
仮面ライダー電王/log20080331||4485||4485||26||26||0.005797101449275362||0.005797101449275362
ゲームセンターCX/history20160321||4400||4400||26||26||0.005909090909090909||0.005909090909090909
仮面ライダーフォーゼ||4341||4341||87||87||0.020041465100207326||0.020041465100207326
相棒/history20150820||4338||4338||176||176||0.04057169202397418||0.04057169202397418
青森放送/history20180113||4264||4264||9||9||0.0021106941838649157||0.0021106941838649157
新日本プロレス/history20160321||4246||4246||23||23||0.0054168629298162975||0.0054168629298162975
スーパー戦隊シリーズ/history20160321||4223||4223||52||52||0.012313521193464362||0.012313521193464362
森田一義アワー 笑っていいとも!/log20130117||4178||4178||46||46||0.011010052656773576||0.011010052656773576
けいおん!/log20120612||4172||4172||309||309||0.07406519654841802||0.07406519654841802
トリコ||4162||4162||101||101||0.02426717924074964||0.02426717924074964
アニメ版ポケットモンスターの登場人物/history20160321||4161||4161||52||52||0.012496995914443643||0.012496995914443643
SASUKE/history20180113||4105||4105||32||32||0.00779537149817296||0.00779537149817296
舞-乙HiME/log20120619||4089||4089||2||2||4.891171435558817E-4||4.891171435558817E-4
24時間テレビ 「愛は地球を救う」/history20160321||4083||4083||103||103||0.025226549106049472||0.025226549106049472
銀魂/log20081129||4001||4001||15||15||0.003749062734316421||0.003749062734316421
モーニング娘。||3948||3948||130||130||0.03292806484295846||0.03292806484295846
BLEACHの登場人物||3914||3914||41||41||0.010475217169136432||0.010475217169136432
笑点/log20110201||3890||3890||19||19||0.004884318766066838||0.004884318766066838
BLEACH/log20080419||3877||3877||20||20||0.005158627805003869||0.005158627805003869
AKB48/history20160321||3866||3866||385||385||0.09958613554061045||0.09958613554061045
仮面ライダーW/log20110201||3843||3843||77||77||0.020036429872495445||0.020036429872495445
情報ライブ ミヤネ屋||3829||3829||50||50||0.013058239749281797||0.013058239749281797
Yes!プリキュア5||3822||3822||78||78||0.02040816326530612||0.02040816326530612
NARUTO -ナルト-の登場人物/log20120612||3800||3800||87||87||0.022894736842105263||0.022894736842105263
アンパンマンの登場人物一覧/log20120613||3798||3798||69||69||0.018167456556082148||0.018167456556082148
ウルトラマンメビウス/log20100825||3792||3792||39||39||0.010284810126582278||0.010284810126582278
ミュージックステーション/log20120615||3784||3784||15||15||0.003964059196617336||0.003964059196617336
石原慎太郎||3778||3778||110||110||0.029115934356802542||0.029115934356802542
EXILE/log 20120611||3778||3778||54||54||0.014293276866066702||0.014293276866066702
銀魂の登場人物一覧/log20080904||3752||3752||3||3||7.995735607675906E-4||7.995735607675906E-4
ちちんぷいぷい (テレビ番組)/history20180113||3751||3751||23||23||0.006131698213809651||0.006131698213809651
パワーパフガールズ||3743||3743||43||43||0.011488111140796153||0.011488111140796153
オールスター感謝祭/history20190417||3720||3720||95||95||0.025537634408602152||0.025537634408602152
ナインティナインのオールナイトニッポン||3716||3716||26||26||0.006996770721205597||0.006996770721205597
第二次世界大戦/log20120619||3712||3712||37||37||0.009967672413793104||0.009967672413793104
ドラゴンボールの登場人物||3703||3703||70||70||0.01890359168241966||0.01890359168241966
ONE PIECE/log||3694||3694||29||29||0.00785056848944234||0.00785056848944234
阪神タイガース||3673||3673||89||89||0.024230873945004085||0.024230873945004085
クイズ!ヘキサゴンII/log20090401||3650||3650||31||31||0.008493150684931507||0.008493150684931507
小沢一郎||3650||3650||119||119||0.0326027397260274||0.0326027397260274
3年B組金八先生)/history20180113||3648||3648||67||67||0.01836622807017544||0.01836622807017544
機動戦士ガンダム00||3647||3647||76||76||0.020839045791061148||0.020839045791061148
奥州市||3619||3619||10||10||0.0027631942525559545||0.0027631942525559545
読売ジャイアンツ||3613||3613||35||35||0.009687240520343206||0.009687240520343206
銀魂の登場人物一覧||3611||3611||54||54||0.014954306286347273||0.014954306286347273
コードギアス 反逆のルルーシュ/log20080407||3610||3610||21||21||0.005817174515235457||0.005817174515235457
日本/log20090827||3601||3601||74||74||0.02054984726464871||0.02054984726464871
フジテレビジョン||3599||3599||48||48||0.013337038066129481||0.013337038066129481
太鼓の達人||3597||3597||71||71||0.019738671114817904||0.019738671114817904
銀魂 (アニメ)||3593||3593||13||13||0.0036181463957695517||0.0036181463957695517
家庭教師ヒットマンREBORN!/log20100415||3591||3591||128||128||0.03564466722361459||0.03564466722361459
テレビ神奈川||3589||3589||16||16||0.004458066313736417||0.004458066313736417
テニスの王子様の登場人物/log20120614||3586||3586||11||11||0.003067484662576687||0.003067484662576687
名探偵コナンの登場人物/history20180113||3581||3581||73||73||0.02038536721586149||0.02038536721586149
仮面ライダーシリーズ||3568||3568||78||78||0.021860986547085202||0.021860986547085202
広島県出身の人物一覧||3563||3563||4||4||0.001122649452708392||0.001122649452708392
プレイステーション3/log20100415||3548||3548||50||50||0.014092446448703494||0.014092446448703494
仮面ライダーオーズ/OOO/log20120616||3547||3547||81||81||0.022836199605300252||0.022836199605300252
D.Gray-man||3503||3503||20||20||0.005709391949757351||0.005709391949757351
ネプリーグ/log20091026||3501||3501||10||10||0.0028563267637817767||0.0028563267637817767
新世紀エヴァンゲリオン||3500||3500||67||67||0.019142857142857142||0.019142857142857142
国鉄485系電車||3495||3495||44||44||0.012589413447782546||0.012589413447782546
涼宮ハルヒシリーズ/log20090701||3492||3492||76||76||0.021764032073310423||0.021764032073310423
海賊 (ONE PIECE)/history20180113||3492||3492||213||213||0.06099656357388316||0.06099656357388316
エンタの神様/log20091223||3480||3480||28||28||0.008045977011494253||0.008045977011494253
モンスターハンターのモンスター一覧||3478||3478||37||37||0.010638297872340425||0.010638297872340425
テレビ東京||3466||3466||31||31||0.00894402769763416||0.00894402769763416
ジャニーズJr.||3459||3459||61||61||0.017635154668979473||0.017635154668979473
仮面ライダー鎧武/ガイム||3450||3450||69||69||0.02||0.02
そこまで言って委員会NP||3447||3447||37||37||0.010733971569480708||0.010733971569480708
破面||3439||3439||21||21||0.0061064262867112536||0.0061064262867112536
ケロロ軍曹の登場人物一覧/log20090210||3436||3436||5||5||0.0014551804423748546||0.0014551804423748546
パネルクイズ アタック25||3413||3413||66||66||0.019337825959566363||0.019337825959566363
大喜利 (笑点)||3393||3393||97||97||0.028588269967580314||0.028588269967580314
ドラえもん||3391||3391||134||134||0.03951636685343556||0.03951636685343556
SMAP||3382||3382||76||76||0.02247191011235955||0.02247191011235955
愛知県出身の人物一覧||3375||3375||26||26||0.007703703703703704||0.007703703703703704
早稲田大学の人物一覧||3374||3374||13||13||0.0038529934795494963||0.0038529934795494963
アメリカ横断ウルトラクイズ||3365||3365||15||15||0.004457652303120356||0.004457652303120356
ONE PIECEの登場人物一覧||3364||3364||235||235||0.06985731272294887||0.06985731272294887
獣電戦隊キョウリュウジャー||3364||3364||91||91||0.027051129607609987||0.027051129607609987
天装戦隊ゴセイジャー||3362||3362||72||72||0.021415823914336704||0.021415823914336704
静岡市||3333||3333||34||34||0.0102010201020102||0.0102010201020102
日本航空123便墜落事故||3318||3318||40||40||0.012055455093429777||0.012055455093429777
クレヨンしんちゃん||3306||3306||28||28||0.008469449485783424||0.008469449485783424
北海道日本ハムファイターズ||3302||3302||57||57||0.017262265293761358||0.017262265293761358
NARUTO -ナルト-||3302||3302||39||39||0.011811023622047244||0.011811023622047244
中部日本放送||3300||3300||13||13||0.00393939393939394||0.00393939393939394
B'z||3291||3291||99||99||0.0300820419325433||0.0300820419325433
明石家さんま||3285||3285||56||56||0.01704718417047184||0.01704718417047184
NHK紅白歌合戦||3269||3269||111||111||0.033955338023860505||0.033955338023860505
ドラゴンボール||3265||3265||105||105||0.03215926493108729||0.03215926493108729
ケロロ軍曹||3264||3264||20||20||0.006127450980392157||0.006127450980392157
日本体育大学||3260||3260||7||7||0.002147239263803681||0.002147239263803681
めちゃ×2イケてるッ!||3251||3251||66||66||0.02030144570901261||0.02030144570901261
福山潤||3249||3249||43||43||0.013234841489689135||0.013234841489689135
ズームイン!!SUPER/log20091228||3247||3247||8||8||0.0024638127502309825||0.0024638127502309825
UHFアニメ||3246||3246||11||11||0.0033887861983980284||0.0033887861983980284
水戸黄門 (パナソニック ドラマシアター)||3235||3235||13||13||0.00401854714064915||0.00401854714064915
クイズ!ヘキサゴンII||3216||3216||131||131||0.040733830845771146||0.040733830845771146
めざましテレビ/history20190417||3213||3213||37||37||0.011515717398070339||0.011515717398070339
黒子のバスケ||3187||3187||72||72||0.02259177910260433||0.02259177910260433
DEATH NOTEの登場人物||3185||3185||13||13||0.004081632653061225||0.004081632653061225
宇宙戦艦ヤマト2199||3176||3176||23||23||0.007241813602015114||0.007241813602015114
VS嵐||3159||3159||40||40||0.012662234884457106||0.012662234884457106
毎日放送||3154||3154||26||26||0.008243500317057704||0.008243500317057704
仙台市||3149||3149||38||38||0.012067322959669736||0.012067322959669736
水曜どうでしょう||3145||3145||18||18||0.005723370429252782||0.005723370429252782
関西国際空港||3142||3142||27||27||0.00859325270528326||0.00859325270528326
福岡ソフトバンクホークス||3136||3136||46||46||0.014668367346938776||0.014668367346938776
二宮和也||3132||3132||128||128||0.04086845466155811||0.04086845466155811
鈴村健一||3121||3121||47||47||0.01505927587311759||0.01505927587311759
とある魔術の禁書目録||3120||3120||138||138||0.04423076923076923||0.04423076923076923
水樹奈々||3108||3108||144||144||0.04633204633204633||0.04633204633204633
トヨタ自動車||3108||3108||91||91||0.02927927927927928||0.02927927927927928
クイズダービー||3107||3107||52||52||0.016736401673640166||0.016736401673640166
こちら葛飾区亀有公園前派出所||3100||3100||40||40||0.012903225806451613||0.012903225806451613
SAMURAI BASEBALL||3100||3100||14||14||0.004516129032258065||0.004516129032258065
WWEに所属する人物一覧||3090||3090||9||9||0.002912621359223301||0.002912621359223301
日本プロサッカーリーグ||3086||3086||61||61||0.019766688269604666||0.019766688269604666
Axis powers ヘタリア||3086||3086||36||36||0.011665586519766688||0.011665586519766688
日本の漫画家一覧||3084||3084||3||3||9.727626459143969E-4||9.727626459143969E-4
DEATH NOTE||3071||3071||37||37||0.012048192771084338||0.012048192771084338
麻生太郎||3071||3071||95||95||0.030934549006838164||0.030934549006838164
東京大学の人物一覧||3062||3062||19||19||0.0062050947093403004||0.0062050947093403004
平成||3047||3047||57||57||0.01870692484410896||0.01870692484410896
相棒の登場人物/history20190113||3039||3039||75||75||0.024679170779861797||0.024679170779861797
仮面ライダーカブト||3010||3010||41||41||0.01362126245847176||0.01362126245847176
ZIP!/history20181110||2998||2998||53||53||0.017678452301534357||0.017678452301534357
浦和レッドダイヤモンズ||2994||2994||43||43||0.014362057448229793||0.014362057448229793
ケロロ軍曹 (アニメ)||2993||2993||29||29||0.00968927497494153||0.00968927497494153
櫻井孝宏||2989||2989||60||60||0.020073603211776515||0.020073603211776515
福岡県出身の人物一覧||2984||2984||31||31||0.010388739946380697||0.010388739946380697
大韓民国||2981||2981||86||86||0.02884937940288494||0.02884937940288494
仮面ライダーシリーズ登場怪人一覧||2954||2954||131||131||0.044346648612051454||0.044346648612051454
SKE48||2952||2952||161||161||0.05453929539295393||0.05453929539295393
帝京大学||2950||2950||53||53||0.017966101694915255||0.017966101694915255
千葉ロッテマリーンズ||2949||2949||66||66||0.022380467955239063||0.022380467955239063
マイケル・ジャクソン||2941||2941||73||73||0.024821489289357363||0.024821489289357363
東京放送ホールディングス||2926||2926||31||31||0.010594668489405332||0.010594668489405332
獣拳戦隊ゲキレンジャー||2924||2924||37||37||0.01265389876880985||0.01265389876880985
ハロー!プロジェクト||2923||2923||47||47||0.016079370509750255||0.016079370509750255
日本テレビ放送網||2921||2921||18||18||0.0061622731941116055||0.0061622731941116055
鹿島アントラーズ||2911||2911||48||48||0.016489178976296804||0.016489178976296804
週刊少年ジャンプ||2910||2910||47||47||0.016151202749140895||0.016151202749140895
ハヤテのごとく!の登場人物||2907||2907||96||96||0.033023735810113516||0.033023735810113516
慶應義塾大学の人物一覧||2903||2903||49||49||0.016879090595935238||0.016879090595935238
金色のガッシュ!!の登場人物||2902||2902||12||12||0.004135079255685734||0.004135079255685734
日本放送協会||2901||2901||83||83||0.028610823853843503||0.028610823853843503
日本共産党||2899||2899||58||58||0.020006898930665748||0.020006898930665748
クイズ世界はSHOW by ショーバイ!!||2897||2897||16||16||0.005522954780807732||0.005522954780807732
魔人探偵脳噛ネウロ||2895||2895||8||8||0.002763385146804836||0.002763385146804836
国鉄103系電車||2894||2894||32||32||0.0110573600552868||0.0110573600552868
成田国際空港||2894||2894||39||39||0.013476157567380787||0.013476157567380787
らき☆すた||2893||2893||30||30||0.010369858278603527||0.010369858278603527
侍戦隊シンケンジャー||2891||2891||58||58||0.020062262193012798||0.020062262193012798
世界一の一覧||2885||2885||33||33||0.011438474870017331||0.011438474870017331
横浜DeNAベイスターズ||2879||2879||68||68||0.023619312261201807||0.023619312261201807
石田彰||2879||2879||24||24||0.008336227856894755||0.008336227856894755
とある魔術の禁書目録の登場人物||2877||2877||152||152||0.052832811956899546||0.052832811956899546
2014年のテレビ (日本)||2862||2862||6||6||0.0020964360587002098||0.0020964360587002098
仮面ライダーウィザード||2861||2861||88||88||0.030758476057322615||0.030758476057322615
M-1グランプリ||2851||2851||19||19||0.006664328305857594||0.006664328305857594
ジャニーズ事務所||2849||2849||49||49||0.0171990171990172||0.0171990171990172
ドラえもん (1979年のテレビアニメ)||2846||2846||30||30||0.010541110330288124||0.010541110330288124
ローゼンメイデン/history 20130917||2843||2843||43||43||0.015124868097080548||0.015124868097080548
サザエさんの登場人物||2839||2839||92||92||0.03240577668193026||0.03240577668193026
オールナイトニッポン||2832||2832||23||23||0.008121468926553672||0.008121468926553672
轟轟戦隊ボウケンジャー||2830||2830||30||30||0.01060070671378092||0.01060070671378092
ウルトラマン||2826||2826||57||57||0.020169851380042462||0.020169851380042462
古畑任三郎||2826||2826||21||21||0.0074309978768577496||0.0074309978768577496
海軍 (ONE PIECE)||2817||2817||221||221||0.078452254171104||0.078452254171104
全国高等学校クイズ選手権||2802||2802||64||64||0.022840827980014276||0.022840827980014276
スーパーベースボール (テレビ朝日系列)||2798||2798||5||5||0.0017869907076483202||0.0017869907076483202
錦戸亮||2790||2790||50||50||0.017921146953405017||0.017921146953405017
中部国際空港||2787||2787||37||37||0.013275923932543954||0.013275923932543954
モヤモヤさまぁ〜ず2||2786||2786||26||26||0.00933237616654702||0.00933237616654702
探偵!ナイトスクープ||2770||2770||11||11||0.003971119133574007||0.003971119133574007
逆転裁判||2763||2763||37||37||0.013391241404270721||0.013391241404270721
東京都出身の人物一覧||2763||2763||6||6||0.002171552660152009||0.002171552660152009
バンプレストオリジナルのキャラクター一覧||2749||2749||5||5||0.0018188432157148053||0.0018188432157148053
THE IDOLM@STERの登場人物||2740||2740||111||111||0.04051094890510949||0.04051094890510949
スマイルプリキュア!||2736||2736||110||110||0.0402046783625731||0.0402046783625731
2006年||2733||2733||39||39||0.014270032930845226||0.014270032930845226
TBSテレビ||2729||2729||69||69||0.025283986808354707||0.025283986808354707
世界平和統一家庭連合||2729||2729||74||74||0.027116159765481863||0.027116159765481863
Fun!BASEBALL!!||2710||2710||4||4||0.0014760147601476014||0.0014760147601476014
王貞治||2708||2708||32||32||0.011816838995568686||0.011816838995568686
森川智之||2707||2707||31||31||0.011451791651274473||0.011451791651274473
ポルノグラフィティ||2693||2693||48||48||0.017823988117341254||0.017823988117341254
安倍晋三||2687||2687||122||122||0.04540379605508001||0.04540379605508001
松井秀喜||2685||2685||87||87||0.03240223463687151||0.03240223463687151
FNNスーパーニュース||2685||2685||18||18||0.0067039106145251395||0.0067039106145251395
SCHOOL OF LOCK!||2682||2682||19||19||0.0070842654735272185||0.0070842654735272185
Au (携帯電話)||2682||2682||49||49||0.018269947800149143||0.018269947800149143
東北楽天ゴールデンイーグルス||2682||2682||63||63||0.02348993288590604||0.02348993288590604
嵐 (グループ)||2677||2677||102||102||0.03810235338064998||0.03810235338064998
法政大学の人物一覧||2676||2676||10||10||0.0037369207772795215||0.0037369207772795215
東京駅||2669||2669||73||73||0.027351067815661295||0.027351067815661295
ハピネスチャージプリキュア!||2662||2662||101||101||0.03794139744552968||0.03794139744552968
京都放送||2654||2654||12||12||0.00452147701582517||0.00452147701582517
大野智||2650||2650||87||87||0.03283018867924528||0.03283018867924528
サザエさん (テレビアニメ)||2647||2647||83||83||0.03135625236116358||0.03135625236116358
グルメチキンレース・ゴチになります!||2641||2641||27||27||0.010223400227186671||0.010223400227186671
桃太郎電鉄シリーズ||2638||2638||9||9||0.003411675511751327||0.003411675511751327
機動戦士ガンダムAGE||2633||2633||81||81||0.030763387770603876||0.030763387770603876
堀江由衣||2632||2632||47||47||0.017857142857142856||0.017857142857142856
菅直人||2631||2631||131||131||0.04979095400988218||0.04979095400988218
しゅごキャラ!||2630||2630||19||19||0.007224334600760456||0.007224334600760456
行列のできる法律相談所||2628||2628||101||101||0.03843226788432268||0.03843226788432268
ダンボール戦機||2628||2628||40||40||0.015220700152207||0.015220700152207
ポケットモンスター (アニメ)||2627||2627||32||32||0.01218119527978683||0.01218119527978683
魔法少女まどか☆マギカ||2627||2627||157||157||0.05976398934145413||0.05976398934145413
めだかボックス||2625||2625||91||91||0.034666666666666665||0.034666666666666665
新潟市||2624||2624||22||22||0.008384146341463415||0.008384146341463415
Run for money 逃走中||2616||2616||58||58||0.02217125382262997||0.02217125382262997
浅田真央||2609||2609||79||79||0.03027980068991951||0.03027980068991951
ダウンタウンのガキの使いやあらへんで!||2604||2604||25||25||0.009600614439324117||0.009600614439324117
北海道出身の人物一覧||2604||2604||28||28||0.010752688172043012||0.010752688172043012
キン肉マンの登場人物||2603||2603||8||8||0.003073376872839032||0.003073376872839032
杉田智和||2601||2601||57||57||0.02191464821222607||0.02191464821222607
ONE PIECE (アニメ)||2599||2599||69||69||0.02654867256637168||0.02654867256637168
SLAM DUNKの登場人物||2594||2594||21||21||0.008095605242868157||0.008095605242868157
織田信長||2591||2591||56||56||0.021613276727132383||0.021613276727132383
沢城みゆき||2589||2589||77||77||0.02974121282348397||0.02974121282348397
山下達郎||2586||2586||28||28||0.01082753286929621||0.01082753286929621
GTO (漫画)||2585||2585||23||23||0.008897485493230174||0.008897485493230174
FAIRY TAILの登場人物||2575||2575||97||97||0.03766990291262136||0.03766990291262136
北海道放送||2574||2574||3||3||0.0011655011655011655||0.0011655011655011655
トリビアの泉 〜素晴らしきムダ知識〜||2569||2569||19||19||0.007395873880887505||0.007395873880887505
タモリ||2569||2569||66||66||0.025690930323082912||0.025690930323082912
能登麻美子||2566||2566||40||40||0.01558846453624318||0.01558846453624318
秋田放送||2566||2566||3||3||0.0011691348402182386||0.0011691348402182386
2005年||2564||2564||22||22||0.00858034321372855||0.00858034321372855
日産自動車||2564||2564||28||28||0.0109204368174727||0.0109204368174727
全日本プロレス||2563||2563||6||6||0.0023410066328521262||0.0023410066328521262
前田敦子||2563||2563||301||301||0.11744049941474834||0.11744049941474834
手塚治虫||2552||2552||30||30||0.011755485893416929||0.011755485893416929
FNS27時間テレビ||2550||2550||7||7||0.0027450980392156863||0.0027450980392156863
朝ズバッ!||2550||2550||35||35||0.013725490196078431||0.013725490196078431
都市伝説一覧||2539||2539||41||41||0.016148089799133517||0.016148089799133517
子安武人||2535||2535||22||22||0.008678500986193294||0.008678500986193294
日本航空||2535||2535||48||48||0.01893491124260355||0.01893491124260355
灼眼のシャナ||2535||2535||28||28||0.011045364891518738||0.011045364891518738
暁 (NARUTO)||2534||2534||80||80||0.03157063930544594||0.03157063930544594
東京ヤクルトスワローズ||2531||2531||57||57||0.0225207427894113||0.0225207427894113
家庭教師ヒットマンREBORN!の登場人物||2530||2530||34||34||0.013438735177865613||0.013438735177865613
浪川大輔||2528||2528||37||37||0.014636075949367089||0.014636075949367089
ガンダムシリーズの登場機動兵器一覧||2528||2528||12||12||0.004746835443037975||0.004746835443037975
やしきたかじん||2523||2523||44||44||0.01743955608402695||0.01743955608402695
2011年のテレビ (日本)||2510||2510||12||12||0.004780876494023904||0.004780876494023904
新宿駅||2507||2507||41||41||0.016354208216992423||0.016354208216992423
平野綾||2505||2505||155||155||0.06187624750499002||0.06187624750499002
デジモン一覧||2501||2501||7||7||0.0027988804478208716||0.0027988804478208716
福山市||2483||2483||7||7||0.002819170358437374||0.002819170358437374
自由民主党 (日本)||2481||2481||58||58||0.023377670294236194||0.023377670294236194
新幹線||2479||2479||45||45||0.018152480839048003||0.018152480839048003
仮面ライダーディケイド||2479||2479||91||91||0.03670835014118596||0.03670835014118596
劇場版 仮面ライダーディケイド オールライダー対大ショッカー||2476||2476||114||114||0.04604200323101777||0.04604200323101777
BUMP OF CHICKEN||2473||2473||69||69||0.027901334411645773||0.027901334411645773
東北地方太平洋沖地震||2471||2471||71||71||0.028733306353702956||0.028733306353702956
涼宮ハルヒの憂鬱 (アニメ)||2466||2466||86||86||0.034874290348742905||0.034874290348742905
釘宮理恵||2463||2463||54||54||0.02192448233861145||0.02192448233861145
広島東洋カープ||2462||2462||61||61||0.024776604386677496||0.024776604386677496
特命戦隊ゴーバスターズ||2462||2462||58||58||0.023558082859463852||0.023558082859463852
おかあさんといっしょ||2461||2461||33||33||0.013409183258837871||0.013409183258837871
ゲゲゲの鬼太郎 (アニメ)||2460||2460||14||14||0.005691056910569106||0.005691056910569106
朝日放送グループホールディングス||2456||2456||32||32||0.013029315960912053||0.013029315960912053
東京大学||2452||2452||63||63||0.02569331158238173||0.02569331158238173
声優||2446||2446||29||29||0.011856091578086671||0.011856091578086671
大阪府出身の人物一覧||2446||2446||4||4||0.001635322976287817||0.001635322976287817
龍が如くシリーズの登場人物||2446||2446||26||26||0.01062959934587081||0.01062959934587081
SoftBank (携帯電話)||2445||2445||22||22||0.00899795501022495||0.00899795501022495
神谷浩史||2445||2445||29||29||0.011860940695296524||0.011860940695296524
戦国BASARAの登場人物||2445||2445||45||45||0.018404907975460124||0.018404907975460124
小野大輔||2441||2441||20||20||0.00819336337566571||0.00819336337566571
オリックス・バファローズ||2440||2440||37||37||0.015163934426229509||0.015163934426229509
宮野真守||2439||2439||39||39||0.015990159901599015||0.015990159901599015
ONE PIECE||2436||2436||302||302||0.12397372742200329||0.12397372742200329
中日ドラゴンズ||2433||2433||53||53||0.02178380600082203||0.02178380600082203
マジカル頭脳パワー!!||2432||2432||27||27||0.011101973684210526||0.011101973684210526
吉本総合芸能学院||2428||2428||13||13||0.005354200988467875||0.005354200988467875
千葉テレビ放送||2422||2422||7||7||0.002890173410404624||0.002890173410404624
Perfume||2420||2420||83||83||0.03429752066115702||0.03429752066115702
徳川家康||2410||2410||91||91||0.03775933609958506||0.03775933609958506
史上最強の弟子ケンイチの登場人物||2406||2406||38||38||0.015793848711554447||0.015793848711554447
アイシールド21||2404||2404||21||21||0.008735440931780365||0.008735440931780365
スッキリ (テレビ番組)||2403||2403||27||27||0.011235955056179775||0.011235955056179775
AKB48のオールナイトニッポン||2403||2403||109||109||0.04535996670828132||0.04535996670828132
志田未来||2399||2399||46||46||0.01917465610671113||0.01917465610671113
おはスタ||2396||2396||31||31||0.01293823038397329||0.01293823038397329
植田佳奈||2392||2392||64||64||0.026755852842809364||0.026755852842809364
山下智久||2391||2391||75||75||0.03136762860727729||0.03136762860727729
ポケットモンスターSPECIALの登場人物||2390||2390||14||14||0.005857740585774059||0.005857740585774059
イナズマイレブン||2388||2388||31||31||0.012981574539363484||0.012981574539363484
Hey! Say! JUMP||2379||2379||104||104||0.04371584699453552||0.04371584699453552
クイズタイムショック||2377||2377||13||13||0.005469078670593185||0.005469078670593185
機動戦士ガンダム00シリーズの登場兵器||2375||2375||89||89||0.03747368421052632||0.03747368421052632
ハートキャッチプリキュア!||2375||2375||73||73||0.030736842105263156||0.030736842105263156
IBC岩手放送||2374||2374||17||17||0.007160909856781803||0.007160909856781803
イチロー||2374||2374||111||111||0.04675652906486942||0.04675652906486942
遊☆戯☆王5D's||2373||2373||35||35||0.014749262536873156||0.014749262536873156
2007年||2372||2372||45||45||0.01897133220910624||0.01897133220910624
野村克也||2369||2369||60||60||0.02532714225411566||0.02532714225411566
日本のラジオパーソナリティ一覧||2368||2368||5||5||0.0021114864864864866||0.0021114864864864866
草なぎ剛||2360||2360||70||70||0.029661016949152543||0.029661016949152543
ダウンタウンのガキの使いやあらへんで!!の企画||2357||2357||17||17||0.007212558336868901||0.007212558336868901
国鉄115系電車||2353||2353||37||37||0.01572460688482788||0.01572460688482788
橋下徹||2352||2352||65||65||0.027636054421768707||0.027636054421768707
GLAY||2351||2351||51||51||0.021692896639727774||0.021692896639727774
D.Gray-manの登場人物||2351||2351||28||28||0.011909825606125054||0.011909825606125054
東海道新幹線||2351||2351||40||40||0.017014036580178648||0.017014036580178648
嫌韓||2349||2349||96||96||0.04086845466155811||0.04086845466155811
こちら葛飾区亀有公園前派出所の登場人物||2347||2347||51||51||0.021729867916489135||0.021729867916489135
浜松市||2345||2345||19||19||0.00810234541577825||0.00810234541577825
戦国BASARA||2343||2343||29||29||0.012377294067434912||0.012377294067434912
KAT-TUN||2341||2341||47||47||0.02007689021785562||0.02007689021785562
在日韓国・朝鮮人||2335||2335||186||186||0.07965738758029979||0.07965738758029979
小泉純一郎||2335||2335||55||55||0.023554603854389723||0.023554603854389723
日本一の一覧||2334||2334||29||29||0.012425021422450729||0.012425021422450729
日本||2332||2332||340||340||0.1457975986277873||0.1457975986277873
テニスの王子様||2330||2330||46||46||0.019742489270386267||0.019742489270386267
野球道 (フジテレビ系列)||2327||2327||4||4||0.0017189514396218307||0.0017189514396218307
サトシ (アニメポケットモンスター)||2326||2326||26||26||0.01117798796216681||0.01117798796216681
AKBINGO!||2324||2324||115||115||0.04948364888123924||0.04948364888123924
さよなら絶望先生||2313||2313||25||25||0.010808473843493299||0.010808473843493299
諏訪部順一||2312||2312||22||22||0.009515570934256055||0.009515570934256055
仮面ライダー×仮面ライダー W&ディケイド MOVIE大戦2010||2310||2310||48||48||0.02077922077922078||0.02077922077922078
ダウンタウン (お笑いコンビ)||2306||2306||27||27||0.011708586296617519||0.011708586296617519
とんねるずのみなさんのおかげでした||2304||2304||16||16||0.006944444444444444||0.006944444444444444
HUNTER×HUNTER||2299||2299||58||58||0.025228360156589823||0.025228360156589823
鋼の錬金術師の登場人物一覧/history 20120609||2299||2299||20||20||0.008699434536755112||0.008699434536755112
CLANNAD (ゲーム)||2297||2297||69||69||0.030039181541140617||0.030039181541140617
HUNTER×HUNTERの登場人物||2296||2296||42||42||0.018292682926829267||0.018292682926829267
ハヤテのごとく!||2295||2295||31||31||0.013507625272331155||0.013507625272331155
慶應義塾大学/history20130405||2294||2294||68||68||0.02964254577157803||0.02964254577157803
日本の高校野球||2292||2292||54||54||0.02356020942408377||0.02356020942408377
あまちゃん||2292||2292||40||40||0.017452006980802792||0.017452006980802792
コロンビア大学||2290||2290||12||12||0.005240174672489083||0.005240174672489083
阪神・淡路大震災||2287||2287||38||38||0.016615653694796676||0.016615653694796676
関ジャニ∞||2285||2285||38||38||0.01663019693654267||0.01663019693654267
福島第一原子力発電所事故||2283||2283||66||66||0.02890932982917214||0.02890932982917214
サンテレビジョン||2282||2282||10||10||0.0043821209465381246||0.0043821209465381246
ヤッターマン||2281||2281||14||14||0.006137658921525646||0.006137658921525646
ドキドキ!プリキュア||2281||2281||43||43||0.018851380973257344||0.018851380973257344
青森テレビ||2268||2268||8||8||0.003527336860670194||0.003527336860670194
スーパーロボット大戦シリーズ||2268||2268||16||16||0.007054673721340388||0.007054673721340388
仮面ライダー||2267||2267||39||39||0.017203352448169385||0.017203352448169385
東急田園都市線||2267||2267||56||56||0.024702249669166298||0.024702249669166298
創価学会||2267||2267||201||201||0.0886634318482576||0.0886634318482576
近畿日本鉄道||2260||2260||30||30||0.01327433628318584||0.01327433628318584
男性差別||2254||2254||109||109||0.04835847382431233||0.04835847382431233
ドラえもんの登場人物一覧||2249||2249||50||50||0.022232103156958647||0.022232103156958647
井上麻里奈||2249||2249||77||77||0.03423743886171632||0.03423743886171632
マクロスF||2248||2248||32||32||0.014234875444839857||0.014234875444839857
ちびまる子ちゃんの登場人物||2244||2244||50||50||0.022281639928698752||0.022281639928698752
スイートプリキュア♪||2244||2244||91||91||0.04055258467023173||0.04055258467023173
遊☆戯☆王デュエルモンスターズGXの登場人物||2242||2242||13||13||0.005798394290811775||0.005798394290811775
林原めぐみ||2242||2242||45||45||0.02007136485280999||0.02007136485280999
緑川光||2241||2241||21||21||0.009370816599732263||0.009370816599732263
中川翔子||2240||2240||84||84||0.0375||0.0375
みんなが出るテレビ||2238||2238||5||5||0.002234137622877569||0.002234137622877569
Nスタ||2238||2238||24||24||0.010723860589812333||0.010723860589812333
東海テレビ放送||2236||2236||12||12||0.005366726296958855||0.005366726296958855
鉄道事故||2236||2236||19||19||0.00849731663685152||0.00849731663685152
Mr.Children||2234||2234||56||56||0.025067144136078783||0.025067144136078783
若本規夫||2231||2231||25||25||0.011205737337516808||0.011205737337516808
中村悠一||2231||2231||48||48||0.021515015688032272||0.021515015688032272
いきものがかり||2228||2228||105||105||0.047127468581687613||0.047127468581687613
帰ってきたウルトラマン||2226||2226||42||42||0.018867924528301886||0.018867924528301886
モンキー・D・ルフィ||2222||2222||152||152||0.06840684068406841||0.06840684068406841
日本テレビ制作局制作番組の分野別一覧||2214||2214||5||5||0.002258355916892502||0.002258355916892502
渋谷駅||2214||2214||39||39||0.017615176151761516||0.017615176151761516
福山雅治||2212||2212||27||27||0.012206148282097649||0.012206148282097649
NTTドコモ||2211||2211||30||30||0.013568521031207599||0.013568521031207599
日本語||2210||2210||83||83||0.03755656108597285||0.03755656108597285
ニッポン放送||2210||2210||6||6||0.0027149321266968325||0.0027149321266968325
全日本空輸||2201||2201||13||13||0.005906406179009541||0.005906406179009541
プロレスリング・ノア||2200||2200||21||21||0.009545454545454546||0.009545454545454546
関智一||2197||2197||39||39||0.01775147928994083||0.01775147928994083
ACジャパン||2191||2191||41||41||0.018712916476494753||0.018712916476494753
常磐線||2191||2191||39||39||0.017800091282519397||0.017800091282519397
一関学院高等学校||2189||2189||10||10||0.0045682960255824575||0.0045682960255824575
広島テレビ放送||2186||2186||9||9||0.004117108874656907||0.004117108874656907
MAJORの登場人物||2186||2186||21||21||0.00960658737419945||0.00960658737419945
東京箱根間往復大学駅伝競走||2185||2185||9||9||0.004118993135011442||0.004118993135011442
2012年のテレビ (日本)||2185||2185||11||11||0.005034324942791762||0.005034324942791762
アニメシャワー||2184||2184||4||4||0.0018315018315018315||0.0018315018315018315
Wii/history 20130210||2184||2184||18||18||0.008241758241758242||0.008241758241758242
アンパンマン||2184||2184||29||29||0.013278388278388278||0.013278388278388278
花澤香菜||2183||2183||147||147||0.0673385249656436||0.0673385249656436
ウルトラマンティガの登場怪獣||2182||2182||27||27||0.01237396883593034||0.01237396883593034
ひぐらしのなく頃に||2180||2180||30||30||0.013761467889908258||0.013761467889908258
東京スカイツリー||2176||2176||94||94||0.043198529411764705||0.043198529411764705
保志総一朗||2171||2171||19||19||0.008751727314601566||0.008751727314601566
大塚明夫||2169||2169||13||13||0.00599354541263255||0.00599354541263255
森一夫||2169||2169||12||12||0.005532503457814661||0.005532503457814661
西日本旅客鉄道||2166||2166||39||39||0.018005540166204988||0.018005540166204988
明治大学||2166||2166||47||47||0.02169898430286242||0.02169898430286242
マスコットキャラクター一覧||2164||2164||8||8||0.0036968576709796672||0.0036968576709796672
山寺宏一||2163||2163||26||26||0.012020342117429497||0.012020342117429497
野比のび太||2159||2159||89||89||0.041222788327929596||0.041222788327929596
日本大学||2159||2159||46||46||0.021306160259379342||0.021306160259379342
FNNスーパータイム||2158||2158||8||8||0.0037071362372567192||0.0037071362372567192
アメリカ合衆国||2158||2158||31||31||0.014365152919369786||0.014365152919369786
連続テレビ小説||2157||2157||62||62||0.028743625405656004||0.028743625405656004
20世紀少年||2157||2157||40||40||0.01854427445526194||0.01854427445526194
AAA (音楽グループ)||2156||2156||41||41||0.019016697588126158||0.019016697588126158
さよなら絶望先生の登場人物||2155||2155||23||23||0.010672853828306265||0.010672853828306265
戦国無双シリーズ||2154||2154||6||6||0.002785515320334262||0.002785515320334262
関口宏の東京フレンドパークII||2153||2153||27||27||0.012540640966093822||0.012540640966093822
宇多田ヒカル||2152||2152||33||33||0.01533457249070632||0.01533457249070632
清原和博||2151||2151||41||41||0.01906090190609019||0.01906090190609019
2ちゃんねる||2149||2149||40||40||0.018613308515588647||0.018613308515588647
テレビ朝日||2148||2148||21||21||0.009776536312849162||0.009776536312849162
上地雄輔||2143||2143||63||63||0.029398040130657957||0.029398040130657957
岸尾だいすけ||2141||2141||14||14||0.006539000467071462||0.006539000467071462
Fate/stay night||2140||2140||41||41||0.019158878504672898||0.019158878504672898
ウルトラマンティガ||2139||2139||24||24||0.011220196353436185||0.011220196353436185
北斗の拳||2137||2137||15||15||0.0070191857744501636||0.0070191857744501636
ハヤテのごとく! (アニメ)||2137||2137||42||42||0.019653720168460457||0.019653720168460457
一橋大学の人物一覧||2134||2134||12||12||0.005623242736644799||0.005623242736644799
ディズニー・ヴィランズ||2131||2131||31||31||0.014547160957297044||0.014547160957297044
NMB48||2128||2128||113||113||0.0531015037593985||0.0531015037593985
在日特権を許さない市民の会||2123||2123||154||154||0.07253886010362694||0.07253886010362694
ポケットモンスターSPECIAL||2120||2120||31||31||0.014622641509433962||0.014622641509433962
東京メトロポリタンテレビジョン||2119||2119||19||19||0.008966493629070316||0.008966493629070316
バカとテストと召喚獣||2119||2119||24||24||0.011326097215667769||0.011326097215667769
神戸市||2118||2118||24||24||0.0113314447592068||0.0113314447592068
静岡放送||2118||2118||15||15||0.007082152974504249||0.007082152974504249
島田紳助||2117||2117||93||93||0.043930089749645726||0.043930089749645726
東急東横線||2116||2116||61||61||0.028827977315689982||0.028827977315689982
ラジかるッ||2114||2114||4||4||0.001892147587511826||0.001892147587511826
千葉県||2114||2114||33||33||0.015610217596972564||0.015610217596972564
岡田有希子||2108||2108||66||66||0.031309297912713474||0.031309297912713474
国鉄113系電車||2102||2102||29||29||0.01379638439581351||0.01379638439581351
岡山放送||2101||2101||2||2||9.519276534983341E-4||9.519276534983341E-4
テレビ北海道||2101||2101||14||14||0.006663493574488339||0.006663493574488339
ゲゲゲの鬼太郎の登場キャラクター/history20190113||2101||2101||16||16||0.007615421227986673||0.007615421227986673
ICOCA||2100||2100||35||35||0.016666666666666666||0.016666666666666666
タモリ倶楽部||2098||2098||10||10||0.004766444232602479||0.004766444232602479
School Days||2094||2094||42||42||0.02005730659025788||0.02005730659025788
ロケみつ||2094||2094||22||22||0.010506208213944603||0.010506208213944603
横浜駅||2093||2093||30||30||0.01433349259436216||0.01433349259436216
アドルフ・ヒトラー||2093||2093||34||34||0.016244624940277116||0.016244624940277116
Saku saku||2091||2091||20||20||0.009564801530368245||0.009564801530368245
太陽にほえろ!||2089||2089||5||5||0.0023934897079942556||0.0023934897079942556
ディープインパクト (競走馬)||2088||2088||32||32||0.01532567049808429||0.01532567049808429
パナソニック||2087||2087||35||35||0.016770483948251078||0.016770483948251078
アンパンマンの登場人物一覧||2087||2087||16||16||0.007666506947771922||0.007666506947771922
はねるのトびら||2082||2082||15||15||0.007204610951008645||0.007204610951008645
FAIRY TAIL||2080||2080||55||55||0.026442307692307692||0.026442307692307692
ポケットモンスター||2079||2079||45||45||0.021645021645021644||0.021645021645021644
イナズマイレブンGO||2079||2079||33||33||0.015873015873015872||0.015873015873015872
中居正広||2078||2078||62||62||0.029836381135707413||0.029836381135707413
アップダウンクイズ||2075||2075||8||8||0.0038554216867469878||0.0038554216867469878
天元突破グレンラガン||2073||2073||13||13||0.006271104679208876||0.006271104679208876
ビートルズ||2066||2066||32||32||0.015488867376573089||0.015488867376573089
札幌市||2066||2066||85||85||0.04114230396902226||0.04114230396902226
松田聖子||2065||2065||54||54||0.026150121065375304||0.026150121065375304
マリオ (ゲームキャラクター)||2064||2064||36||36||0.01744186046511628||0.01744186046511628
ウルトラマンタロウ||2062||2062||35||35||0.01697381183317168||0.01697381183317168
クイズマジックアカデミー||2061||2061||11||11||0.005337214944201844||0.005337214944201844
おたく||2060||2060||90||90||0.043689320388349516||0.043689320388349516
ふたりはプリキュア||2060||2060||46||46||0.02233009708737864||0.02233009708737864
テレビ東京番組一覧||2058||2058||5||5||0.0024295432458697765||0.0024295432458697765
踊る大捜査線||2056||2056||16||16||0.007782101167315175||0.007782101167315175
クレヨンしんちゃん (アニメ)||2056||2056||45||45||0.02188715953307393||0.02188715953307393
下野紘||2054||2054||97||97||0.047224926971762414||0.047224926971762414
韓国起源説||2054||2054||122||122||0.05939629990262902||0.05939629990262902
阿澄佳奈||2050||2050||87||87||0.042439024390243905||0.042439024390243905
JR東日本E231系電車||2045||2045||76||76||0.037163814180929094||0.037163814180929094
東海道本線||2044||2044||31||31||0.015166340508806261||0.015166340508806261
2ちゃんねるの歴史||2036||2036||23||23||0.011296660117878193||0.011296660117878193
ザ・キング・オブ・ファイターズ||2034||2034||4||4||0.0019665683382497543||0.0019665683382497543
八王子市||2033||2033||12||12||0.005902606984751598||0.005902606984751598
ロンドンハーツ||2031||2031||26||26||0.012801575578532743||0.012801575578532743
スーパーJチャンネル||2031||2031||15||15||0.007385524372230428||0.007385524372230428
日立 世界・ふしぎ発見!||2027||2027||32||32||0.015786877158362113||0.015786877158362113
東京国際空港||2027||2027||33||33||0.016280217069560926||0.016280217069560926
名古屋テレビ放送||2026||2026||5||5||0.0024679170779861796||0.0024679170779861796
ゲームセンターCXの放送内容||2021||2021||11||11||0.0054428500742206825||0.0054428500742206825
ちびまる子ちゃん||2020||2020||37||37||0.018316831683168316||0.018316831683168316
スーパー戦隊シリーズ登場敵対勢力一覧||2020||2020||75||75||0.03712871287128713||0.03712871287128713
ゆず (音楽グループ)||2019||2019||19||19||0.009410599306587419||0.009410599306587419
深夜アニメ||2018||2018||9||9||0.0044598612487611496||0.0044598612487611496
初音ミク||2018||2018||111||111||0.055004955401387515||0.055004955401387515
リンカーン (テレビ番組)||2013||2013||14||14||0.006954793840039742||0.006954793840039742
Suica||2012||2012||56||56||0.027833001988071572||0.027833001988071572
るろうに剣心 -明治剣客浪漫譚-の登場人物一覧||2012||2012||31||31||0.015407554671968192||0.015407554671968192
都市伝説||2011||2011||16||16||0.007956240676280457||0.007956240676280457
秘密のケンミンSHOW||2008||2008||74||74||0.036852589641434265||0.036852589641434265
仮面ライダークウガ||2007||2007||36||36||0.017937219730941704||0.017937219730941704
ボボボーボ・ボーボボ||2007||2007||16||16||0.007972097658196313||0.007972097658196313
飛田展男||2006||2006||31||31||0.015453639082751745||0.015453639082751745
東日本大震災||2006||2006||60||60||0.02991026919242273||0.02991026919242273
あぶない刑事||2001||2001||6||6||0.0029985007496251873||0.0029985007496251873
新庄剛志||1999||1999||19||19||0.009504752376188095||0.009504752376188095
頭文字D||1998||1998||19||19||0.00950950950950951||0.00950950950950951
東武伊勢崎線||1997||1997||28||28||0.014021031547320982||0.014021031547320982
PlayStation Portable||1997||1997||29||29||0.014521782674011016||0.014521782674011016
テイルズ オブ ヴェスペリア||1997||1997||56||56||0.028042063094641963||0.028042063094641963
武装錬金||1995||1995||7||7||0.0035087719298245615||0.0035087719298245615
盛岡市||1993||1993||12||12||0.006021073758153537||0.006021073758153537
SKET DANCE||1993||1993||52||52||0.02609131961866533||0.02609131961866533
魔法戦隊マジレンジャー||1991||1991||16||16||0.00803616273229533||0.00803616273229533
日本大学の人物一覧||1991||1991||16||16||0.00803616273229533||0.00803616273229533
ザ・ベストテン||1990||1990||7||7||0.0035175879396984926||0.0035175879396984926
星野仙一||1988||1988||53||53||0.02665995975855131||0.02665995975855131
学園アリス||1987||1987||9||9||0.004529441368897836||0.004529441368897836
朝鮮民主主義人民共和国||1985||1985||104||104||0.05239294710327456||0.05239294710327456
鳩山由紀夫||1984||1984||140||140||0.07056451612903226||0.07056451612903226
日本プロ野球||1982||1982||33||33||0.016649848637739658||0.016649848637739658
中村俊輔||1982||1982||109||109||0.0549949545913219||0.0549949545913219
置鮎龍太郎||1980||1980||25||25||0.012626262626262626||0.012626262626262626
三木眞一郎||1979||1979||18||18||0.009095502779181405||0.009095502779181405
F-15 (戦闘機)||1978||1978||28||28||0.014155712841253791||0.014155712841253791
玄田哲章||1975||1975||30||30||0.015189873417721518||0.015189873417721518
テレビ愛知||1972||1972||14||14||0.007099391480730223||0.007099391480730223
中国放送||1969||1969||9||9||0.0045708481462671405||0.0045708481462671405
ウエンツ瑛士||1968||1968||12||12||0.006097560975609756||0.006097560975609756
中央線快速||1967||1967||40||40||0.020335536349771224||0.020335536349771224
名古屋鉄道||1966||1966||23||23||0.011698880976602238||0.011698880976602238
瀬戸内海放送||1966||1966||5||5||0.00254323499491353||0.00254323499491353
北日本放送||1964||1964||14||14||0.007128309572301426||0.007128309572301426
賭博黙示録カイジ||1962||1962||18||18||0.009174311926605505||0.009174311926605505
池袋駅||1962||1962||31||31||0.01580020387359837||0.01580020387359837
関西テレビ放送||1961||1961||41||41||0.020907700152983173||0.020907700152983173
井上喜久子||1961||1961||24||24||0.01223865374808771||0.01223865374808771
NARUTO -ナルト-の術||1959||1959||25||25||0.012761613067891782||0.012761613067891782
爆笑オンエアバトル||1956||1956||11||11||0.005623721881390593||0.005623721881390593
名探偵コナン||1956||1956||48||48||0.024539877300613498||0.024539877300613498
NARUTO -ナルト- 疾風伝||1956||1956||24||24||0.012269938650306749||0.012269938650306749
笑っていいとも!レギュラー出演者一覧||1956||1956||21||21||0.010736196319018405||0.010736196319018405
くりぃむしちゅーのオールナイトニッポン||1955||1955||15||15||0.0076726342710997444||0.0076726342710997444
小西克幸||1954||1954||67||67||0.03428863868986694||0.03428863868986694
茨城県||1952||1952||49||49||0.025102459016393443||0.025102459016393443
L'Arc〜en〜Ciel||1951||1951||37||37||0.018964633521271142||0.018964633521271142
兵庫県出身の人物一覧||1951||1951||9||9||0.0046130189646335215||0.0046130189646335215
ウルトラセブン||1951||1951||46||46||0.023577652485904665||0.023577652485904665
FNSの日||1948||1948||63||63||0.03234086242299795||0.03234086242299795
豊臣秀吉||1947||1947||76||76||0.03903441191576785||0.03903441191576785
福井放送||1946||1946||7||7||0.0035971223021582736||0.0035971223021582736
News zero||1946||1946||36||36||0.018499486125385406||0.018499486125385406
自殺||1943||1943||45||45||0.023160061760164694||0.023160061760164694
ONE PIECEの用語一覧||1943||1943||175||175||0.09006690684508492||0.09006690684508492
昭和天皇||1942||1942||32||32||0.016477857878475798||0.016477857878475798
小林ゆう||1939||1939||50||50||0.025786487880350695||0.025786487880350695
秘密結社鷹の爪||1936||1936||7||7||0.003615702479338843||0.003615702479338843
鳥人戦隊ジェットマン||1934||1934||18||18||0.009307135470527405||0.009307135470527405
本田技研工業||1934||1934||22||22||0.011375387797311272||0.011375387797311272
ひだまりスケッチ||1933||1933||30||30||0.015519917227108122||0.015519917227108122
護廷十三隊||1930||1930||22||22||0.011398963730569948||0.011398963730569948
魔法先生ネギま!の登場人物||1929||1929||24||24||0.012441679626749611||0.012441679626749611
小室哲哉||1929||1929||16||16||0.00829445308449974||0.00829445308449974
読売ジャイアンツの選手一覧||1928||1928||56||56||0.029045643153526972||0.029045643153526972
風林火山 (NHK大河ドラマ)||1927||1927||39||39||0.020238713025428127||0.020238713025428127
アイシールド21の登場人物||1927||1927||10||10||0.005189413596263622||0.005189413596263622
フレッシュプリキュア!||1926||1926||71||71||0.03686396677050883||0.03686396677050883
悪魔の実||1925||1925||250||250||0.12987012987012986||0.12987012987012986
とんねるず||1924||1924||22||22||0.011434511434511435||0.011434511434511435
IS 〈インフィニット・ストラトス〉||1922||1922||50||50||0.026014568158168574||0.026014568158168574
鉄拳の登場人物||1922||1922||43||43||0.022372528616024973||0.022372528616024973
大乱闘スマッシュブラザーズシリーズ||1921||1921||40||40||0.020822488287350338||0.020822488287350338
ローソン||1917||1917||13||13||0.006781429316640584||0.006781429316640584
岐阜放送||1913||1913||8||8||0.004181913225300575||0.004181913225300575
ドラゴンクエストV 天空の花嫁||1913||1913||23||23||0.012023000522739153||0.012023000522739153
伊集院光||1912||1912||18||18||0.009414225941422594||0.009414225941422594
杉原千畝||1912||1912||5||5||0.002615062761506276||0.002615062761506276
サザンオールスターズ||1912||1912||23||23||0.01202928870292887||0.01202928870292887
モンスターハンター||1911||1911||48||48||0.02511773940345369||0.02511773940345369
仮面ライダー龍騎||1910||1910||27||27||0.014136125654450262||0.014136125654450262
徳光和夫||1908||1908||24||24||0.012578616352201259||0.012578616352201259
福岡市||1908||1908||31||31||0.016247379454926623||0.016247379454926623
進撃の巨人||1907||1907||45||45||0.023597273203985317||0.023597273203985317
2012年の日本競馬||1906||1906||2||2||0.001049317943336831||0.001049317943336831
埼玉西武ライオンズ||1905||1905||27||27||0.014173228346456693||0.014173228346456693
ニコニコ動画||1905||1905||50||50||0.026246719160104987||0.026246719160104987
埼玉県出身の人物一覧||1905||1905||12||12||0.006299212598425197||0.006299212598425197
JR東日本E233系電車||1903||1903||119||119||0.0625328428796637||0.0625328428796637
アニメ作品一覧||1901||1901||1||1||5.260389268805891E-4||5.260389268805891E-4
死刑存廃問題||1901||1901||33||33||0.017359284587059442||0.017359284587059442
松本潤||1901||1901||59||59||0.03103629668595476||0.03103629668595476
KARA||1899||1899||47||47||0.024749868351764088||0.024749868351764088
京阪本線||1898||1898||23||23||0.012118018967334035||0.012118018967334035
テレビせとうち||1898||1898||49||49||0.025816649104320338||0.025816649104320338
発車メロディ||1897||1897||7||7||0.0036900369003690036||0.0036900369003690036
MOTHER3||1896||1896||8||8||0.004219409282700422||0.004219409282700422
仮面ライダーアギト||1892||1892||24||24||0.012684989429175475||0.012684989429175475
エホバの証人||1891||1891||65||65||0.03437334743521946||0.03437334743521946
BB戦士三国伝||1887||1887||28||28||0.01483836777954425||0.01483836777954425
長澤まさみ||1885||1885||65||65||0.034482758620689655||0.034482758620689655
SMAP×SMAP||1883||1883||17||17||0.009028146574614976||0.009028146574614976
戊辰戦争||1883||1883||39||39||0.020711630377057887||0.020711630377057887
神のみぞ知るセカイ||1881||1881||45||45||0.023923444976076555||0.023923444976076555
札幌テレビ放送||1880||1880||13||13||0.006914893617021276||0.006914893617021276
東條英機||1879||1879||51||51||0.027142096860031932||0.027142096860031932
ビートたけし||1878||1878||46||46||0.024494142705005325||0.024494142705005325
京阪電気鉄道||1878||1878||25||25||0.013312034078807242||0.013312034078807242
喜多村英梨||1877||1877||55||55||0.02930207778369739||0.02930207778369739
絶対可憐チルドレン||1877||1877||23||23||0.012253596164091636||0.012253596164091636
ちい散歩||1876||1876||34||34||0.01812366737739872||0.01812366737739872
トヨタ・カローラ||1875||1875||24||24||0.0128||0.0128
日本のプロ野球選手一覧||1874||1874||7||7||0.003735325506937033||0.003735325506937033
ネコ||1870||1870||88||88||0.047058823529411764||0.047058823529411764
大原大次郎||1869||1869||20||20||0.010700909577314071||0.010700909577314071
実況パワフルプロ野球||1868||1868||13||13||0.006959314775160599||0.006959314775160599
暴れん坊将軍||1868||1868||10||10||0.0053533190578158455||0.0053533190578158455
中京テレビ放送||1866||1866||9||9||0.00482315112540193||0.00482315112540193
アダルトゲーム一覧||1865||1865||5||5||0.002680965147453083||0.002680965147453083
2ちゃんねらー||1862||1862||41||41||0.02201933404940924||0.02201933404940924
大泉洋||1860||1860||24||24||0.012903225806451613||0.012903225806451613
JR西日本223系電車||1859||1859||42||42||0.022592791823561054||0.022592791823561054
近鉄特急||1859||1859||30||30||0.01613770844540075||0.01613770844540075
仮面ライダーSPIRITS||1857||1857||7||7||0.003769520732364028||0.003769520732364028
横浜市||1856||1856||30||30||0.016163793103448277||0.016163793103448277
東北新幹線||1854||1854||34||34||0.018338727076591153||0.018338727076591153
Oha!4 NEWS LIVE||1854||1854||14||14||0.007551240560949299||0.007551240560949299
ORANGE RANGE||1854||1854||52||52||0.028047464940668825||0.028047464940668825
伊藤静||1852||1852||52||52||0.028077753779697623||0.028077753779697623
〈物語〉シリーズ||1851||1851||55||55||0.02971366828741221||0.02971366828741221
熊本市||1851||1851||39||39||0.02106969205834684||0.02106969205834684
金妍兒||1848||1848||166||166||0.08982683982683982||0.08982683982683982
Kis-My-Ft2||1847||1847||92||92||0.04981050351922036||0.04981050351922036
龍馬伝||1846||1846||74||74||0.04008667388949079||0.04008667388949079
たまごっち!||1845||1845||38||38||0.020596205962059622||0.020596205962059622
アニメ関係者一覧||1844||1844||3||3||0.0016268980477223427||0.0016268980477223427
讀賣テレビ放送||1843||1843||14||14||0.007596310363537711||0.007596310363537711
神奈川県出身の人物一覧||1840||1840||11||11||0.005978260869565218||0.005978260869565218
ASIAN KUNG-FU GENERATION||1838||1838||13||13||0.007072905331882481||0.007072905331882481
川澄綾子||1837||1837||17||17||0.009254218835057159||0.009254218835057159
小池徹平||1836||1836||12||12||0.006535947712418301||0.006535947712418301
ウルトラマンダイナの登場怪獣||1835||1835||19||19||0.010354223433242507||0.010354223433242507
今井麻美||1835||1835||43||43||0.023433242506811988||0.023433242506811988
ラジオ・チャリティー・ミュージックソン||1833||1833||18||18||0.009819967266775777||0.009819967266775777
東京都立日比谷高等学校||1831||1831||19||19||0.010376843255051884||0.010376843255051884
国鉄205系電車||1831||1831||82||82||0.04478427089022392||0.04478427089022392
北九州市||1831||1831||35||35||0.019115237575095576||0.019115237575095576
小笠原道大||1830||1830||65||65||0.03551912568306011||0.03551912568306011
新世紀エヴァンゲリオンの登場人物||1828||1828||14||14||0.007658643326039387||0.007658643326039387
夜のヒットスタジオ||1827||1827||2||2||0.0010946907498631637||0.0010946907498631637
プリキュアシリーズ||1825||1825||85||85||0.04657534246575343||0.04657534246575343
テイルズ オブ シリーズ||1824||1824||34||34||0.01864035087719298||0.01864035087719298
茅原実里||1824||1824||36||36||0.019736842105263157||0.019736842105263157
テイルズ オブ シンフォニア||1823||1823||7||7||0.0038398244651673065||0.0038398244651673065
シャーリー・テンプル||1821||1821||0||0||0.0||0.0
山口勝平||1820||1820||29||29||0.015934065934065933||0.015934065934065933
機動戦士ガンダムSEEDの登場人物||1820||1820||15||15||0.008241758241758242||0.008241758241758242
山口放送||1818||1818||3||3||0.0016501650165016502||0.0016501650165016502
DRAGON GATE||1818||1818||31||31||0.017051705170517052||0.017051705170517052
バクマン。||1817||1817||50||50||0.0275178866263071||0.0275178866263071
鋼の錬金術師||1815||1815||61||61||0.03360881542699724||0.03360881542699724
FOMA||1814||1814||1||1||5.512679162072767E-4||5.512679162072767E-4
日本の女優一覧||1814||1814||11||11||0.006063947078280044||0.006063947078280044
日本の城一覧||1813||1813||8||8||0.00441257584114727||0.00441257584114727
金沢市||1812||1812||12||12||0.006622516556291391||0.006622516556291391
東京ドーム||1811||1811||29||29||0.01601325234676974||0.01601325234676974
ソウルイーター||1811||1811||20||20||0.011043622308117063||0.011043622308117063
To LOVEる -とらぶる-||1807||1807||36||36||0.01992252351964582||0.01992252351964582
ラーメン||1807||1807||49||49||0.027116768123962368||0.027116768123962368
ウルトラマンレオ||1805||1805||53||53||0.029362880886426593||0.029362880886426593
ネット右翼||1805||1805||223||223||0.12354570637119114||0.12354570637119114
天皇||1804||1804||98||98||0.05432372505543237||0.05432372505543237
UVERworld||1802||1802||45||45||0.024972253052164262||0.024972253052164262
小清水亜美||1802||1802||53||53||0.029411764705882353||0.029411764705882353
仮面ライダー剣||1800||1800||36||36||0.02||0.02
ウルトラマンメビウスの登場怪獣||1798||1798||7||7||0.00389321468298109||0.00389321468298109
アニメ+/history20190113||1797||1797||13||13||0.007234279354479688||0.007234279354479688
るろうに剣心 -明治剣客浪漫譚-||1794||1794||15||15||0.008361204013377926||0.008361204013377926
北海道コンサドーレ札幌||1793||1793||30||30||0.016731734523145567||0.016731734523145567
指原莉乃||1793||1793||179||179||0.09983268265476855||0.09983268265476855
A&G 超RADIO SHOW〜アニスパ!〜||1792||1792||12||12||0.006696428571428571||0.006696428571428571
レアル・マドリード||1791||1791||23||23||0.012841987716359575||0.012841987716359575
大塚愛||1791||1791||57||57||0.031825795644891124||0.031825795644891124
ベトナム戦争||1790||1790||19||19||0.010614525139664804||0.010614525139664804
MAJOR||1789||1789||18||18||0.010061486864169928||0.010061486864169928
江頭2:50||1789||1789||38||38||0.021240916713247623||0.021240916713247623
それいけ!アンパンマン||1788||1788||78||78||0.0436241610738255||0.0436241610738255
GANTZ||1787||1787||26||26||0.014549524342473419||0.014549524342473419
訃報 2009年||1785||1785||11||11||0.0061624649859943975||0.0061624649859943975
ボウリング革命 P★League||1784||1784||18||18||0.010089686098654708||0.010089686098654708
FCバルセロナ||1783||1783||8||8||0.00448681996634885||0.00448681996634885
日本の男優一覧||1781||1781||11||11||0.006176305446378439||0.006176305446378439
オレたちひょうきん族||1780||1780||25||25||0.014044943820224719||0.014044943820224719
宝塚歌劇団||1779||1779||13||13||0.007307476110174255||0.007307476110174255
DDTプロレスリング||1779||1779||1||1||5.621135469364812E-4||5.621135469364812E-4
藤原啓治||1778||1778||20||20||0.01124859392575928||0.01124859392575928
うたばん||1777||1777||35||35||0.019696117051209903||0.019696117051209903
白鵬翔||1777||1777||36||36||0.020258863252673044||0.020258863252673044
福島テレビ||1776||1776||10||10||0.00563063063063063||0.00563063063063063
広島電鉄||1776||1776||22||22||0.012387387387387387||0.012387387387387387
クレヨンしんちゃんの登場人物一覧||1776||1776||40||40||0.02252252252252252||0.02252252252252252
忍たま乱太郎||1775||1775||28||28||0.015774647887323943||0.015774647887323943
脳内エステ IQサプリ||1774||1774||17||17||0.009582863585118376||0.009582863585118376
九州王朝説||1774||1774||29||29||0.016347237880496055||0.016347237880496055
ごちそうさん (2013年のテレビドラマ)||1773||1773||25||25||0.01410039481105471||0.01410039481105471
きらりん☆レボリューション||1770||1770||21||21||0.011864406779661017||0.011864406779661017
大阪府||1769||1769||40||40||0.022611644997173545||0.022611644997173545
山陽新幹線||1769||1769||27||27||0.015262860373092142||0.015262860373092142
国鉄201系電車||1766||1766||64||64||0.0362400906002265||0.0362400906002265
クイズ$ミリオネア||1766||1766||9||9||0.005096262740656852||0.005096262740656852
テレビ埼玉||1766||1766||8||8||0.004530011325028313||0.004530011325028313
任天堂||1763||1763||30||30||0.017016449234259785||0.017016449234259785
西武鉄道||1763||1763||27||27||0.015314804310833806||0.015314804310833806
東海ラジオ放送||1763||1763||2||2||0.0011344299489506524||0.0011344299489506524
中田英寿||1762||1762||32||32||0.018161180476730987||0.018161180476730987
宮崎駿||1762||1762||43||43||0.024404086265607264||0.024404086265607264
ニート||1760||1760||35||35||0.019886363636363636||0.019886363636363636
釧路市||1759||1759||25||25||0.014212620807276862||0.014212620807276862
リンカーンの企画・コーナー||1759||1759||5||5||0.0028425241614553724||0.0028425241614553724
坂本真綾||1758||1758||35||35||0.019908987485779295||0.019908987485779295
鳥海浩輔||1757||1757||24||24||0.013659647125782584||0.013659647125782584
地上デジタルテレビ放送||1756||1756||16||16||0.009111617312072893||0.009111617312072893
ウルトラマンダイナ||1756||1756||17||17||0.00968109339407745||0.00968109339407745
アメリカ同時多発テロ事件||1755||1755||25||25||0.014245014245014245||0.014245014245014245
サンフレッチェ広島F.C||1754||1754||23||23||0.013112884834663626||0.013112884834663626
アメリカ横断ウルトラクイズの各大会の詳細||1753||1753||8||8||0.004563605248146035||0.004563605248146035
テレビ大阪||1752||1752||14||14||0.007990867579908675||0.007990867579908675
全国高校野球選手権大会中継||1752||1752||5||5||0.0028538812785388126||0.0028538812785388126
天皇賞||1750||1750||17||17||0.009714285714285713||0.009714285714285713
ロウきゅーぶ!||1749||1749||45||45||0.025728987993138937||0.025728987993138937
東方Projectの登場人物||1749||1749||71||71||0.04059462550028588||0.04059462550028588
堂本光一||1745||1745||12||12||0.006876790830945559||0.006876790830945559
キャプテン翼の登場人物||1744||1744||34||34||0.0194954128440367||0.0194954128440367
Dr.スランプ||1744||1744||20||20||0.011467889908256881||0.011467889908256881
広島ホームテレビ||1743||1743||3||3||0.0017211703958691911||0.0017211703958691911
PASMO||1743||1743||37||37||0.021227768215720023||0.021227768215720023
天地人 (NHK大河ドラマ)||1742||1742||68||68||0.03903559127439724||0.03903559127439724
松浦亜弥||1741||1741||35||35||0.020103388856978748||0.020103388856978748
NHKニュースおはよう日本||1740||1740||21||21||0.01206896551724138||0.01206896551724138
スーパー戦隊Vシネマ||1740||1740||17||17||0.009770114942528735||0.009770114942528735
小諸藩牧野氏の家臣団||1740||1740||1||1||5.747126436781609E-4||5.747126436781609E-4
ドイツ||1739||1739||42||42||0.024151811385853938||0.024151811385853938
News every.||1739||1739||35||35||0.020126509488211614||0.020126509488211614
魔人探偵脳噛ネウロの登場人物||1738||1738||7||7||0.004027617951668585||0.004027617951668585
慰安婦||1738||1738||79||79||0.045454545454545456||0.045454545454545456
エフエム東京||1737||1737||4||4||0.002302820955670697||0.002302820955670697
鋼の錬金術師の主要な登場人物||1735||1735||57||57||0.032853025936599424||0.032853025936599424
ゲームセンターCX 有野の挑戦||1735||1735||28||28||0.016138328530259365||0.016138328530259365
朴ロ美||1734||1734||34||34||0.0196078431372549||0.0196078431372549
豊橋市||1733||1733||23||23||0.013271783035199077||0.013271783035199077
JR東日本209系電車||1730||1730||115||115||0.06647398843930635||0.06647398843930635
笑点Jr.||1729||1729||9||9||0.005205320994794679||0.005205320994794679
ペルソナ4||1729||1729||22||22||0.012724117987275883||0.012724117987275883
2010年のテレビ (日本)||1728||1728||7||7||0.004050925925925926||0.004050925925925926
竹島 (島根県)||1728||1728||52||52||0.03009259259259259||0.03009259259259259
東京急行電鉄||1727||1727||38||38||0.022003474232773594||0.022003474232773594
さいたま市||1727||1727||39||39||0.0225825130283729||0.0225825130283729
BLOODY MONDAY||1727||1727||28||28||0.016213086276780544||0.016213086276780544
1982年||1726||1726||9||9||0.005214368482039398||0.005214368482039398
千葉県出身の人物一覧||1726||1726||12||12||0.006952491309385863||0.006952491309385863
フジテレビ番組一覧||1726||1726||4||4||0.002317497103128621||0.002317497103128621
NEWS23||1723||1723||32||32||0.01857225769007545||0.01857225769007545
松本市||1721||1721||18||18||0.010459035444509006||0.010459035444509006
ドラゴンボール改||1721||1721||98||98||0.05694363742010459||0.05694363742010459
ポーランド||1718||1718||10||10||0.005820721769499418||0.005820721769499418
ローゼンメイデンの登場人物一覧||1718||1718||28||28||0.01629802095459837||0.01629802095459837
爆竜戦隊アバレンジャー||1715||1715||13||13||0.007580174927113703||0.007580174927113703
香港||1715||1715||24||24||0.013994169096209912||0.013994169096209912
テイルズ オブ シリーズの術技形態||1714||1714||2||2||0.0011668611435239206||0.0011668611435239206
同性愛||1714||1714||71||71||0.041423570595099185||0.041423570595099185
朝日新聞||1714||1714||95||95||0.05542590431738623||0.05542590431738623
ムヒョとロージーの魔法律相談事務所||1711||1711||6||6||0.0035067212156633548||0.0035067212156633548
桑島法子||1710||1710||18||18||0.010526315789473684||0.010526315789473684
テレフォンショッキング||1710||1710||28||28||0.016374269005847954||0.016374269005847954
おおきく振りかぶって||1710||1710||12||12||0.007017543859649123||0.007017543859649123
ラグナロクオンライン||1708||1708||9||9||0.005269320843091335||0.005269320843091335
IPhone||1708||1708||37||37||0.021662763466042154||0.021662763466042154
三島由紀夫||1707||1707||24||24||0.014059753954305799||0.014059753954305799
WWE||1707||1707||6||6||0.0035149384885764497||0.0035149384885764497
コンビニATM||1706||1706||5||5||0.0029308323563892145||0.0029308323563892145
小田急小田原線||1705||1705||25||25||0.01466275659824047||0.01466275659824047
To LOVEる -とらぶる-の登場人物||1705||1705||35||35||0.020527859237536656||0.020527859237536656
四国放送||1704||1704||9||9||0.00528169014084507||0.00528169014084507
法政大学||1704||1704||30||30||0.017605633802816902||0.017605633802816902
ルパン三世||1703||1703||17||17||0.009982384028185555||0.009982384028185555
ウルトラマンA||1701||1701||44||44||0.02586713697824809||0.02586713697824809
安田章大||1701||1701||5||5||0.0029394473838918285||0.0029394473838918285
ダイヤのA||1701||1701||7||7||0.00411522633744856||0.00411522633744856
コードギアスシリーズの登場人物||1700||1700||9||9||0.005294117647058823||0.005294117647058823
大島優子||1700||1700||171||171||0.10058823529411764||0.10058823529411764
北斗の拳の登場人物一覧||1697||1697||7||7||0.0041249263406010605||0.0041249263406010605
真・三國無双シリーズ||1697||1697||44||44||0.02592810842663524||0.02592810842663524
インド||1696||1696||35||35||0.020636792452830188||0.020636792452830188
美少女戦士セーラームーンの登場人物||1695||1695||15||15||0.008849557522123894||0.008849557522123894
相模原市||1694||1694||16||16||0.009445100354191263||0.009445100354191263
おはよう朝日です||1694||1694||12||12||0.0070838252656434475||0.0070838252656434475
ミュージックステーションスーパーライブ||1694||1694||17||17||0.010035419126328217||0.010035419126328217
ニッポン放送番組一覧||1694||1694||9||9||0.005312868949232586||0.005312868949232586
ユニバーサル・スタジオ・ジャパン||1694||1694||14||14||0.008264462809917356||0.008264462809917356
プロレスラー一覧||1693||1693||3||3||0.0017720023626698169||0.0017720023626698169
下関市||1692||1692||26||26||0.015366430260047281||0.015366430260047281
柿原徹也||1690||1690||24||24||0.014201183431952662||0.014201183431952662
カードキャプターさくら||1689||1689||34||34||0.020130254588513915||0.020130254588513915
吉田拓郎||1689||1689||10||10||0.005920663114268798||0.005920663114268798
ハイスクールD×D||1688||1688||14||14||0.008293838862559242||0.008293838862559242
太平洋戦争||1688||1688||48||48||0.02843601895734597||0.02843601895734597
青森県出身の人物一覧||1687||1687||8||8||0.004742145820983995||0.004742145820983995
BSテレビ東京||1686||1686||8||8||0.004744958481613286||0.004744958481613286
新垣結衣||1684||1684||80||80||0.047505938242280284||0.047505938242280284
王下七武海||1683||1683||252||252||0.1497326203208556||0.1497326203208556
逸見政孝||1681||1681||8||8||0.004759071980963712||0.004759071980963712
金曜ロードSHOW!||1681||1681||11||11||0.006543723973825104||0.006543723973825104
イギリス||1681||1681||62||62||0.036882807852468766||0.036882807852468766
革命機ヴァルヴレイヴ||1680||1680||25||25||0.01488095238095238||0.01488095238095238
上杉謙信||1679||1679||65||65||0.03871351995235259||0.03871351995235259
電車でGO!||1678||1678||30||30||0.017878426698450536||0.017878426698450536
松任谷由実||1677||1677||14||14||0.008348240906380441||0.008348240906380441
花ざかりの君たちへ||1677||1677||15||15||0.008944543828264758||0.008944543828264758
高橋広樹||1676||1676||5||5||0.0029832935560859188||0.0029832935560859188
聖闘士星矢Ω登場人物一覧||1676||1676||34||34||0.02028639618138425||0.02028639618138425
真選組||1674||1674||4||4||0.0023894862604540022||0.0023894862604540022
2009年新型インフルエンザの世界的流行||1674||1674||36||36||0.021505376344086023||0.021505376344086023
阪和線||1673||1673||28||28||0.016736401673640166||0.016736401673640166
リトルバスターズ!||1673||1673||37||37||0.02211595935445308||0.02211595935445308
立命館大学||1673||1673||36||36||0.021518230723251645||0.021518230723251645
仮面ライダー響鬼||1672||1672||14||14||0.008373205741626795||0.008373205741626795
ビーイング||1671||1671||11||11||0.006582884500299222||0.006582884500299222
中井正広のブラックバラエティ||1671||1671||6||6||0.003590664272890485||0.003590664272890485
東海旅客鉄道||1670||1670||34||34||0.02035928143712575||0.02035928143712575
曲名一覧||1668||1668||2||2||0.001199040767386091||0.001199040767386091
京都市||1668||1668||30||30||0.017985611510791366||0.017985611510791366
長寿番組の一覧||1668||1668||10||10||0.005995203836930456||0.005995203836930456
ジャッキー・チェン||1663||1663||20||20||0.012026458208057728||0.012026458208057728
ウルトラマンガイア||1663||1663||11||11||0.00661455201443175||0.00661455201443175
くりぃむナントカ||1663||1663||8||8||0.004810583283223091||0.004810583283223091
高崎市||1663||1663||7||7||0.004209260372820205||0.004209260372820205
ゴッドタン||1662||1662||7||7||0.00421179302045728||0.00421179302045728
幽☆遊☆白書の登場人物一覧||1662||1662||6||6||0.0036101083032490976||0.0036101083032490976
高橋みなみ||1661||1661||149||149||0.0897049969897652||0.0897049969897652
ザ・キング・オブ・ファイターズの登場人物||1660||1660||8||8||0.004819277108433735||0.004819277108433735
日本お笑い史||1659||1659||7||7||0.004219409282700422||0.004219409282700422
デビルメイクライシリーズ||1659||1659||20||20||0.012055455093429777||0.012055455093429777
東芝||1657||1657||14||14||0.008449004224502113||0.008449004224502113
日産・スカイライン||1656||1656||19||19||0.011473429951690822||0.011473429951690822
テレビ朝日番組一覧||1656||1656||9||9||0.005434782608695652||0.005434782608695652
チュートリアル (お笑いコンビ)||1656||1656||9||9||0.005434782608695652||0.005434782608695652
機動戦士ガンダムUC||1656||1656||37||37||0.022342995169082124||0.022342995169082124
Pop'n musicの登場キャラクター||1656||1656||10||10||0.006038647342995169||0.006038647342995169
トランスフォーマー/リベンジ||1655||1655||15||15||0.00906344410876133||0.00906344410876133
武豊||1654||1654||48||48||0.02902055622732769||0.02902055622732769
NHK放送センター||1652||1652||25||25||0.01513317191283293||0.01513317191283293
王様のブランチ||1652||1652||21||21||0.012711864406779662||0.012711864406779662
エア・ギア||1651||1651||3||3||0.0018170805572380376||0.0018170805572380376
過去に存在したダイエーの店舗||1651||1651||2||2||0.0012113870381586917||0.0012113870381586917
萌え||1650||1650||31||31||0.018787878787878787||0.018787878787878787
ニンテンドーDS||1649||1649||21||21||0.012734990903577926||0.012734990903577926
レミオロメン||1649||1649||21||21||0.012734990903577926||0.012734990903577926
埼玉県||1649||1649||29||29||0.01758641600970285||0.01758641600970285
京成電鉄||1649||1649||24||24||0.014554275318374773||0.014554275318374773
井上和彦 (声優)||1647||1647||15||15||0.009107468123861567||0.009107468123861567
遊佐浩二||1647||1647||14||14||0.008500303582270795||0.008500303582270795
郷里大輔||1646||1646||56||56||0.03402187120291616||0.03402187120291616
鹿児島県出身の人物一覧||1644||1644||12||12||0.0072992700729927005||0.0072992700729927005
日本のアナウンサー一覧||1644||1644||8||8||0.004866180048661801||0.004866180048661801
ニンテンドーDSのゲームタイトル一覧||1643||1643||10||10||0.006086427267194157||0.006086427267194157
ARIA (漫画)||1641||1641||21||21||0.012797074954296161||0.012797074954296161
メインページ||1640||1640||5||5||0.003048780487804878||0.003048780487804878
東北学院大学||1640||1640||2||2||0.0012195121951219512||0.0012195121951219512
ヨシフ・スターリン||1640||1640||14||14||0.00853658536585366||0.00853658536585366
ひるおび!||1640||1640||26||26||0.015853658536585366||0.015853658536585366
ベガルタ仙台||1639||1639||8||8||0.004881025015253203||0.004881025015253203
岩手県出身の人物一覧||1638||1638||3||3||0.0018315018315018315||0.0018315018315018315
大宮駅 (埼玉県)||1637||1637||35||35||0.021380574221136223||0.021380574221136223
鹿児島テレビ放送||1637||1637||12||12||0.007330482590103849||0.007330482590103849
大江戸捜査網||1636||1636||6||6||0.003667481662591687||0.003667481662591687
青森朝日放送||1635||1635||1||1||6.116207951070336E-4||6.116207951070336E-4
東京タワー||1634||1634||26||26||0.01591187270501836||0.01591187270501836
ミュ〜コミ+プラス||1634||1634||4||4||0.0024479804161566705||0.0024479804161566705
全国高等学校野球選手権大会||1634||1634||13||13||0.00795593635250918||0.00795593635250918
日本の女性専用車両||1633||1633||55||55||0.03368034292712799||0.03368034292712799
井上真央||1633||1633||52||52||0.03184323331292101||0.03184323331292101
魔法少女リリカルなのはシリーズの登場人物||1632||1632||23||23||0.014093137254901961||0.014093137254901961
公明党||1631||1631||34||34||0.020846106683016553||0.020846106683016553
笑福亭鶴瓶||1631||1631||18||18||0.011036174126302882||0.011036174126302882
杉山紀彰||1630||1630||11||11||0.006748466257668712||0.006748466257668712
専修大学の人物一覧||1630||1630||9||9||0.005521472392638037||0.005521472392638037
岡村隆史||1630||1630||24||24||0.014723926380368098||0.014723926380368098
必殺シリーズ||1627||1627||17||17||0.010448678549477565||0.010448678549477565
新婚さんいらっしゃい!||1627||1627||6||6||0.0036877688998156115||0.0036877688998156115
クロノス (テレビ番組)||1627||1627||13||13||0.007990165949600492||0.007990165949600492
TVQ九州放送||1624||1624||5||5||0.003078817733990148||0.003078817733990148
秋元康||1622||1622||82||82||0.05055487053020962||0.05055487053020962
新幹線N700系電車||1620||1620||71||71||0.043827160493827164||0.043827160493827164
スカッとゴルフ パンヤ||1620||1620||2||2||0.0012345679012345679||0.0012345679012345679
みつどもえ||1620||1620||20||20||0.012345679012345678||0.012345679012345678
群馬県||1620||1620||15||15||0.009259259259259259||0.009259259259259259
吉本興業||1620||1620||23||23||0.014197530864197531||0.014197530864197531
東京都||1618||1618||35||35||0.021631644004944377||0.021631644004944377
ゲイ用語||1617||1617||7||7||0.004329004329004329||0.004329004329004329
田中理恵 (声優)||1616||1616||47||47||0.029084158415841586||0.029084158415841586
小田急電鉄||1615||1615||26||26||0.01609907120743034||0.01609907120743034
コサキンDEワァオ!||1614||1614||6||6||0.0037174721189591076||0.0037174721189591076
学園黙示録 HIGHSCHOOL OF THE DEAD||1614||1614||30||30||0.01858736059479554||0.01858736059479554
消費税||1612||1612||31||31||0.019230769230769232||0.019230769230769232
福岡県||1612||1612||17||17||0.01054590570719603||0.01054590570719603
クリスマスの約束||1612||1612||9||9||0.005583126550868486||0.005583126550868486
きかんしゃトーマス・汽車のえほんの登場キャラクター||1612||1612||39||39||0.024193548387096774||0.024193548387096774
大倉忠義||1611||1611||14||14||0.008690254500310366||0.008690254500310366
名探偵コナン (アニメ)||1611||1611||48||48||0.0297951582867784||0.0297951582867784
檜山修之||1610||1610||42||42||0.02608695652173913||0.02608695652173913
堂本剛||1610||1610||7||7||0.004347826086956522||0.004347826086956522
みなみけ||1608||1608||23||23||0.014303482587064677||0.014303482587064677
日本レコード大賞||1604||1604||51||51||0.031795511221945134||0.031795511221945134
三浦知良||1604||1604||22||22||0.01371571072319202||0.01371571072319202
東京メトロ副都心線||1604||1604||60||60||0.03740648379052369||0.03740648379052369
8時だョ!全員集合||1604||1604||16||16||0.00997506234413965||0.00997506234413965
24 -TWENTY FOUR-||1604||1604||10||10||0.006234413965087282||0.006234413965087282
少女時代 (音楽グループ)||1604||1604||64||64||0.0399002493765586||0.0399002493765586
両津勘吉||1603||1603||61||61||0.038053649407361195||0.038053649407361195
ソードアート・オンライン||1600||1600||54||54||0.03375||0.03375
ナインティナイン||1599||1599||20||20||0.012507817385866166||0.012507817385866166
激走戦隊カーレンジャー||1598||1598||12||12||0.007509386733416771||0.007509386733416771
大阪市||1597||1597||16||16||0.010018785222291797||0.010018785222291797
NON STYLE||1596||1596||44||44||0.02756892230576441||0.02756892230576441
ガンダムビルドファイターズ||1596||1596||18||18||0.011278195488721804||0.011278195488721804
東日本旅客鉄道||1595||1595||37||37||0.023197492163009405||0.023197492163009405
ゴルゴ13||1595||1595||8||8||0.005015673981191223||0.005015673981191223
フランス||1595||1595||60||60||0.03761755485893417||0.03761755485893417
ジャパン・ニュース・ネットワーク||1594||1594||55||55||0.03450439146800502||0.03450439146800502
西城秀樹||1594||1594||31||31||0.01944792973651192||0.01944792973651192
ウルトラQの登場怪獣||1591||1591||17||17||0.010685103708359522||0.010685103708359522
マリオシリーズ||1591||1591||32||32||0.02011313639220616||0.02011313639220616
RSK山陽放送||1590||1590||3||3||0.0018867924528301887||0.0018867924528301887
XXXHOLiC||1590||1590||10||10||0.006289308176100629||0.006289308176100629
銀魂||1590||1590||60||60||0.03773584905660377||0.03773584905660377
日本三大一覧||1589||1589||45||45||0.028319697923222153||0.028319697923222153
井上聡||1589||1589||15||15||0.009439899307740718||0.009439899307740718
旭川市||1588||1588||15||15||0.009445843828715366||0.009445843828715366
ウェザーニュースLiVE||1588||1588||24||24||0.015113350125944584||0.015113350125944584
社会民主党 (日本 1996-)||1587||1587||68||68||0.0428481411468179||0.0428481411468179
ぐるぐるナインティナイン||1587||1587||13||13||0.008191556395715185||0.008191556395715185
佐藤利奈||1587||1587||26||26||0.01638311279143037||0.01638311279143037
バイオハザードシリーズ||1587||1587||19||19||0.011972274732199117||0.011972274732199117
メイプルストーリー||1586||1586||40||40||0.025220680958385876||0.025220680958385876
ハンセン病||1582||1582||7||7||0.004424778761061947||0.004424778761061947
YouTube||1582||1582||67||67||0.042351453855878636||0.042351453855878636
豊崎愛生||1580||1580||101||101||0.06392405063291139||0.06392405063291139
吉野裕行||1579||1579||18||18||0.011399620012666244||0.011399620012666244
電脳コイル||1578||1578||10||10||0.0063371356147021544||0.0063371356147021544
キリスト教||1577||1577||53||53||0.033608116677235254||0.033608116677235254
陸上自衛隊の装備品一覧||1576||1576||12||12||0.007614213197969543||0.007614213197969543
東武鉄道||1575||1575||20||20||0.012698412698412698||0.012698412698412698
クイズプレゼンバラエティー Qさま!!||1575||1575||26||26||0.01650793650793651||0.01650793650793651
板野友美||1575||1575||156||156||0.09904761904761905||0.09904761904761905
ZARD||1574||1574||23||23||0.014612452350698857||0.014612452350698857
涼宮ハルヒシリーズの登場人物||1574||1574||86||86||0.054637865311308764||0.054637865311308764
北千住駅||1573||1573||22||22||0.013986013986013986||0.013986013986013986
ウルトラマンガイアの登場怪獣||1573||1573||34||34||0.02161474888747616||0.02161474888747616
デュエル・マスターズ (漫画)||1573||1573||5||5||0.003178639542275906||0.003178639542275906
志村けん||1572||1572||20||20||0.01272264631043257||0.01272264631043257
蒼天航路||1571||1571||73||73||0.046467218332272436||0.046467218332272436
森喜朗||1571||1571||34||34||0.021642266072565246||0.021642266072565246
山手線||1571||1571||22||22||0.014003819223424571||0.014003819223424571
デジモンクロスウォーズ||1571||1571||19||19||0.0120942075111394||0.0120942075111394
東武東上本線||1570||1570||27||27||0.017197452229299363||0.017197452229299363
1985年||1570||1570||15||15||0.009554140127388535||0.009554140127388535
ダルビッシュ有||1569||1569||68||68||0.043339706819630335||0.043339706819630335
ヴィジュアル系||1568||1568||21||21||0.013392857142857142||0.013392857142857142
テレビ山口||1568||1568||5||5||0.0031887755102040817||0.0031887755102040817
遊☆戯☆王デュエルモンスターズGX||1568||1568||14||14||0.008928571428571428||0.008928571428571428
落第忍者乱太郎の登場人物||1568||1568||8||8||0.00510204081632653||0.00510204081632653
機動戦士ガンダムSEED||1567||1567||29||29||0.018506700701978303||0.018506700701978303
犬夜叉||1564||1564||26||26||0.016624040920716114||0.016624040920716114
青野武||1563||1563||24||24||0.015355086372360844||0.015355086372360844
絶体絶命でんぢゃらすじーさん||1563||1563||12||12||0.007677543186180422||0.007677543186180422
1988年||1562||1562||14||14||0.008962868117797696||0.008962868117797696
木村拓哉||1561||1561||41||41||0.02626521460602178||0.02626521460602178
鉄道ファン||1561||1561||42||42||0.026905829596412557||0.026905829596412557
コブクロ||1560||1560||15||15||0.009615384615384616||0.009615384615384616
水戸黄門 (第31-38部)||1560||1560||23||23||0.014743589743589743||0.014743589743589743
埼京線||1560||1560||42||42||0.026923076923076925||0.026923076923076925
広島市||1559||1559||16||16||0.010262989095574085||0.010262989095574085
ももいろクローバーZ||1559||1559||77||77||0.04939063502245029||0.04939063502245029
地獄少女||1558||1558||26||26||0.01668806161745828||0.01668806161745828
中華人民共和国||1557||1557||19||19||0.012202954399486191||0.012202954399486191
仮面ライダーBLACK RX||1557||1557||25||25||0.01605651894669236||0.01605651894669236
はなまるマーケット||1557||1557||25||25||0.01605651894669236||0.01605651894669236
立木文彦||1557||1557||9||9||0.005780346820809248||0.005780346820809248
2013年のテレビ (日本)||1557||1557||11||11||0.007064868336544637||0.007064868336544637
秋田テレビ||1556||1556||4||4||0.002570694087403599||0.002570694087403599
大相撲力士一覧||1555||1555||10||10||0.006430868167202572||0.006430868167202572
仮面ライダー×スーパー戦隊 スーパーヒーロー大戦||1554||1554||32||32||0.02059202059202059||0.02059202059202059
関俊彦||1551||1551||18||18||0.01160541586073501||0.01160541586073501
ふたりはプリキュア Splash Star||1551||1551||36||36||0.02321083172147002||0.02321083172147002
日本選手権シリーズ||1550||1550||14||14||0.00903225806451613||0.00903225806451613
情報プレゼンター とくダネ!||1550||1550||45||45||0.02903225806451613||0.02903225806451613
琉球放送||1550||1550||9||9||0.005806451612903226||0.005806451612903226
一覧の一覧||1548||1548||7||7||0.004521963824289405||0.004521963824289405
マリオカートシリーズ||1548||1548||27||27||0.01744186046511628||0.01744186046511628
中日ドラゴンズの選手一覧||1548||1548||37||37||0.023901808785529714||0.023901808785529714
NISSAN あ、安部礼司〜BEYOND THE AVERAGE||1548||1548||3||3||0.001937984496124031||0.001937984496124031
トヨタ・クラウン||1547||1547||22||22||0.014221073044602456||0.014221073044602456
零式艦上戦闘機||1547||1547||71||71||0.04589528118939883||0.04589528118939883
1989年||1546||1546||16||16||0.01034928848641656||0.01034928848641656
ロザリオとバンパイア||1546||1546||43||43||0.0278137128072445||0.0278137128072445
三重テレビ放送||1546||1546||7||7||0.004527813712807244||0.004527813712807244
訃報 2012年||1546||1546||9||9||0.005821474773609315||0.005821474773609315

