
Page||Recent Revisions||Total Revisions||Recent Reverts||Total Reverts||Recent Contention||Total Contention
ONE PIECEの登場人物一覧/log||5009||5009||25||25||0.004991016170892394||0.004991016170892394
仮面ライダー電王/log20080331||4484||4484||26||26||0.005798394290811775||0.005798394290811775
舞-乙HiME/log20120619||4003||4003||0||0||0.0||0.0
銀魂/log20081129||4000||4000||15||15||0.00375||0.00375
BLEACH/log20080419||3876||3876||20||20||0.005159958720330237||0.005159958720330237
銀魂の登場人物一覧/log20080904||3751||3751||3||3||7.997867235403892E-4||7.997867235403892E-4
ONE PIECE/log||3693||3693||29||29||0.00785269428648795||0.00785269428648795
コードギアス 反逆のルルーシュ/log20080407||3609||3609||21||21||0.005818786367414797||0.005818786367414797
日本/log20090827||3436||3436||63||63||0.018335273573923165||0.018335273573923165
ウルトラマンメビウス/log20100825||3418||3418||33||33||0.00965476887068461||0.00965476887068461
ケロロ軍曹の登場人物一覧/log20090210||3396||3396||5||5||0.0014723203769140165||0.0014723203769140165
ネプリーグ/log20091026||3312||3312||8||8||0.0024154589371980675||0.0024154589371980675
クイズ!ヘキサゴンII/log20090401||3183||3183||9||9||0.002827521206409048||0.002827521206409048
D.Gray-man||3155||3155||10||10||0.003169572107765452||0.003169572107765452
涼宮ハルヒシリーズ/log20090701||3111||3111||46||46||0.014786242365798778||0.014786242365798778
エンタの神様/log20091223||3059||3059||16||16||0.005230467473030402||0.005230467473030402
第二次世界大戦/log20120619||3008||3008||14||14||0.004654255319148936||0.004654255319148936
プレイステーション3/log20100415||2972||2972||25||25||0.008411843876177659||0.008411843876177659
ケロロ軍曹||2969||2969||7||7||0.0023576961940047153||0.0023576961940047153
森田一義アワー 笑っていいとも!/log20130117||2916||2916||12||12||0.00411522633744856||0.00411522633744856
ミュージックステーション/log20120615||2877||2877||6||6||0.0020855057351407717||0.0020855057351407717
クレヨンしんちゃん||2827||2827||6||6||0.0021223912274495934||0.0021223912274495934
DEATH NOTEの登場人物||2820||2820||4||4||0.0014184397163120568||0.0014184397163120568
笑点/log20110201||2810||2810||6||6||0.002135231316725979||0.002135231316725979
ドラゴンボールの登場人物||2783||2783||12||12||0.004311893639956881||0.004311893639956881
DEATH NOTE||2773||2773||25||25||0.009015506671474938||0.009015506671474938
広島県出身の人物一覧||2728||2728||1||1||3.6656891495601173E-4||3.6656891495601173E-4
魔人探偵脳噛ネウロ||2708||2708||5||5||0.001846381093057607||0.001846381093057607
アメリカ横断ウルトラクイズ||2704||2704||2||2||7.396449704142012E-4||7.396449704142012E-4
ズームイン!!SUPER/log20091228||2681||2681||3||3||0.0011189854531891085||0.0011189854531891085
NARUTO -ナルト-||2672||2672||18||18||0.006736526946107785||0.006736526946107785
モーニング娘。||2657||2657||17||17||0.00639819345126082||0.00639819345126082
読売ジャイアンツ||2650||2650||13||13||0.004905660377358491||0.004905660377358491
水戸黄門 (パナソニック ドラマシアター)||2632||2632||3||3||0.0011398176291793312||0.0011398176291793312
破面||2605||2605||5||5||0.0019193857965451055||0.0019193857965451055
獣拳戦隊ゲキレンジャー||2585||2585||22||22||0.00851063829787234||0.00851063829787234
BLEACHの登場人物||2585||2585||6||6||0.0023210831721470018||0.0023210831721470018
2006年||2579||2579||29||29||0.011244668476153548||0.011244668476153548
らき☆すた||2566||2566||22||22||0.00857365549493375||0.00857365549493375
B'z||2565||2565||40||40||0.015594541910331383||0.015594541910331383
ドラえもん||2539||2539||27||27||0.01063410791650256||0.01063410791650256
ローゼンメイデン/history 20130917||2533||2533||28||28||0.011054086063955783||0.011054086063955783
テニスの王子様の登場人物/log20120614||2531||2531||3||3||0.001185302252074279||0.001185302252074279
ジャニーズJr.||2520||2520||11||11||0.004365079365079365||0.004365079365079365
ナインティナインのオールナイトニッポン||2491||2491||6||6||0.0024086712163789645||0.0024086712163789645
Yes!プリキュア5||2481||2481||22||22||0.00886739218057235||0.00886739218057235
轟轟戦隊ボウケンジャー||2469||2469||12||12||0.004860267314702308||0.004860267314702308
ゲームセンターCX/history20160321||2467||2467||10||10||0.004053506282934738||0.004053506282934738
UHFアニメ||2465||2465||7||7||0.002839756592292089||0.002839756592292089
クイズ世界はSHOW by ショーバイ!!||2465||2465||3||3||0.0012170385395537525||0.0012170385395537525
東京放送ホールディングス||2418||2418||17||17||0.007030603804797354||0.007030603804797354
金色のガッシュ!!の登場人物||2406||2406||4||4||0.0016625103906899418||0.0016625103906899418
家庭教師ヒットマンREBORN!/log20100415||2397||2397||22||22||0.00917813934084272||0.00917813934084272
キン肉マンの登場人物||2396||2396||6||6||0.0025041736227045075||0.0025041736227045075
トヨタ自動車||2383||2383||24||24||0.010071338648762064||0.010071338648762064
毎日放送||2375||2375||4||4||0.0016842105263157896||0.0016842105263157896
そこまで言って委員会NP||2374||2374||6||6||0.002527379949452401||0.002527379949452401
NARUTO -ナルト-の登場人物/log20120612||2361||2361||21||21||0.008894536213468869||0.008894536213468869
めちゃ×2イケてるッ!||2341||2341||6||6||0.0025630072618539087||0.0025630072618539087
仙台市||2335||2335||14||14||0.0059957173447537475||0.0059957173447537475
愛知県出身の人物一覧||2319||2319||9||9||0.0038809831824062097||0.0038809831824062097
青森放送/history20180113||2314||2314||0||0||0.0||0.0
新世紀エヴァンゲリオン||2294||2294||13||13||0.005666957279860506||0.005666957279860506
2005年||2290||2290||6||6||0.0026200873362445414||0.0026200873362445414
阪神タイガース||2267||2267||12||12||0.00529333921482135||0.00529333921482135
石原慎太郎||2261||2261||37||37||0.016364440513047324||0.016364440513047324
水曜どうでしょう||2259||2259||2||2||8.853474988933156E-4||8.853474988933156E-4
仮面ライダーカブト||2257||2257||11||11||0.004873726185201595||0.004873726185201595
3年B組金八先生)/history20180113||2250||2250||20||20||0.008888888888888889||0.008888888888888889
FNS27時間テレビ||2234||2234||2||2||8.952551477170994E-4||8.952551477170994E-4
テレビ東京||2234||2234||4||4||0.0017905102954341987||0.0017905102954341987
アイシールド21||2224||2224||7||7||0.003147482014388489||0.003147482014388489
ドラゴンボール||2209||2209||23||23||0.01041195110909914||0.01041195110909914
フジテレビジョン||2206||2206||2||2||9.066183136899365E-4||9.066183136899365E-4
東京大学の人物一覧||2180||2180||2||2||9.174311926605505E-4||9.174311926605505E-4
錦戸亮||2173||2173||11||11||0.0050621260929590425||0.0050621260929590425
日本の漫画家一覧||2165||2165||0||0||0.0||0.0
中部日本放送||2155||2155||2||2||9.280742459396752E-4||9.280742459396752E-4
国鉄485系電車||2148||2148||6||6||0.002793296089385475||0.002793296089385475
ハヤテのごとく!の登場人物||2145||2145||14||14||0.006526806526806527||0.006526806526806527
国鉄103系電車||2129||2129||10||10||0.004697040864255519||0.004697040864255519
2007年||2126||2126||20||20||0.00940733772342427||0.00940733772342427
北海道放送||2101||2101||3||3||0.0014278914802475012||0.0014278914802475012
ちちんぷいぷい (テレビ番組)/history20180113||2088||2088||3||3||0.0014367816091954023||0.0014367816091954023
古畑任三郎||2085||2085||8||8||0.0038369304556354917||0.0038369304556354917
ドラえもん (1979年のテレビアニメ)||2081||2081||14||14||0.006727534839019702||0.006727534839019702
情報ライブ ミヤネ屋||2067||2067||8||8||0.0038703434929850023||0.0038703434929850023
遊☆戯☆王デュエルモンスターズGXの登場人物||2064||2064||5||5||0.0024224806201550387||0.0024224806201550387
鉄道事故||2050||2050||15||15||0.007317073170731708||0.007317073170731708
明石家さんま||2048||2048||13||13||0.00634765625||0.00634765625
バンプレストオリジナルのキャラクター一覧||2040||2040||2||2||9.80392156862745E-4||9.80392156862745E-4
D.Gray-manの登場人物||2035||2035||19||19||0.009336609336609337||0.009336609336609337
KAT-TUN||2024||2024||35||35||0.017292490118577076||0.017292490118577076
ジャニーズ事務所||2015||2015||16||16||0.00794044665012407||0.00794044665012407
灼眼のシャナ||2005||2005||15||15||0.007481296758104738||0.007481296758104738
週刊少年ジャンプ||2004||2004||11||11||0.0054890219560878245||0.0054890219560878245
こちら葛飾区亀有公園前派出所||1984||1984||5||5||0.0025201612903225806||0.0025201612903225806
スーパー戦隊シリーズ/history20160321||1983||1983||8||8||0.004034291477559254||0.004034291477559254
デジモン一覧||1980||1980||5||5||0.0025252525252525255||0.0025252525252525255
大韓民国||1974||1974||37||37||0.018743667679837893||0.018743667679837893
日本放送協会||1974||1974||6||6||0.00303951367781155||0.00303951367781155
浦和レッドダイヤモンズ||1971||1971||7||7||0.0035514967021816335||0.0035514967021816335
静岡市||1971||1971||5||5||0.0025367833587011668||0.0025367833587011668
名探偵コナンの登場人物/history20180113||1966||1966||18||18||0.009155645981688708||0.009155645981688708
トリビアの泉 〜素晴らしきムダ知識〜||1964||1964||7||7||0.003564154786150713||0.003564154786150713
小沢一郎||1961||1961||14||14||0.0071392146863844975||0.0071392146863844975
みんなが出るテレビ||1951||1951||4||4||0.0020502306509482316||0.0020502306509482316
BUMP OF CHICKEN||1942||1942||36||36||0.018537590113285273||0.018537590113285273
テレビ神奈川||1939||1939||8||8||0.0041258380608561115||0.0041258380608561115
鋼の錬金術師の登場人物一覧/history 20120609||1937||1937||5||5||0.002581311306143521||0.002581311306143521
京都放送||1933||1933||1||1||5.173305742369374E-4||5.173305742369374E-4
ケロロ軍曹 (アニメ)||1932||1932||9||9||0.004658385093167702||0.004658385093167702
さよなら絶望先生||1918||1918||14||14||0.0072992700729927005||0.0072992700729927005
朝日放送グループホールディングス||1903||1903||7||7||0.0036784025223331584||0.0036784025223331584
太鼓の達人||1896||1896||15||15||0.007911392405063292||0.007911392405063292
日本テレビ放送網||1890||1890||2||2||0.0010582010582010583||0.0010582010582010583
クイズダービー||1884||1884||4||4||0.0021231422505307855||0.0021231422505307855
志田未来||1882||1882||18||18||0.009564293304994687||0.009564293304994687
オールスター感謝祭/history20190417||1878||1878||5||5||0.0026624068157614484||0.0026624068157614484
SMAP||1878||1878||11||11||0.005857294994675187||0.005857294994675187
福山潤||1877||1877||3||3||0.0015982951518380393||0.0015982951518380393
武装錬金||1873||1873||2||2||0.0010678056593699946||0.0010678056593699946
テニスの王子様||1873||1873||10||10||0.005339028296849973||0.005339028296849973
機動戦士ガンダム00||1861||1861||23||23||0.012358946802794197||0.012358946802794197
しゅごキャラ!||1860||1860||7||7||0.003763440860215054||0.003763440860215054
福山市||1859||1859||1||1||5.379236148466917E-4||5.379236148466917E-4
日本航空123便墜落事故||1853||1853||4||4||0.0021586616297895305||0.0021586616297895305
オールナイトニッポン||1852||1852||4||4||0.0021598272138228943||0.0021598272138228943
ハヤテのごとく!||1847||1847||14||14||0.007579859231185706||0.007579859231185706
日産自動車||1845||1845||9||9||0.004878048780487805||0.004878048780487805
都市伝説||1837||1837||11||11||0.005988023952095809||0.005988023952095809
世界一の一覧||1832||1832||7||7||0.003820960698689956||0.003820960698689956
麻生太郎||1831||1831||34||34||0.018569087930092845||0.018569087930092845
東京大学||1830||1830||17||17||0.009289617486338797||0.009289617486338797
GTO (漫画)||1827||1827||2||2||0.0010946907498631637||0.0010946907498631637
銀魂 (アニメ)||1821||1821||1||1||5.491488193300384E-4||5.491488193300384E-4
堀江由衣||1819||1819||21||21||0.01154480483782298||0.01154480483782298
新宿駅||1817||1817||13||13||0.007154650522839846||0.007154650522839846
ガンダムシリーズの登場機動兵器一覧||1814||1814||2||2||0.0011025358324145535||0.0011025358324145535
アニメ版ポケットモンスターの登場人物/history20160321||1812||1812||10||10||0.005518763796909493||0.005518763796909493
東京駅||1806||1806||11||11||0.006090808416389812||0.006090808416389812
ボボボーボ・ボーボボ||1805||1805||7||7||0.003878116343490305||0.003878116343490305
SLAM DUNKの登場人物||1794||1794||5||5||0.002787068004459309||0.002787068004459309
24時間テレビ 「愛は地球を救う」/history20160321||1793||1793||16||16||0.008923591745677636||0.008923591745677636
アニメ作品一覧||1792||1792||1||1||5.580357142857143E-4||5.580357142857143E-4
日本共産党||1792||1792||10||10||0.005580357142857143||0.005580357142857143
中部国際空港||1783||1783||10||10||0.005608524957936063||0.005608524957936063
北斗の拳||1762||1762||3||3||0.00170261066969353||0.00170261066969353
パネルクイズ アタック25||1759||1759||3||3||0.0017055144968732233||0.0017055144968732233
ラジかるッ||1756||1756||0||0||0.0||0.0
天元突破グレンラガン||1756||1756||11||11||0.006264236902050114||0.006264236902050114
Wii/history 20130210||1750||1750||13||13||0.0074285714285714285||0.0074285714285714285
くりぃむしちゅーのオールナイトニッポン||1742||1742||11||11||0.006314580941446613||0.006314580941446613
はねるのトびら||1738||1738||4||4||0.0023014959723820483||0.0023014959723820483
北海道日本ハムファイターズ||1737||1737||4||4||0.002302820955670697||0.002302820955670697
Au (携帯電話)||1736||1736||11||11||0.006336405529953917||0.006336405529953917
浜松市||1736||1736||6||6||0.0034562211981566822||0.0034562211981566822
新潟市||1735||1735||10||10||0.005763688760806916||0.005763688760806916
ポルノグラフィティ||1735||1735||14||14||0.008069164265129682||0.008069164265129682
ウエンツ瑛士||1733||1733||1||1||5.770340450086555E-4||5.770340450086555E-4
ひぐらしのなく頃に||1726||1726||16||16||0.009269988412514484||0.009269988412514484
さよなら絶望先生の登場人物||1712||1712||7||7||0.0040887850467289715||0.0040887850467289715
ヤッターマン||1705||1705||3||3||0.0017595307917888563||0.0017595307917888563
2ちゃんねる||1705||1705||9||9||0.005278592375366569||0.005278592375366569
相棒/history20150820||1702||1702||13||13||0.00763807285546416||0.00763807285546416
浅田真央||1700||1700||26||26||0.015294117647058824||0.015294117647058824
SoftBank (携帯電話)||1692||1692||8||8||0.004728132387706856||0.004728132387706856
スーパーベースボール (テレビ朝日系列)||1687||1687||0||0||0.0||0.0
千葉ロッテマリーンズ||1685||1685||12||12||0.007121661721068249||0.007121661721068249
ゲゲゲの鬼太郎 (アニメ)||1680||1680||0||0||0.0||0.0
福岡県出身の人物一覧||1680||1680||2||2||0.0011904761904761906||0.0011904761904761906
家庭教師ヒットマンREBORN!の登場人物||1678||1678||8||8||0.004767580452920143||0.004767580452920143
奥州市||1675||1675||0||0||0.0||0.0
逆転裁判||1671||1671||13||13||0.007779772591262717||0.007779772591262717
東京都立日比谷高等学校||1667||1667||2||2||0.0011997600479904018||0.0011997600479904018
鈴村健一||1663||1663||10||10||0.006013229104028864||0.006013229104028864
やしきたかじん||1663||1663||9||9||0.005411906193625977||0.005411906193625977
2ちゃんねるの歴史||1656||1656||8||8||0.004830917874396135||0.004830917874396135
アンパンマンの登場人物一覧/log20120613||1655||1655||0||0||0.0||0.0
School Days||1653||1653||16||16||0.009679370840895343||0.009679370840895343
広島テレビ放送||1652||1652||0||0||0.0||0.0
石田彰||1650||1650||2||2||0.0012121212121212121||0.0012121212121212121
声優||1649||1649||6||6||0.0036385688295936932||0.0036385688295936932
大野智||1648||1648||4||4||0.0024271844660194173||0.0024271844660194173
東急田園都市線||1645||1645||6||6||0.00364741641337386||0.00364741641337386
SCHOOL OF LOCK!||1642||1642||4||4||0.00243605359317905||0.00243605359317905
日本プロサッカーリーグ||1640||1640||4||4||0.0024390243902439024||0.0024390243902439024
小池徹平||1640||1640||8||8||0.004878048780487805||0.004878048780487805
MOTHER3||1637||1637||4||4||0.002443494196701283||0.002443494196701283
小泉純一郎||1635||1635||23||23||0.014067278287461774||0.014067278287461774
都市伝説一覧||1634||1634||5||5||0.0030599755201958386||0.0030599755201958386
風林火山 (NHK大河ドラマ)||1631||1631||4||4||0.002452483139178418||0.002452483139178418
FNNスーパータイム||1630||1630||1||1||6.134969325153375E-4||6.134969325153375E-4
EXILE/log 20120611||1622||1622||8||8||0.004932182490752158||0.004932182490752158
ムヒョとロージーの魔法律相談事務所||1622||1622||4||4||0.002466091245376079||0.002466091245376079
NHK紅白歌合戦||1621||1621||8||8||0.004935225169648365||0.004935225169648365
コロンビア大学||1618||1618||0||0||0.0||0.0
ニッポン放送||1616||1616||1||1||6.188118811881188E-4||6.188118811881188E-4
ポケットモンスター (アニメ)||1614||1614||12||12||0.007434944237918215||0.007434944237918215
魔法戦隊マジレンジャー||1604||1604||5||5||0.003117206982543641||0.003117206982543641
メインページ||1603||1603||4||4||0.002495321272613849||0.002495321272613849
北海道出身の人物一覧||1601||1601||0||0||0.0||0.0
岡田有希子||1600||1600||15||15||0.009375||0.009375
アップダウンクイズ||1593||1593||4||4||0.0025109855618330196||0.0025109855618330196
ハロー!プロジェクト||1588||1588||9||9||0.005667506297229219||0.005667506297229219
王貞治||1587||1587||5||5||0.00315059861373661||0.00315059861373661
踊る大捜査線||1581||1581||0||0||0.0||0.0
ポケットモンスター||1576||1576||24||24||0.015228426395939087||0.015228426395939087
SASUKE/history20180113||1572||1572||2||2||0.001272264631043257||0.001272264631043257
リンカーン (テレビ番組)||1566||1566||5||5||0.0031928480204342275||0.0031928480204342275
PlayStation Portable||1565||1565||17||17||0.010862619808306708||0.010862619808306708
ザ・キング・オブ・ファイターズ||1564||1564||2||2||0.0012787723785166241||0.0012787723785166241
慶應義塾大学の人物一覧||1564||1564||1||1||6.393861892583121E-4||6.393861892583121E-4
M-1グランプリ||1563||1563||5||5||0.003198976327575176||0.003198976327575176
スーパーロボット大戦シリーズ||1561||1561||3||3||0.0019218449711723255||0.0019218449711723255
シャーリー・テンプル||1553||1553||0||0||0.0||0.0
マスコットキャラクター一覧||1549||1549||5||5||0.0032278889606197547||0.0032278889606197547
子安武人||1545||1545||1||1||6.472491909385113E-4||6.472491909385113E-4
探偵!ナイトスクープ||1544||1544||2||2||0.0012953367875647669||0.0012953367875647669
能登麻美子||1542||1542||7||7||0.004539559014267186||0.004539559014267186
クイズタイムショック||1542||1542||4||4||0.0025940337224383916||0.0025940337224383916
暁 (NARUTO)||1538||1538||6||6||0.0039011703511053317||0.0039011703511053317
二宮和也||1534||1534||9||9||0.005867014341590613||0.005867014341590613
山下智久||1534||1534||28||28||0.018252933507170794||0.018252933507170794
新幹線||1533||1533||7||7||0.0045662100456621||0.0045662100456621
日本一の一覧||1533||1533||4||4||0.002609262883235486||0.002609262883235486
福岡ソフトバンクホークス||1532||1532||7||7||0.0045691906005221935||0.0045691906005221935
SAMURAI BASEBALL||1530||1530||1||1||6.5359477124183E-4||6.5359477124183E-4
MAJOR||1523||1523||6||6||0.003939592908732764||0.003939592908732764
男性差別||1523||1523||37||37||0.024294156270518712||0.024294156270518712
涼宮ハルヒの憂鬱 (アニメ)||1520||1520||28||28||0.018421052631578946||0.018421052631578946
東京都出身の人物一覧||1517||1517||2||2||0.0013183915622940012||0.0013183915622940012
野村克也||1511||1511||3||3||0.001985440105890139||0.001985440105890139
GLAY||1509||1509||21||21||0.013916500994035786||0.013916500994035786
サザンオールスターズ||1508||1508||9||9||0.005968169761273209||0.005968169761273209
HUNTER×HUNTER||1507||1507||8||8||0.0053085600530856005||0.0053085600530856005
大阪府出身の人物一覧||1507||1507||1||1||6.635700066357001E-4||6.635700066357001E-4
ハヤテのごとく! (アニメ)||1502||1502||8||8||0.005326231691078562||0.005326231691078562
国鉄113系電車||1494||1494||7||7||0.004685408299866131||0.004685408299866131
関ジャニ∞||1493||1493||12||12||0.008037508372404554||0.008037508372404554
爆笑オンエアバトル||1485||1485||1||1||6.734006734006734E-4||6.734006734006734E-4
CLANNAD (ゲーム)||1484||1484||10||10||0.006738544474393531||0.006738544474393531
萌え||1484||1484||23||23||0.01549865229110512||0.01549865229110512
慶應義塾大学/history20130405||1481||1481||18||18||0.012153950033760972||0.012153950033760972
脳内エステ IQサプリ||1473||1473||7||7||0.0047522063815342835||0.0047522063815342835
日本語||1469||1469||11||11||0.007488087134104833||0.007488087134104833
ダウンタウンのガキの使いやあらへんで!||1468||1468||5||5||0.0034059945504087193||0.0034059945504087193
夜のヒットスタジオ||1467||1467||0||0||0.0||0.0
地上デジタルテレビ放送||1465||1465||4||4||0.0027303754266211604||0.0027303754266211604
ARIA (漫画)||1462||1462||14||14||0.009575923392612859||0.009575923392612859
全国高等学校クイズ選手権||1458||1458||0||0||0.0||0.0
魔人探偵脳噛ネウロの登場人物||1458||1458||0||0||0.0||0.0
ラグナロクオンライン||1458||1458||1||1||6.858710562414266E-4||6.858710562414266E-4
アメリカ合衆国||1458||1458||11||11||0.0075445816186556925||0.0075445816186556925
櫻井孝宏||1457||1457||4||4||0.002745367192862045||0.002745367192862045
清原和博||1457||1457||4||4||0.002745367192862045||0.002745367192862045
テイルズ オブ シリーズの術技形態||1455||1455||0||0||0.0||0.0
エア・ギア||1449||1449||3||3||0.002070393374741201||0.002070393374741201
ニート||1446||1446||4||4||0.0027662517289073307||0.0027662517289073307
ディープインパクト (競走馬)||1444||1444||9||9||0.006232686980609419||0.006232686980609419
MAR (漫画)||1440||1440||4||4||0.002777777777777778||0.002777777777777778
テイルズ オブ シンフォニア||1438||1438||5||5||0.0034770514603616135||0.0034770514603616135
アイシールド21の登場人物||1436||1436||4||4||0.002785515320334262||0.002785515320334262
日本航空||1435||1435||2||2||0.0013937282229965157||0.0013937282229965157
コードギアスシリーズの登場人物||1434||1434||7||7||0.0048814504881450485||0.0048814504881450485
くりぃむナントカ||1433||1433||6||6||0.00418702023726448||0.00418702023726448
魔法先生ネギま!の登場人物||1432||1432||14||14||0.009776536312849162||0.009776536312849162
AKB48/log20110116||1432||1432||20||20||0.013966480446927373||0.013966480446927373
クイズ$ミリオネア||1431||1431||5||5||0.0034940600978336828||0.0034940600978336828
F-15 (戦闘機)||1431||1431||7||7||0.004891684136967156||0.004891684136967156
朝ズバッ!||1428||1428||6||6||0.004201680672268907||0.004201680672268907
るろうに剣心 -明治剣客浪漫譚-||1426||1426||7||7||0.004908835904628331||0.004908835904628331
ザ・キング・オブ・ファイターズの登場人物||1426||1426||2||2||0.001402524544179523||0.001402524544179523
戊辰戦争||1423||1423||1||1||7.027406886858749E-4||7.027406886858749E-4
松井秀喜||1421||1421||17||17||0.011963406052076003||0.011963406052076003
井上聡||1421||1421||11||11||0.007741027445460943||0.007741027445460943
大塚愛||1420||1420||44||44||0.030985915492957747||0.030985915492957747
全日本空輸||1420||1420||4||4||0.0028169014084507044||0.0028169014084507044
宇多田ヒカル||1416||1416||6||6||0.00423728813559322||0.00423728813559322
西日本旅客鉄道||1413||1413||13||13||0.009200283085633405||0.009200283085633405
FOMA||1412||1412||1||1||7.08215297450425E-4||7.08215297450425E-4
IBC岩手放送||1412||1412||1||1||7.08215297450425E-4||7.08215297450425E-4
実況パワフルプロ野球||1412||1412||6||6||0.00424929178470255||0.00424929178470255
きらりん☆レボリューション||1407||1407||10||10||0.007107320540156361||0.007107320540156361
るろうに剣心 -明治剣客浪漫譚-の登場人物一覧||1407||1407||16||16||0.011371712864250177||0.011371712864250177
世界平和統一家庭連合||1407||1407||8||8||0.005685856432125089||0.005685856432125089
あぶない刑事||1406||1406||3||3||0.0021337126600284497||0.0021337126600284497
関西国際空港||1404||1404||0||0||0.0||0.0
東京ヤクルトスワローズ||1398||1398||8||8||0.005722460658082976||0.005722460658082976
機動戦士ガンダムSEEDの登場人物||1398||1398||6||6||0.004291845493562232||0.004291845493562232
日本プロ野球||1395||1395||8||8||0.005734767025089606||0.005734767025089606
織田信長||1392||1392||16||16||0.011494252873563218||0.011494252873563218
サンテレビジョン||1388||1388||1||1||7.204610951008645E-4||7.204610951008645E-4
徳光和夫||1388||1388||7||7||0.005043227665706052||0.005043227665706052
テイルズ オブ デスティニー||1388||1388||2||2||0.001440922190201729||0.001440922190201729
おたく||1387||1387||34||34||0.024513338139870222||0.024513338139870222
マイケル・ジャクソン||1386||1386||5||5||0.0036075036075036075||0.0036075036075036075
おおきく振りかぶって||1384||1384||8||8||0.005780346820809248||0.005780346820809248
NTTドコモ||1383||1383||2||2||0.0014461315979754157||0.0014461315979754157
日本テレビ制作局制作番組の分野別一覧||1383||1383||0||0||0.0||0.0
学園アリス||1383||1383||1||1||7.230657989877079E-4||7.230657989877079E-4
千葉県||1383||1383||12||12||0.008676789587852495||0.008676789587852495
一関学院高等学校||1382||1382||5||5||0.00361794500723589||0.00361794500723589
バンプレストオリジナル||1380||1380||1||1||7.246376811594203E-4||7.246376811594203E-4
筋肉番付シリーズ||1379||1379||1||1||7.251631617113851E-4||7.251631617113851E-4
アンパンマン||1377||1377||7||7||0.005083514887436456||0.005083514887436456
渋谷駅||1376||1376||4||4||0.0029069767441860465||0.0029069767441860465
電脳コイル||1374||1374||5||5||0.00363901018922853||0.00363901018922853
大泉洋||1373||1373||6||6||0.004369992716678805||0.004369992716678805
大喜利 (笑点)||1373||1373||10||10||0.007283321194464676||0.007283321194464676
マクロスF||1372||1372||4||4||0.0029154518950437317||0.0029154518950437317
Saku saku||1371||1371||1||1||7.293946024799417E-4||7.293946024799417E-4
釘宮理恵||1371||1371||13||13||0.009482129832239242||0.009482129832239242
保志総一朗||1370||1370||7||7||0.0051094890510948905||0.0051094890510948905
常磐線||1369||1369||3||3||0.002191380569758948||0.002191380569758948
徳川家康||1359||1359||13||13||0.009565857247976454||0.009565857247976454
嫌韓||1359||1359||32||32||0.0235467255334805||0.0235467255334805
本田技研工業||1358||1358||3||3||0.0022091310751104565||0.0022091310751104565
手塚治虫||1349||1349||5||5||0.0037064492216456633||0.0037064492216456633
昭和天皇||1349||1349||11||11||0.00815418828762046||0.00815418828762046
遊☆戯☆王デュエルモンスターズGX||1345||1345||10||10||0.007434944237918215||0.007434944237918215
神戸市||1344||1344||8||8||0.005952380952380952||0.005952380952380952
L'Arc〜en〜Ciel||1344||1344||6||6||0.004464285714285714||0.004464285714285714
頭文字D||1342||1342||3||3||0.0022354694485842027||0.0022354694485842027
死刑存廃問題||1341||1341||13||13||0.009694258016405667||0.009694258016405667
松浦亜弥||1341||1341||7||7||0.005219985085756898||0.005219985085756898
お笑いタレント||1339||1339||7||7||0.005227781926811053||0.005227781926811053
ポケットモンスターSPECIALの登場人物||1339||1339||5||5||0.0037341299477221808||0.0037341299477221808
嵐 (グループ)||1339||1339||8||8||0.00597460791635549||0.00597460791635549
ふたりはプリキュア||1339||1339||21||21||0.01568334578043316||0.01568334578043316
視聴率争い||1338||1338||3||3||0.002242152466367713||0.002242152466367713
名古屋鉄道||1336||1336||8||8||0.005988023952095809||0.005988023952095809
野比のび太||1335||1335||9||9||0.006741573033707865||0.006741573033707865
ASIAN KUNG-FU GENERATION||1335||1335||6||6||0.0044943820224719105||0.0044943820224719105
安田章大||1335||1335||1||1||7.49063670411985E-4||7.49063670411985E-4
横浜駅||1334||1334||4||4||0.0029985007496251873||0.0029985007496251873
めざましテレビ/history20190417||1332||1332||3||3||0.0022522522522522522||0.0022522522522522522
ORANGE RANGE||1332||1332||39||39||0.02927927927927928||0.02927927927927928
東急東横線||1331||1331||8||8||0.006010518407212622||0.006010518407212622
水曜どうでしょうの企画||1331||1331||0||0||0.0||0.0
桃太郎電鉄シリーズ||1323||1323||2||2||0.0015117157974300832||0.0015117157974300832
絶対可憐チルドレン||1320||1320||4||4||0.0030303030303030303||0.0030303030303030303
新庄剛志||1320||1320||2||2||0.0015151515151515152||0.0015151515151515152
テレビ朝日||1317||1317||5||5||0.0037965072133637054||0.0037965072133637054
安倍晋三||1316||1316||20||20||0.015197568389057751||0.015197568389057751
ローゼンメイデンの登場人物一覧||1315||1315||16||16||0.012167300380228136||0.012167300380228136
国鉄201系電車||1314||1314||23||23||0.01750380517503805||0.01750380517503805
秋田放送||1313||1313||1||1||7.616146230007616E-4||7.616146230007616E-4
テレビ大阪||1312||1312||1||1||7.621951219512195E-4||7.621951219512195E-4
東海テレビ放送||1310||1310||1||1||7.633587786259542E-4||7.633587786259542E-4
岡村隆史||1310||1310||7||7||0.0053435114503816794||0.0053435114503816794
ルパン三世||1309||1309||4||4||0.0030557677616501145||0.0030557677616501145
クロノス (テレビ番組)||1309||1309||3||3||0.002291825821237586||0.002291825821237586
中国放送||1305||1305||0||0||0.0||0.0
日本のアナウンサー一覧||1305||1305||3||3||0.0022988505747126436||0.0022988505747126436
池袋駅||1304||1304||7||7||0.005368098159509203||0.005368098159509203
SMAP×SMAP||1303||1303||3||3||0.0023023791250959325||0.0023023791250959325
一覧の一覧||1302||1302||2||2||0.0015360983102918587||0.0015360983102918587
東京箱根間往復大学駅伝競走||1302||1302||3||3||0.002304147465437788||0.002304147465437788
小室哲哉||1302||1302||8||8||0.006144393241167435||0.006144393241167435
名古屋テレビ放送||1301||1301||0||0||0.0||0.0
星野仙一||1301||1301||8||8||0.006149116064565719||0.006149116064565719
訃報 2008年||1300||1300||4||4||0.003076923076923077||0.003076923076923077
札幌市||1300||1300||24||24||0.018461538461538463||0.018461538461538463
東海道新幹線||1299||1299||11||11||0.008468052347959968||0.008468052347959968
アドルフ・ヒトラー||1299||1299||11||11||0.008468052347959968||0.008468052347959968
Mr.Children||1299||1299||8||8||0.006158583525789068||0.006158583525789068
海賊 (ONE PIECE)/history20180113||1297||1297||16||16||0.01233616037008481||0.01233616037008481
草なぎ剛||1297||1297||10||10||0.007710100231303007||0.007710100231303007
野球道 (フジテレビ系列)||1293||1293||1||1||7.733952049497294E-4||7.733952049497294E-4
阪神・淡路大震災||1293||1293||7||7||0.005413766434648105||0.005413766434648105
林原めぐみ||1293||1293||11||11||0.008507347254447023||0.008507347254447023
緑川光||1288||1288||0||0||0.0||0.0
レミオロメン||1287||1287||1||1||7.77000777000777E-4||7.77000777000777E-4
松本市||1287||1287||5||5||0.003885003885003885||0.003885003885003885
ビートルズ||1286||1286||7||7||0.005443234836702955||0.005443234836702955
ポケットモンスターSPECIAL||1284||1284||8||8||0.006230529595015576||0.006230529595015576
青森テレビ||1284||1284||0||0||0.0||0.0
JR東日本E231系電車||1284||1284||14||14||0.010903426791277258||0.010903426791277258
タモリ||1284||1284||8||8||0.006230529595015576||0.006230529595015576
デビルメイクライシリーズ||1280||1280||2||2||0.0015625||0.0015625
モンスターハンター||1280||1280||15||15||0.01171875||0.01171875
行列のできる法律相談所||1279||1279||12||12||0.009382329945269743||0.009382329945269743
オレたちひょうきん族||1274||1274||14||14||0.01098901098901099||0.01098901098901099
トヨタ・カローラ||1274||1274||4||4||0.0031397174254317113||0.0031397174254317113
特殊急襲部隊||1273||1273||10||10||0.007855459544383346||0.007855459544383346
JR西日本223系電車||1271||1271||9||9||0.007081038552321007||0.007081038552321007
2ちゃんねらー||1267||1267||12||12||0.009471191791633781||0.009471191791633781
新世紀エヴァンゲリオンの登場人物||1267||1267||7||7||0.0055248618784530384||0.0055248618784530384
CLAYMORE||1263||1263||0||0||0.0||0.0
ちりとてちん (テレビドラマ)||1263||1263||7||7||0.0055423594615993665||0.0055423594615993665
長澤まさみ||1263||1263||14||14||0.011084718923198733||0.011084718923198733
豊橋市||1262||1262||10||10||0.00792393026941363||0.00792393026941363
テレビ埼玉||1261||1261||2||2||0.0015860428231562252||0.0015860428231562252
札幌テレビ放送||1260||1260||3||3||0.002380952380952381||0.002380952380952381
盛岡市||1260||1260||2||2||0.0015873015873015873||0.0015873015873015873
戦国BASARA||1258||1258||4||4||0.003179650238473768||0.003179650238473768
内村プロデュース||1256||1256||2||2||0.0015923566878980893||0.0015923566878980893
ニンテンドーDSのゲームタイトル一覧||1255||1255||3||3||0.002390438247011952||0.002390438247011952
中央線快速||1254||1254||6||6||0.004784688995215311||0.004784688995215311
仮面ライダー響鬼||1252||1252||6||6||0.004792332268370607||0.004792332268370607
ドラえもんの登場人物一覧||1251||1251||3||3||0.002398081534772182||0.002398081534772182
ゲゲゲの鬼太郎の登場キャラクター/history20190113||1250||1250||1||1||8.0E-4||8.0E-4
仮面ライダー剣||1247||1247||5||5||0.00400962309542903||0.00400962309542903
ウルトラマン||1246||1246||6||6||0.004815409309791332||0.004815409309791332
東京メトロポリタンテレビジョン||1245||1245||1||1||8.032128514056225E-4||8.032128514056225E-4
東海道本線||1244||1244||5||5||0.0040192926045016075||0.0040192926045016075
ZARD||1242||1242||11||11||0.008856682769726247||0.008856682769726247
日本の女性専用車両||1241||1241||9||9||0.007252215954875101||0.007252215954875101
吉本興業||1235||1235||6||6||0.004858299595141701||0.004858299595141701
マジカル頭脳パワー!!||1232||1232||10||10||0.008116883116883116||0.008116883116883116
MAJORの登場人物||1231||1231||1||1||8.123476848090983E-4||8.123476848090983E-4
Fun!BASEBALL!!||1230||1230||0||0||0.0||0.0
横浜DeNAベイスターズ||1229||1229||8||8||0.006509357200976403||0.006509357200976403
中居正広||1228||1228||10||10||0.008143322475570033||0.008143322475570033
アメリカ同時多発テロ事件||1228||1228||6||6||0.004885993485342019||0.004885993485342019
小田急小田原線||1228||1228||12||12||0.009771986970684038||0.009771986970684038
若本規夫||1227||1227||1||1||8.149959250203749E-4||8.149959250203749E-4
ツバサ-RESERVoir CHRoNiCLE-||1227||1227||13||13||0.010594947025264874||0.010594947025264874
ウルトラマンメビウスの登場怪獣||1225||1225||2||2||0.0016326530612244899||0.0016326530612244899
ニンテンドーDS||1222||1222||10||10||0.008183306055646482||0.008183306055646482
RSK山陽放送||1221||1221||0||0||0.0||0.0
SDガンダムフルカラー劇場||1221||1221||0||0||0.0||0.0
東北学院大学||1218||1218||0||0||0.0||0.0
ICOCA||1217||1217||8||8||0.00657354149548069||0.00657354149548069
森川智之||1217||1217||2||2||0.0016433853738701725||0.0016433853738701725
平野綾||1217||1217||21||21||0.01725554642563681||0.01725554642563681
テレビ北海道||1216||1216||7||7||0.005756578947368421||0.005756578947368421
パナソニック||1215||1215||2||2||0.0016460905349794238||0.0016460905349794238
日本の城一覧||1214||1214||1||1||8.237232289950577E-4||8.237232289950577E-4
マリオ (ゲームキャラクター)||1210||1210||4||4||0.003305785123966942||0.003305785123966942
東武伊勢崎線||1209||1209||6||6||0.004962779156327543||0.004962779156327543
逸見政孝||1209||1209||0||0||0.0||0.0
岐阜放送||1209||1209||3||3||0.0024813895781637717||0.0024813895781637717
近畿日本鉄道||1209||1209||5||5||0.0041356492969396195||0.0041356492969396195
横浜市||1208||1208||5||5||0.0041390728476821195||0.0041390728476821195
地獄少女||1208||1208||7||7||0.005794701986754967||0.005794701986754967
太臓もて王サーガ||1207||1207||1||1||8.285004142502071E-4||8.285004142502071E-4
花ざかりの君たちへ||1205||1205||7||7||0.005809128630705394||0.005809128630705394
東北楽天ゴールデンイーグルス||1201||1201||2||2||0.0016652789342214821||0.0016652789342214821
関西テレビ放送||1200||1200||2||2||0.0016666666666666668||0.0016666666666666668
近畿方言||1199||1199||1||1||8.340283569641367E-4||8.340283569641367E-4
堂本剛||1197||1197||1||1||8.35421888053467E-4||8.35421888053467E-4
松田聖子||1196||1196||5||5||0.004180602006688963||0.004180602006688963
ダウンタウン (お笑いコンビ)||1196||1196||14||14||0.011705685618729096||0.011705685618729096
日本大学の人物一覧||1196||1196||2||2||0.0016722408026755853||0.0016722408026755853
北斗の拳の登場人物一覧||1196||1196||3||3||0.002508361204013378||0.002508361204013378
諏訪部順一||1194||1194||1||1||8.375209380234506E-4||8.375209380234506E-4
松本潤||1194||1194||2||2||0.0016750418760469012||0.0016750418760469012
立命館大学||1194||1194||8||8||0.006700167504187605||0.006700167504187605
広島東洋カープ||1193||1193||6||6||0.005029337803855826||0.005029337803855826
クイズプレゼンバラエティー Qさま!!||1193||1193||0||0||0.0||0.0
ファイナルファンタジーXII||1192||1192||6||6||0.0050335570469798654||0.0050335570469798654
ツンデレ||1191||1191||12||12||0.010075566750629723||0.010075566750629723
植田佳奈||1190||1190||11||11||0.009243697478991597||0.009243697478991597
鋼の錬金術師||1189||1189||3||3||0.002523128679562658||0.002523128679562658
24 -TWENTY FOUR-||1188||1188||3||3||0.0025252525252525255||0.0025252525252525255
早稲田大学の人物一覧||1188||1188||1||1||8.417508417508417E-4||8.417508417508417E-4
ハンセン病||1187||1187||3||3||0.002527379949452401||0.002527379949452401
ゼロの使い魔||1187||1187||10||10||0.008424599831508003||0.008424599831508003
中田英寿||1186||1186||8||8||0.006745362563237774||0.006745362563237774
小笠原道大||1186||1186||13||13||0.010961214165261383||0.010961214165261383
兵庫県出身の人物一覧||1182||1182||1||1||8.460236886632825E-4||8.460236886632825E-4
関智一||1181||1181||1||1||8.46740050804403E-4||8.46740050804403E-4
自由民主党 (日本)||1180||1180||10||10||0.00847457627118644||0.00847457627118644
ニコニコ動画||1180||1180||16||16||0.013559322033898305||0.013559322033898305
日本の女優一覧||1179||1179||4||4||0.0033927056827820186||0.0033927056827820186
戯言シリーズ||1177||1177||6||6||0.005097706032285472||0.005097706032285472
うたばん||1176||1176||3||3||0.002551020408163265||0.002551020408163265
PASMO||1175||1175||2||2||0.001702127659574468||0.001702127659574468
八王子市||1174||1174||2||2||0.0017035775127768314||0.0017035775127768314
太田市||1174||1174||0||0||0.0||0.0
杉田智和||1174||1174||3||3||0.002555366269165247||0.002555366269165247
深夜アニメ||1173||1173||1||1||8.525149190110827E-4||8.525149190110827E-4
伊集院光||1171||1171||2||2||0.0017079419299743809||0.0017079419299743809
天皇||1169||1169||8||8||0.006843455945252352||0.006843455945252352
Fate/stay night||1169||1169||6||6||0.0051325919589392645||0.0051325919589392645
広島ホームテレビ||1168||1168||0||0||0.0||0.0
宮崎駿||1167||1167||12||12||0.010282776349614395||0.010282776349614395
大乱闘スマッシュブラザーズシリーズ||1165||1165||6||6||0.005150214592274678||0.005150214592274678
サザエさん (テレビアニメ)||1165||1165||7||7||0.006008583690987125||0.006008583690987125
大倉忠義||1162||1162||5||5||0.004302925989672977||0.004302925989672977
福岡市||1162||1162||11||11||0.00946643717728055||0.00946643717728055
中井正広のブラックバラエティ||1161||1161||0||0||0.0||0.0
自動車の車種名一覧||1160||1160||0||0||0.0||0.0
午後は○○おもいッきりテレビ||1160||1160||1||1||8.620689655172414E-4||8.620689655172414E-4
ナインティナイン||1160||1160||1||1||8.620689655172414E-4||8.620689655172414E-4
彩雲国物語||1160||1160||0||0||0.0||0.0
置鮎龍太郎||1159||1159||2||2||0.001725625539257981||0.001725625539257981
金色のガッシュ!!||1159||1159||1||1||8.628127696289905E-4||8.628127696289905E-4
ゆず (音楽グループ)||1158||1158||4||4||0.0034542314335060447||0.0034542314335060447
松任谷由実||1156||1156||4||4||0.0034602076124567475||0.0034602076124567475
相模原市||1155||1155||6||6||0.005194805194805195||0.005194805194805195
電車でGO!||1155||1155||6||6||0.005194805194805195||0.005194805194805195
仮面ライダー龍騎||1154||1154||4||4||0.0034662045060658577||0.0034662045060658577
機動警察パトレイバー||1154||1154||1||1||8.665511265164644E-4||8.665511265164644E-4
神奈川県出身の人物一覧||1153||1153||0||0||0.0||0.0
機動戦士ガンダムSEED||1151||1151||7||7||0.006081668114682885||0.006081668114682885
岸尾だいすけ||1151||1151||0||0||0.0||0.0
千葉テレビ放送||1149||1149||0||0||0.0||0.0
WWEに所属する人物一覧||1149||1149||2||2||0.0017406440382941688||0.0017406440382941688
ちびまる子ちゃん||1147||1147||15||15||0.013077593722755012||0.013077593722755012
架空の武器||1143||1143||2||2||0.0017497812773403325||0.0017497812773403325
ミュージシャン一覧 (グループ)||1142||1142||1||1||8.756567425569177E-4||8.756567425569177E-4
SIREN (ゲームソフト)||1141||1141||1||1||8.764241893076249E-4||8.764241893076249E-4
銀河英雄伝説||1139||1139||3||3||0.0026338893766461808||0.0026338893766461808
結界師||1139||1139||5||5||0.004389815627743635||0.004389815627743635
ゲームセンターCXの放送内容||1138||1138||5||5||0.004393673110720563||0.004393673110720563
クイズマジックアカデミー||1137||1137||4||4||0.003518029903254178||0.003518029903254178
ヴィジュアル系||1136||1136||11||11||0.009683098591549295||0.009683098591549295
瀬戸内海放送||1136||1136||2||2||0.0017605633802816902||0.0017605633802816902
テイルズ オブ シリーズ||1135||1135||12||12||0.010572687224669603||0.010572687224669603
チュートリアル (お笑いコンビ)||1134||1134||1||1||8.818342151675485E-4||8.818342151675485E-4
西日本放送||1133||1133||1||1||8.8261253309797E-4||8.8261253309797E-4
北日本放送||1132||1132||2||2||0.0017667844522968198||0.0017667844522968198
船橋市||1132||1132||6||6||0.00530035335689046||0.00530035335689046
讀賣テレビ放送||1129||1129||1||1||8.857395925597874E-4||8.857395925597874E-4
ザ・ベストテン||1129||1129||0||0||0.0||0.0
帰ってきたウルトラマン||1129||1129||1||1||8.857395925597874E-4||8.857395925597874E-4
福岡県立修猷館高等学校||1129||1129||0||0||0.0||0.0
中日ドラゴンズ||1128||1128||5||5||0.004432624113475178||0.004432624113475178
高崎市||1128||1128||1||1||8.865248226950354E-4||8.865248226950354E-4
大田区||1127||1127||1||1||8.873114463176575E-4||8.873114463176575E-4
成田国際空港||1127||1127||8||8||0.00709849157054126||0.00709849157054126
自殺||1126||1126||12||12||0.010657193605683837||0.010657193605683837
ビーイング||1123||1123||8||8||0.007123775601068566||0.007123775601068566
ロンドンハーツ||1123||1123||0||0||0.0||0.0
封印作品||1123||1123||0||0||0.0||0.0
キン肉マン||1122||1122||2||2||0.0017825311942959||0.0017825311942959
東武鉄道||1121||1121||4||4||0.003568242640499554||0.003568242640499554
日本の市外局番||1121||1121||3||3||0.0026761819803746653||0.0026761819803746653
のだめカンタービレ||1121||1121||6||6||0.0053523639607493305||0.0053523639607493305
メダロット一覧||1121||1121||0||0||0.0||0.0
Mr.FULLSWING||1118||1118||4||4||0.0035778175313059034||0.0035778175313059034
旭川市||1117||1117||1||1||8.952551477170994E-4||8.952551477170994E-4
日本の男優一覧||1117||1117||1||1||8.952551477170994E-4||8.952551477170994E-4
SLAM DUNK||1117||1117||4||4||0.0035810205908683975||0.0035810205908683975
東京都||1116||1116||2||2||0.0017921146953405018||0.0017921146953405018
国鉄115系電車||1114||1114||5||5||0.004488330341113106||0.004488330341113106
ラーメン||1114||1114||9||9||0.00807899461400359||0.00807899461400359
若槻千夏||1114||1114||4||4||0.003590664272890485||0.003590664272890485
釧路市||1113||1113||0||0||0.0||0.0
浪川大輔||1112||1112||1||1||8.992805755395684E-4||8.992805755395684E-4
オリックス・バファローズ||1112||1112||2||2||0.0017985611510791368||0.0017985611510791368
携帯電話||1111||1111||8||8||0.0072007200720072||0.0072007200720072
山寺宏一||1111||1111||0||0||0.0||0.0
クォン・サンウ||1110||1110||3||3||0.002702702702702703||0.002702702702702703
朴ロ美||1109||1109||4||4||0.0036068530207394047||0.0036068530207394047
日産・スカイライン||1109||1109||1||1||9.017132551848512E-4||9.017132551848512E-4
法政大学の人物一覧||1108||1108||2||2||0.0018050541516245488||0.0018050541516245488
さんまのSUPERからくりTV||1108||1108||7||7||0.00631768953068592||0.00631768953068592
ゴジラ||1107||1107||4||4||0.0036133694670280035||0.0036133694670280035
笑福亭鶴瓶||1107||1107||7||7||0.006323396567299007||0.006323396567299007
新日本プロレス/history20160321||1107||1107||2||2||0.0018066847335140017||0.0018066847335140017
小田急電鉄||1106||1106||5||5||0.0045207956600361665||0.0045207956600361665
東京ドーム||1106||1106||3||3||0.0027124773960217||0.0027124773960217
鹿児島市||1106||1106||3||3||0.0027124773960217||0.0027124773960217
鉄道ファン||1106||1106||11||11||0.009945750452079566||0.009945750452079566
山手線||1105||1105||13||13||0.011764705882352941||0.011764705882352941
Dr.スランプ||1103||1103||6||6||0.005439709882139619||0.005439709882139619
落第忍者乱太郎の登場人物||1101||1101||0||0||0.0||0.0
2004年||1101||1101||7||7||0.006357856494096276||0.006357856494096276
美少女戦士セーラームーンの登場人物||1101||1101||0||0||0.0||0.0
関口宏の東京フレンドパークII||1099||1099||1||1||9.099181073703367E-4||9.099181073703367E-4
FNNスーパーニュース||1098||1098||2||2||0.0018214936247723133||0.0018214936247723133
日本レコード大賞||1096||1096||3||3||0.002737226277372263||0.002737226277372263
打ち切り||1096||1096||7||7||0.006386861313868613||0.006386861313868613
メタルギアソリッド||1096||1096||1||1||9.124087591240876E-4||9.124087591240876E-4
2005年日本国際博覧会||1096||1096||4||4||0.0036496350364963502||0.0036496350364963502
XXXHOLiC||1094||1094||3||3||0.002742230347349177||0.002742230347349177
ドイツ||1094||1094||15||15||0.013711151736745886||0.013711151736745886
中川翔子||1093||1093||17||17||0.01555352241537054||0.01555352241537054
タモリ倶楽部||1093||1093||2||2||0.0018298261665141812||0.0018298261665141812
BoA||1092||1092||10||10||0.009157509157509158||0.009157509157509158
ベトナム戦争||1085||1085||9||9||0.008294930875576038||0.008294930875576038
岩手県出身の人物一覧||1085||1085||0||0||0.0||0.0
やじうまプラス||1083||1083||1||1||9.233610341643582E-4||9.233610341643582E-4
D.C. 〜ダ・カーポ〜||1083||1083||7||7||0.006463527239150508||0.006463527239150508
戦え!超ロボット生命体トランスフォーマー||1082||1082||2||2||0.0018484288354898336||0.0018484288354898336
キリスト教||1081||1081||3||3||0.0027752081406105457||0.0027752081406105457
メイプルストーリー||1080||1080||15||15||0.013888888888888888||0.013888888888888888
うる星やつら||1079||1079||4||4||0.0037071362372567192||0.0037071362372567192
堂本光一||1079||1079||2||2||0.0018535681186283596||0.0018535681186283596
群馬県||1079||1079||2||2||0.0018535681186283596||0.0018535681186283596
サザエさんの登場人物||1078||1078||8||8||0.0074211502782931356||0.0074211502782931356
日本の高校野球||1077||1077||5||5||0.004642525533890436||0.004642525533890436
東海ラジオ放送||1074||1074||1||1||9.31098696461825E-4||9.31098696461825E-4
サンフレッチェ広島F.C||1072||1072||3||3||0.002798507462686567||0.002798507462686567
豊臣秀吉||1072||1072||15||15||0.013992537313432836||0.013992537313432836
山口勝平||1071||1071||1||1||9.337068160597573E-4||9.337068160597573E-4
あたしンち||1070||1070||8||8||0.007476635514018692||0.007476635514018692
ライフ (漫画)||1070||1070||5||5||0.004672897196261682||0.004672897196261682
瀬戸の花嫁 (漫画)||1070||1070||0||0||0.0||0.0
さだまさし||1069||1069||6||6||0.005612722170252572||0.005612722170252572
オリエンタルラジオ||1067||1067||5||5||0.004686035613870665||0.004686035613870665
横山やすし||1066||1066||1||1||9.380863039399625E-4||9.380863039399625E-4
ダウンタウンのガキの使いやあらへんで!!の企画||1066||1066||2||2||0.001876172607879925||0.001876172607879925
仮面ライダーシリーズ||1065||1065||7||7||0.006572769953051643||0.006572769953051643
京阪電気鉄道||1064||1064||2||2||0.0018796992481203006||0.0018796992481203006
プロ野球中継||1063||1063||0||0||0.0||0.0
沢城みゆき||1063||1063||8||8||0.007525870178739417||0.007525870178739417
NEWS23||1062||1062||22||22||0.02071563088512241||0.02071563088512241
ロックマンXシリーズ||1062||1062||2||2||0.0018832391713747645||0.0018832391713747645
こちら葛飾区亀有公園前派出所の登場人物||1062||1062||3||3||0.002824858757062147||0.002824858757062147
必殺シリーズ||1061||1061||0||0||0.0||0.0
テレビ山口||1060||1060||1||1||9.433962264150943E-4||9.433962264150943E-4
発車メロディ||1060||1060||3||3||0.002830188679245283||0.002830188679245283
三浦知良||1059||1059||8||8||0.007554296506137866||0.007554296506137866
とんねるずのみなさんのおかげでした||1059||1059||3||3||0.0028328611898017||0.0028328611898017
長野県||1056||1056||6||6||0.005681818181818182||0.005681818181818182
水樹奈々||1056||1056||20||20||0.01893939393939394||0.01893939393939394
バイオハザードシリーズ||1056||1056||2||2||0.001893939393939394||0.001893939393939394
中央本線||1056||1056||3||3||0.002840909090909091||0.002840909090909091
戦国無双シリーズ||1056||1056||2||2||0.001893939393939394||0.001893939393939394
仮面ライダー||1055||1055||7||7||0.006635071090047393||0.006635071090047393
笑いの金メダル||1055||1055||3||3||0.002843601895734597||0.002843601895734597
中京テレビ放送||1054||1054||1||1||9.487666034155598E-4||9.487666034155598E-4
レイザーラモンHG||1054||1054||6||6||0.0056925996204933585||0.0056925996204933585
探偵学園Q||1054||1054||14||14||0.013282732447817837||0.013282732447817837
真選組||1053||1053||1||1||9.49667616334283E-4||9.49667616334283E-4
ジパング (漫画)||1052||1052||3||3||0.0028517110266159697||0.0028517110266159697
福井放送||1052||1052||1||1||9.505703422053232E-4||9.505703422053232E-4
京都大学の人物一覧||1052||1052||1||1||9.505703422053232E-4||9.505703422053232E-4
東北放送||1051||1051||0||0||0.0||0.0
静岡放送||1050||1050||0||0||0.0||0.0
北九州市||1050||1050||1||1||9.523809523809524E-4||9.523809523809524E-4
8時だョ!全員集合||1049||1049||3||3||0.002859866539561487||0.002859866539561487
機動戦士ガンダムSEED ASTRAYシリーズの登場人物||1049||1049||1||1||9.532888465204957E-4||9.532888465204957E-4
あずまんが大王||1048||1048||5||5||0.004770992366412214||0.004770992366412214
名探偵コナン||1048||1048||12||12||0.011450381679389313||0.011450381679389313
巨人の星||1047||1047||2||2||0.0019102196752626551||0.0019102196752626551
ソウルイーター||1047||1047||3||3||0.0028653295128939827||0.0028653295128939827
首都圏新都市鉄道つくばエクスプレス||1047||1047||6||6||0.0057306590257879654||0.0057306590257879654
ひだまりスケッチ||1046||1046||2||2||0.0019120458891013384||0.0019120458891013384
大阪府||1046||1046||8||8||0.0076481835564053535||0.0076481835564053535
Blu-ray Disc||1045||1045||4||4||0.003827751196172249||0.003827751196172249
テレビ愛知||1045||1045||1||1||9.569377990430622E-4||9.569377990430622E-4
バガボンド||1044||1044||1||1||9.578544061302681E-4||9.578544061302681E-4
北千住駅||1042||1042||3||3||0.0028790786948176585||0.0028790786948176585
法政大学||1042||1042||11||11||0.01055662188099808||0.01055662188099808
大塚明夫||1041||1041||1||1||9.606147934678194E-4||9.606147934678194E-4
東海旅客鉄道||1041||1041||13||13||0.012487992315081652||0.012487992315081652
江頭2:50||1039||1039||9||9||0.008662175168431183||0.008662175168431183
テレビ東京番組一覧||1039||1039||0||0||0.0||0.0
ルパン三世 (TV第2シリーズ)の登場人物||1039||1039||2||2||0.0019249278152069298||0.0019249278152069298
2007年のテレビ (日本)||1039||1039||2||2||0.0019249278152069298||0.0019249278152069298
カードキャプターさくら||1037||1037||2||2||0.0019286403085824494||0.0019286403085824494
仮面ライダークウガ||1036||1036||3||3||0.0028957528957528956||0.0028957528957528956
Suica||1036||1036||7||7||0.006756756756756757||0.006756756756756757
GANTZ||1036||1036||4||4||0.003861003861003861||0.003861003861003861
橋下徹||1036||1036||11||11||0.010617760617760617||0.010617760617760617
熊本市||1036||1036||3||3||0.0028957528957528956||0.0028957528957528956
魔弾戦記リュウケンドー||1035||1035||5||5||0.004830917874396135||0.004830917874396135
コサキンDEワァオ!||1034||1034||0||0||0.0||0.0
クレヨンしんちゃん (アニメ)||1034||1034||12||12||0.01160541586073501||0.01160541586073501
福島テレビ||1033||1033||1||1||9.68054211035818E-4||9.68054211035818E-4
国際空港の一覧||1033||1033||0||0||0.0||0.0
同姓同名||1033||1033||2||2||0.001936108422071636||0.001936108422071636
2008年||1031||1031||11||11||0.01066925315227934||0.01066925315227934
エフエム東京||1030||1030||0||0||0.0||0.0
日本のテレビドラマ一覧||1030||1030||0||0||0.0||0.0
ケンコー全裸系水泳部 ウミショー||1030||1030||1||1||9.70873786407767E-4||9.70873786407767E-4
テレビ離れ||1028||1028||18||18||0.017509727626459144||0.017509727626459144
交響詩篇エウレカセブン||1027||1027||2||2||0.0019474196689386564||0.0019474196689386564
ネコ||1026||1026||14||14||0.01364522417153996||0.01364522417153996
聖闘士星矢||1025||1025||3||3||0.002926829268292683||0.002926829268292683
小野大輔||1025||1025||1||1||9.75609756097561E-4||9.75609756097561E-4
ジャンプ!○○中||1025||1025||2||2||0.001951219512195122||0.001951219512195122
2008年のテレビ (日本)||1025||1025||2||2||0.001951219512195122||0.001951219512195122
クラシック音楽の曲名一覧||1024||1024||0||0||0.0||0.0
デスノート (映画)||1024||1024||5||5||0.0048828125||0.0048828125
ファイナルファンタジーVII||1024||1024||14||14||0.013671875||0.013671875
太平洋戦争||1023||1023||9||9||0.008797653958944282||0.008797653958944282
金沢市||1022||1022||2||2||0.0019569471624266144||0.0019569471624266144
広岡達朗||1022||1022||5||5||0.004892367906066536||0.004892367906066536
小島よしお||1022||1022||20||20||0.019569471624266144||0.019569471624266144
京成電鉄||1022||1022||3||3||0.0029354207436399216||0.0029354207436399216
TBSテレビ||1022||1022||7||7||0.00684931506849315||0.00684931506849315
キテレツ大百科||1021||1021||5||5||0.004897159647404506||0.004897159647404506
桑田佳祐||1021||1021||5||5||0.004897159647404506||0.004897159647404506
Ya-Ya-yah||1019||1019||2||2||0.001962708537782139||0.001962708537782139
公明党||1019||1019||8||8||0.007850834151128557||0.007850834151128557
トヨタ・クラウン||1019||1019||3||3||0.002944062806673209||0.002944062806673209
茨城県||1019||1019||5||5||0.004906771344455349||0.004906771344455349
ウルトラ怪獣一覧||1018||1018||3||3||0.0029469548133595285||0.0029469548133595285
児童性的虐待||1016||1016||3||3||0.002952755905511811||0.002952755905511811
京阪本線||1015||1015||0||0||0.0||0.0
薮宏太||1015||1015||3||3||0.002955665024630542||0.002955665024630542
ヨシモト∞||1014||1014||0||0||0.0||0.0
岡山市||1013||1013||9||9||0.008884501480750246||0.008884501480750246
山口放送||1013||1013||1||1||9.871668311944718E-4||9.871668311944718E-4
ケータイ刑事 銭形シリーズ||1013||1013||1||1||9.871668311944718E-4||9.871668311944718E-4
埼玉県||1013||1013||5||5||0.004935834155972359||0.004935834155972359
デュエル・マスターズ||1013||1013||2||2||0.0019743336623889436||0.0019743336623889436
零式艦上戦闘機||1012||1012||5||5||0.004940711462450593||0.004940711462450593
西部警察||1011||1011||1||1||9.891196834817012E-4||9.891196834817012E-4
政令指定都市||1010||1010||14||14||0.013861386138613862||0.013861386138613862
日本選手権シリーズ||1010||1010||0||0||0.0||0.0
井上喜久子||1009||1009||2||2||0.0019821605550049554||0.0019821605550049554
さいたま市||1009||1009||6||6||0.005946481665014866||0.005946481665014866
イギリス||1009||1009||16||16||0.015857284440039643||0.015857284440039643
手越祐也||1007||1007||9||9||0.00893743793445879||0.00893743793445879
ニッポン放送番組一覧||1007||1007||1||1||9.930486593843098E-4||9.930486593843098E-4
西郷隆盛||1005||1005||6||6||0.005970149253731343||0.005970149253731343
キャプテン翼の登場人物||1005||1005||2||2||0.001990049751243781||0.001990049751243781
仮面ライダーSPIRITS||1003||1003||2||2||0.0019940179461615153||0.0019940179461615153
のだめカンタービレ (テレビドラマ)||1002||1002||0||0||0.0||0.0
アイルトン・セナ||1001||1001||1||1||9.99000999000999E-4||9.99000999000999E-4
中華人民共和国||1000||1000||8||8||0.008||0.008
20世紀少年||1000||1000||5||5||0.005||0.005
靖国神社||999||999||12||12||0.012012012012012012||0.012012012012012012
東海大学||999||999||5||5||0.005005005005005005||0.005005005005005005
ミュージックステーションスーパーライブ||999||999||1||1||0.001001001001001001||0.001001001001001001
鹿島アントラーズ||998||998||2||2||0.002004008016032064||0.002004008016032064
大宮駅 (埼玉県)||998||998||2||2||0.002004008016032064||0.002004008016032064
東條英機||997||997||4||4||0.004012036108324975||0.004012036108324975
千葉県出身の人物一覧||997||997||3||3||0.003009027081243731||0.003009027081243731
地球温暖化||997||997||38||38||0.03811434302908726||0.03811434302908726
D.C.II 〜ダ・カーポII〜||996||996||3||3||0.0030120481927710845||0.0030120481927710845
To LOVEる -とらぶる-||996||996||13||13||0.013052208835341365||0.013052208835341365
次長課長||995||995||3||3||0.003015075376884422||0.003015075376884422
華原朋美||994||994||3||3||0.0030181086519114686||0.0030181086519114686
コンピュータゲームのタイトル一覧||993||993||2||2||0.002014098690835851||0.002014098690835851
三木眞一郎||993||993||2||2||0.002014098690835851||0.002014098690835851
YOSHIKI||991||991||11||11||0.011099899091826439||0.011099899091826439
香港||990||990||5||5||0.005050505050505051||0.005050505050505051
飛田展男||988||988||0||0||0.0||0.0
BAMBOO BLADE||988||988||2||2||0.0020242914979757085||0.0020242914979757085
プリズン・ブレイク||988||988||2||2||0.0020242914979757085||0.0020242914979757085
ONE PIECE (アニメ)||988||988||18||18||0.018218623481781375||0.018218623481781375
宮崎あおい||988||988||18||18||0.018218623481781375||0.018218623481781375
キャプテン翼||986||986||0||0||0.0||0.0
湘南新宿ライン||986||986||6||6||0.006085192697768763||0.006085192697768763
遊☆戯☆王の登場人物||984||984||1||1||0.0010162601626016261||0.0010162601626016261
中島みゆき||984||984||15||15||0.01524390243902439||0.01524390243902439
テイルズ オブ レジェンディア||983||983||4||4||0.004069175991861648||0.004069175991861648
ウルトラセブン||983||983||3||3||0.003051881993896236||0.003051881993896236
日本大学||983||983||10||10||0.01017293997965412||0.01017293997965412
京浜急行電鉄||982||982||4||4||0.004073319755600814||0.004073319755600814
忍たま乱太郎||982||982||1||1||0.0010183299389002036||0.0010183299389002036
サザエさん||981||981||6||6||0.0061162079510703364||0.0061162079510703364
プロレスラー一覧||980||980||0||0||0.0||0.0
ズームイン!!朝!||980||980||1||1||0.0010204081632653062||0.0010204081632653062
ベルセルク (漫画)||980||980||0||0||0.0||0.0
HUNTER×HUNTERの登場人物||980||980||1||1||0.0010204081632653062||0.0010204081632653062
埼京線||980||980||3||3||0.003061224489795918||0.003061224489795918
日本三大一覧||979||979||11||11||0.011235955056179775||0.011235955056179775
スーパー戦隊Vシネマ||979||979||6||6||0.006128702757916241||0.006128702757916241
天理教||979||979||1||1||0.0010214504596527069||0.0010214504596527069
桑島法子||978||978||0||0||0.0||0.0
長野県出身の人物一覧||978||978||0||0||0.0||0.0
エースコンバットシリーズ||978||978||1||1||0.0010224948875255625||0.0010224948875255625
ブラック・ジャック||978||978||3||3||0.003067484662576687||0.003067484662576687
ソーシャル・ネットワーキング・サービス||977||977||10||10||0.01023541453428864||0.01023541453428864
武豊||977||977||1||1||0.0010235414534288639||0.0010235414534288639
埼玉西武ライオンズ||976||976||1||1||0.0010245901639344263||0.0010245901639344263
ACジャパン||976||976||7||7||0.007172131147540984||0.007172131147540984
金曜ロードSHOW!||976||976||3||3||0.0030737704918032786||0.0030737704918032786
JR東日本209系電車||975||975||11||11||0.011282051282051283||0.011282051282051283
女王の教室||975||975||1||1||0.0010256410256410256||0.0010256410256410256
ジョン・レノン||974||974||3||3||0.003080082135523614||0.003080082135523614
川澄綾子||974||974||5||5||0.00513347022587269||0.00513347022587269
拓殖大学||974||974||2||2||0.002053388090349076||0.002053388090349076
デトロイト・メタル・シティ||974||974||3||3||0.003080082135523614||0.003080082135523614
地球戦隊ファイブマン||973||973||2||2||0.0020554984583761563||0.0020554984583761563
遊☆戯☆王デュエルモンスターズ||973||973||1||1||0.0010277492291880781||0.0010277492291880781
松山市||972||972||3||3||0.0030864197530864196||0.0030864197530864196
『ぷっ』すま||972||972||3||3||0.0030864197530864196||0.0030864197530864196
沖縄戦||972||972||23||23||0.023662551440329218||0.023662551440329218
日本体育大学||972||972||3||3||0.0030864197530864196||0.0030864197530864196
中村悠一||971||971||1||1||0.0010298661174047373||0.0010298661174047373
護廷十三隊||971||971||3||3||0.003089598352214212||0.003089598352214212
ポーランド||970||970||3||3||0.003092783505154639||0.003092783505154639
テレビせとうち||970||970||1||1||0.0010309278350515464||0.0010309278350515464
熊谷市||970||970||3||3||0.003092783505154639||0.003092783505154639
田中理恵 (声優)||969||969||4||4||0.0041279669762641896||0.0041279669762641896
福山雅治||968||968||3||3||0.0030991735537190084||0.0030991735537190084
ボーイスカウト||966||966||6||6||0.006211180124223602||0.006211180124223602
小田和正||966||966||2||2||0.002070393374741201||0.002070393374741201
上杉謙信||966||966||11||11||0.011387163561076604||0.011387163561076604
倉敷市||965||965||0||0||0.0||0.0
スピッツ (バンド)||965||965||2||2||0.002072538860103627||0.002072538860103627
DIR EN GREY||965||965||3||3||0.0031088082901554403||0.0031088082901554403
ゼロの使い魔の登場人物||965||965||1||1||0.0010362694300518134||0.0010362694300518134
長寿番組の一覧||964||964||2||2||0.002074688796680498||0.002074688796680498
八乙女光||963||963||7||7||0.007268951194184839||0.007268951194184839
WWE||962||962||3||3||0.0031185031185031187||0.0031185031185031187
伊集院光 深夜の馬鹿力||962||962||0||0||0.0||0.0
舞-HiME||962||962||0||0||0.0||0.0
任天堂||960||960||7||7||0.007291666666666667||0.007291666666666667
ドラゴンクエストV 天空の花嫁||960||960||4||4||0.004166666666666667||0.004166666666666667
渋谷すばる||960||960||1||1||0.0010416666666666667||0.0010416666666666667
ゼルダの伝説シリーズ||959||959||6||6||0.006256517205422315||0.006256517205422315
東北本線||959||959||3||3||0.0031282586027111575||0.0031282586027111575
ウルトラマンティガの登場怪獣||959||959||1||1||0.0010427528675703858||0.0010427528675703858
新快速||958||958||32||32||0.033402922755741124||0.033402922755741124
神谷浩史||958||958||0||0||0.0||0.0
星のカービィ (アニメ)||958||958||4||4||0.0041753653444676405||0.0041753653444676405
モンスターハンターのモンスター一覧||958||958||4||4||0.0041753653444676405||0.0041753653444676405
菅直人||958||958||5||5||0.005219206680584551||0.005219206680584551
山梨放送||957||957||0||0||0.0||0.0
明治大学||957||957||14||14||0.014629049111807733||0.014629049111807733
Xbox 360||956||956||12||12||0.012552301255230125||0.012552301255230125
東方Projectの登場人物||956||956||11||11||0.011506276150627616||0.011506276150627616
東京急行電鉄||954||954||4||4||0.0041928721174004195||0.0041928721174004195
松本人志||954||954||5||5||0.005241090146750524||0.005241090146750524
台湾||954||954||17||17||0.01781970649895178||0.01781970649895178
西城秀樹||954||954||5||5||0.005241090146750524||0.005241090146750524
川嶋あい||954||954||4||4||0.0041928721174004195||0.0041928721174004195
リヴリーアイランド||953||953||5||5||0.005246589716684155||0.005246589716684155
バフィー 〜恋する十字架〜||953||953||2||2||0.002098635886673662||0.002098635886673662
鳥人戦隊ジェットマン||952||952||6||6||0.0063025210084033615||0.0063025210084033615
京都市||952||952||4||4||0.004201680672268907||0.004201680672268907
ローソン||952||952||3||3||0.0031512605042016808||0.0031512605042016808
青森朝日放送||952||952||0||0||0.0||0.0
北海道テレビ放送||952||952||2||2||0.0021008403361344537||0.0021008403361344537
太陽にほえろ!||952||952||1||1||0.0010504201680672268||0.0010504201680672268
日立 世界・ふしぎ発見!||952||952||10||10||0.01050420168067227||0.01050420168067227
山田涼介||952||952||8||8||0.008403361344537815||0.008403361344537815
ボボボーボ・ボーボボの登場人物一覧||951||951||2||2||0.002103049421661409||0.002103049421661409
武蔵野線||951||951||4||4||0.004206098843322818||0.004206098843322818
日本の法学者一覧||950||950||2||2||0.002105263157894737||0.002105263157894737
インド||949||949||3||3||0.003161222339304531||0.003161222339304531
連続テレビ小説||949||949||0||0||0.0||0.0
同志社大学||949||949||4||4||0.004214963119072708||0.004214963119072708
国鉄205系電車||949||949||9||9||0.009483667017913594||0.009483667017913594
東京メトロ東西線||946||946||3||3||0.003171247357293869||0.003171247357293869
特捜戦隊デカレンジャー||946||946||1||1||0.0010570824524312897||0.0010570824524312897
ボク少女||946||946||3||3||0.003171247357293869||0.003171247357293869
大乱闘スマッシュブラザーズX||946||946||11||11||0.011627906976744186||0.011627906976744186
倖田來未||946||946||2||2||0.0021141649048625794||0.0021141649048625794
東武東上本線||945||945||0||0||0.0||0.0
伊藤静||945||945||3||3||0.0031746031746031746||0.0031746031746031746
世にも奇妙な物語||945||945||3||3||0.0031746031746031746||0.0031746031746031746
愛のエプロン||944||944||2||2||0.00211864406779661||0.00211864406779661
侮蔑||944||944||3||3||0.0031779661016949155||0.0031779661016949155
岡山放送||943||943||0||0||0.0||0.0
文化放送||943||943||3||3||0.003181336161187699||0.003181336161187699
浅野真澄||942||942||8||8||0.008492569002123142||0.008492569002123142
横山裕||942||942||0||0||0.0||0.0
ロザリオとバンパイア||942||942||2||2||0.0021231422505307855||0.0021231422505307855
三重テレビ放送||942||942||2||2||0.0021231422505307855||0.0021231422505307855
フランス||942||942||20||20||0.021231422505307854||0.021231422505307854
小清水亜美||942||942||3||3||0.0031847133757961785||0.0031847133757961785
名古屋駅||941||941||3||3||0.003188097768331562||0.003188097768331562
金田一少年の事件簿||941||941||2||2||0.0021253985122210413||0.0021253985122210413
フジテレビ番組一覧||941||941||0||0||0.0||0.0
ロックマンシリーズ||940||940||3||3||0.0031914893617021275||0.0031914893617021275
東国原英夫||940||940||9||9||0.009574468085106383||0.009574468085106383
仮面ライダー555||939||939||5||5||0.005324813631522897||0.005324813631522897
五木ひろし||939||939||2||2||0.002129925452609159||0.002129925452609159
トヨタのエンジン型式一覧||939||939||0||0||0.0||0.0
朝鮮民主主義人民共和国||939||939||16||16||0.01703940362087327||0.01703940362087327
同性愛||939||939||8||8||0.008519701810436636||0.008519701810436636
ロックマンエグゼ (アニメ)||938||938||3||3||0.0031982942430703624||0.0031982942430703624
アニメシャワー||938||938||1||1||0.0010660980810234541||0.0010660980810234541
サトシ (アニメポケットモンスター)||938||938||10||10||0.010660980810234541||0.010660980810234541
中村俊輔||938||938||13||13||0.013859275053304905||0.013859275053304905
北海道||937||937||6||6||0.0064034151547491995||0.0064034151547491995
沢田研二||937||937||0||0||0.0||0.0
志村けん||937||937||1||1||0.0010672358591248667||0.0010672358591248667
ビートたけし||936||936||1||1||0.0010683760683760685||0.0010683760683760685
GUILTY GEAR||936||936||1||1||0.0010683760683760685||0.0010683760683760685
日本のロック||936||936||0||0||0.0||0.0
オアシス (バンド)||935||935||1||1||0.0010695187165775401||0.0010695187165775401
廃駅||934||934||0||0||0.0||0.0
DEATH NOTE (アニメ)||934||934||9||9||0.009635974304068522||0.009635974304068522
源義経||933||933||2||2||0.0021436227224008574||0.0021436227224008574
ゴルゴ13||933||933||1||1||0.0010718113612004287||0.0010718113612004287
YouTube||933||933||23||23||0.02465166130760986||0.02465166130760986
アダルトゲーム一覧||932||932||3||3||0.003218884120171674||0.003218884120171674
新潟県中越地震||932||932||2||2||0.002145922746781116||0.002145922746781116
宮野真守||932||932||2||2||0.002145922746781116||0.002145922746781116
大江千里 (アーティスト)||932||932||4||4||0.004291845493562232||0.004291845493562232
スーパーJチャンネル||932||932||2||2||0.002145922746781116||0.002145922746781116
日本の漫画作品一覧||931||931||3||3||0.00322234156820623||0.00322234156820623
自動車||931||931||3||3||0.00322234156820623||0.00322234156820623
東京メトロ副都心線||931||931||8||8||0.008592910848549946||0.008592910848549946
高松市||931||931||2||2||0.0021482277121374865||0.0021482277121374865
安倍なつみ||930||930||18||18||0.01935483870967742||0.01935483870967742
宇都宮線||930||930||2||2||0.002150537634408602||0.002150537634408602
ひぐらしのなく頃にの登場人物||930||930||6||6||0.0064516129032258064||0.0064516129032258064
Perfume||930||930||3||3||0.0032258064516129032||0.0032258064516129032
グランド・セフト・オートシリーズ||929||929||1||1||0.001076426264800861||0.001076426264800861
プロレスリング・ノア||929||929||9||9||0.00968783638320775||0.00968783638320775
かっとばせ!キヨハラくん||929||929||0||0||0.0||0.0
関俊彦||928||928||0||0||0.0||0.0
コードギアスシリーズの機動兵器一覧||928||928||3||3||0.003232758620689655||0.003232758620689655
天才||928||928||8||8||0.008620689655172414||0.008620689655172414
魔法少女リリカルなのはシリーズの登場人物||927||927||7||7||0.007551240560949299||0.007551240560949299
仮面ライダーアギト||926||926||4||4||0.004319654427645789||0.004319654427645789
名鉄特急||926||926||2||2||0.0021598272138228943||0.0021598272138228943
デジモンアドベンチャー||926||926||2||2||0.0021598272138228943||0.0021598272138228943
高崎線||925||925||3||3||0.003243243243243243||0.003243243243243243
福岡県||925||925||8||8||0.008648648648648649||0.008648648648648649
真・三國無双シリーズ||925||925||4||4||0.004324324324324324||0.004324324324324324
相模鉄道||925||925||0||0||0.0||0.0
新婚さんいらっしゃい!||924||924||0||0||0.0||0.0
みのもんた||922||922||7||7||0.007592190889370932||0.007592190889370932
陰謀論||922||922||5||5||0.005422993492407809||0.005422993492407809
魔法先生ネギま!||922||922||0||0||0.0||0.0
News zero||920||920||9||9||0.009782608695652175||0.009782608695652175
里田まい||920||920||6||6||0.006521739130434782||0.006521739130434782
仲間由紀恵||920||920||2||2||0.002173913043478261||0.002173913043478261
兵庫県||919||919||4||4||0.004352557127312296||0.004352557127312296
山形放送||919||919||0||0||0.0||0.0
井上和彦 (声優)||918||918||2||2||0.002178649237472767||0.002178649237472767
新選組!||918||918||2||2||0.002178649237472767||0.002178649237472767
全国高校野球選手権大会中継||918||918||0||0||0.0||0.0
蒼穹のファフナー||918||918||3||3||0.0032679738562091504||0.0032679738562091504
山口県出身の人物一覧||918||918||3||3||0.0032679738562091504||0.0032679738562091504
とんねるず||917||917||4||4||0.004362050163576881||0.004362050163576881
名古屋市||916||916||3||3||0.0032751091703056767||0.0032751091703056767
ドラゴンクエストIV 導かれし者たち||916||916||5||5||0.0054585152838427945||0.0054585152838427945
四国放送||916||916||1||1||0.001091703056768559||0.001091703056768559
日本の市町村の廃置分合||916||916||1||1||0.001091703056768559||0.001091703056768559
菊名駅||915||915||3||3||0.003278688524590164||0.003278688524590164
和泉市||915||915||0||0||0.0||0.0
魔法騎士レイアース||914||914||1||1||0.0010940919037199124||0.0010940919037199124
在日韓国・朝鮮人||914||914||44||44||0.04814004376367615||0.04814004376367615
エイベックス・グループ||914||914||8||8||0.0087527352297593||0.0087527352297593
メタルギアソリッド4||913||913||7||7||0.007667031763417305||0.007667031763417305
東日本旅客鉄道||912||912||4||4||0.0043859649122807015||0.0043859649122807015
東芝||912||912||1||1||0.0010964912280701754||0.0010964912280701754
福田康夫||911||911||3||3||0.003293084522502744||0.003293084522502744
コンビニATM||911||911||0||0||0.0||0.0
犬夜叉||911||911||7||7||0.007683863885839737||0.007683863885839737
東京都立日比谷高等学校の人物一覧||910||910||1||1||0.001098901098901099||0.001098901098901099
聖闘士星矢の登場人物||909||909||4||4||0.0044004400440044||0.0044004400440044
秋葉原||909||909||6||6||0.006600660066006601||0.006600660066006601
上田竜也||908||908||8||8||0.00881057268722467||0.00881057268722467
新垣結衣||908||908||14||14||0.015418502202643172||0.015418502202643172
ウルトラマンティガ||907||907||3||3||0.0033076074972436605||0.0033076074972436605
稲森いずみ||907||907||11||11||0.012127894156560088||0.012127894156560088
陣内智則||906||906||1||1||0.0011037527593818985||0.0011037527593818985
絶体絶命でんぢゃらすじーさん||906||906||2||2||0.002207505518763797||0.002207505518763797
王様のブランチ||906||906||1||1||0.0011037527593818985||0.0011037527593818985
東京地下鉄||905||905||0||0||0.0||0.0
IPod||905||905||3||3||0.0033149171270718232||0.0033149171270718232
ジェンダーフリー||905||905||8||8||0.008839779005524863||0.008839779005524863
暴れん坊将軍||905||905||4||4||0.004419889502762431||0.004419889502762431
NISSAN あ、安部礼司〜BEYOND THE AVERAGE||905||905||0||0||0.0||0.0
NARUTO -ナルト-の術||905||905||5||5||0.0055248618784530384||0.0055248618784530384
日本におけるゲーム機戦争||904||904||5||5||0.0055309734513274336||0.0055309734513274336
広島電鉄||903||903||2||2||0.0022148394241417496||0.0022148394241417496
なるトモ!||902||902||2||2||0.0022172949002217295||0.0022172949002217295
コブクロ||901||901||3||3||0.003329633740288568||0.003329633740288568
木村拓哉||901||901||10||10||0.011098779134295227||0.011098779134295227
シャーマンキング||901||901||0||0||0.0||0.0
香取慎吾||901||901||8||8||0.008879023307436182||0.008879023307436182
スバル・レガシィ||900||900||0||0||0.0||0.0
ゲゲゲの鬼太郎||900||900||0||0||0.0||0.0
大阪市||900||900||0||0||0.0||0.0
阪神甲子園球場||900||900||4||4||0.0044444444444444444||0.0044444444444444444
野球||899||899||10||10||0.011123470522803115||0.011123470522803115
英語||899||899||17||17||0.018909899888765295||0.018909899888765295
桂歌丸||899||899||3||3||0.0033370411568409346||0.0033370411568409346
渡邉恒雄||899||899||14||14||0.01557285873192436||0.01557285873192436
ガンダムシリーズの登場人物一覧||898||898||0||0||0.0||0.0
日本の温泉地一覧||897||897||1||1||0.0011148272017837235||0.0011148272017837235
Beatmania IIDX||897||897||3||3||0.0033444816053511705||0.0033444816053511705
タカアンドトシ||896||896||3||3||0.0033482142857142855||0.0033482142857142855
アントニオ猪木||894||894||2||2||0.0022371364653243847||0.0022371364653243847
上地雄輔||894||894||4||4||0.0044742729306487695||0.0044742729306487695
森喜朗||893||893||7||7||0.007838745800671893||0.007838745800671893
成田市||892||892||0||0||0.0||0.0
西武鉄道||891||891||5||5||0.005611672278338945||0.005611672278338945
PiTaPa||891||891||2||2||0.002244668911335578||0.002244668911335578
TBS NEWS (CS放送)||891||891||0||0||0.0||0.0
スバル・レオーネ||891||891||0||0||0.0||0.0
全国高等学校野球選手権大会||891||891||3||3||0.003367003367003367||0.003367003367003367
涼宮ハルヒシリーズの登場人物||891||891||18||18||0.020202020202020204||0.020202020202020204
中森明菜||891||891||3||3||0.003367003367003367||0.003367003367003367
長渕剛||890||890||5||5||0.0056179775280898875||0.0056179775280898875
ファイアーエムブレムの登場人物 (テリウス大陸)||890||890||0||0||0.0||0.0
仙台駅||888||888||3||3||0.0033783783783783786||0.0033783783783783786
SOUL'd OUT||887||887||4||4||0.004509582863585118||0.004509582863585118
ウルトラマンレオ||887||887||3||3||0.0033821871476888386||0.0033821871476888386
ジーコ||887||887||3||3||0.0033821871476888386||0.0033821871476888386
ダウンタウンのごっつええ感じ||887||887||1||1||0.0011273957158962795||0.0011273957158962795
氷室京介||887||887||6||6||0.006764374295377677||0.006764374295377677
電車男||887||887||0||0||0.0||0.0
フロントミッションシリーズの登場人物||887||887||6||6||0.006764374295377677||0.006764374295377677
東京ディズニーランド||887||887||8||8||0.009019165727170236||0.009019165727170236
檜山修之||886||886||1||1||0.001128668171557562||0.001128668171557562
東北大学||886||886||6||6||0.006772009029345372||0.006772009029345372
勇者王ガオガイガー||885||885||14||14||0.015819209039548022||0.015819209039548022
Microsoft Windows Vista||885||885||36||36||0.04067796610169491||0.04067796610169491
野中藍||885||885||7||7||0.007909604519774011||0.007909604519774011
めぞん一刻||883||883||6||6||0.006795016987542469||0.006795016987542469
桜蘭高校ホスト部||883||883||0||0||0.0||0.0
戦国BASARAの登場人物||883||883||2||2||0.0022650056625141564||0.0022650056625141564
東京メトロ有楽町線||882||882||3||3||0.003401360544217687||0.003401360544217687
コミックマーケット||882||882||2||2||0.0022675736961451248||0.0022675736961451248
広島市||882||882||1||1||0.0011337868480725624||0.0011337868480725624
ラジオ・チャリティー・ミュージックソン||881||881||4||4||0.004540295119182747||0.004540295119182747
両津勘吉||880||880||3||3||0.003409090909090909||0.003409090909090909
封神演義 (漫画)||880||880||0||0||0.0||0.0
中島裕翔||880||880||13||13||0.014772727272727272||0.014772727272727272
渡辺美里||879||879||2||2||0.0022753128555176336||0.0022753128555176336
史上最強の弟子ケンイチ||879||879||2||2||0.0022753128555176336||0.0022753128555176336
竹島 (島根県)||879||879||20||20||0.022753128555176336||0.022753128555176336

