
Page||Recent Revisions||Total Revisions||Recent Reverts||Total Reverts||Recent Contention||Total Contention
ONE PIECEの登場人物一覧/log||4858||4858||25||25||0.00514615067929189||0.00514615067929189
仮面ライダー電王/log20080331||4075||4075||21||21||0.0051533742331288344||0.0051533742331288344
舞-乙HiME/log20120619||3946||3946||0||0||0.0||0.0
BLEACH/log20080419||3696||3696||18||18||0.00487012987012987||0.00487012987012987
銀魂/log20081129||3661||3661||8||8||0.002185195301830101||0.002185195301830101
ONE PIECE/log||3606||3606||29||29||0.008042151968940654||0.008042151968940654
コードギアス 反逆のルルーシュ/log20080407||3351||3351||19||19||0.005669949268874963||0.005669949268874963
銀魂の登場人物一覧/log20080904||3210||3210||2||2||6.230529595015577E-4||6.230529595015577E-4
ウルトラマンメビウス/log20100825||3136||3136||32||32||0.01020408163265306||0.01020408163265306
ネプリーグ/log20091026||2956||2956||6||6||0.0020297699594046007||0.0020297699594046007
ケロロ軍曹の登場人物一覧/log20090210||2918||2918||5||5||0.0017135023989033585||0.0017135023989033585
ケロロ軍曹||2880||2880||6||6||0.0020833333333333333||0.0020833333333333333
第二次世界大戦/log20120619||2704||2704||14||14||0.005177514792899409||0.005177514792899409
D.Gray-man||2698||2698||6||6||0.002223869532987398||0.002223869532987398
森田一義アワー 笑っていいとも!/log20130117||2670||2670||12||12||0.0044943820224719105||0.0044943820224719105
ミュージックステーション/log20120615||2641||2641||5||5||0.001893222264293828||0.001893222264293828
クレヨンしんちゃん||2627||2627||6||6||0.0022839741149600305||0.0022839741149600305
NARUTO -ナルト-||2584||2584||18||18||0.00696594427244582||0.00696594427244582
DEATH NOTEの登場人物||2559||2559||4||4||0.0015631105900742479||0.0015631105900742479
涼宮ハルヒシリーズ/log20090701||2537||2537||29||29||0.011430823807646828||0.011430823807646828
DEATH NOTE||2520||2520||21||21||0.008333333333333333||0.008333333333333333
笑点/log20110201||2511||2511||5||5||0.001991238550378335||0.001991238550378335
日本/log20090827||2507||2507||49||49||0.01954527323494216||0.01954527323494216
2006年||2491||2491||27||27||0.010839020473705338||0.010839020473705338
モーニング娘。||2466||2466||15||15||0.006082725060827251||0.006082725060827251
アメリカ横断ウルトラクイズ||2465||2465||2||2||8.113590263691683E-4||8.113590263691683E-4
広島県出身の人物一覧||2460||2460||0||0||0.0||0.0
読売ジャイアンツ||2454||2454||9||9||0.003667481662591687||0.003667481662591687
らき☆すた||2397||2397||21||21||0.008760951188986232||0.008760951188986232
轟轟戦隊ボウケンジャー||2390||2390||12||12||0.00502092050209205||0.00502092050209205
キン肉マンの登場人物||2370||2370||6||6||0.002531645569620253||0.002531645569620253
クイズ!ヘキサゴンII/log20090401||2369||2369||5||5||0.002110595187842972||0.002110595187842972
獣拳戦隊ゲキレンジャー||2365||2365||21||21||0.008879492600422832||0.008879492600422832
破面||2344||2344||2||2||8.532423208191126E-4||8.532423208191126E-4
魔人探偵脳噛ネウロ||2343||2343||3||3||0.0012804097311139564||0.0012804097311139564
ドラえもん||2328||2328||24||24||0.010309278350515464||0.010309278350515464
ローゼンメイデン/history 20130917||2322||2322||26||26||0.01119724375538329||0.01119724375538329
ドラゴンボールの登場人物||2308||2308||5||5||0.002166377816291161||0.002166377816291161
BLEACHの登場人物||2293||2293||5||5||0.002180549498473615||0.002180549498473615
B'z||2290||2290||36||36||0.01572052401746725||0.01572052401746725
クイズ世界はSHOW by ショーバイ!!||2238||2238||3||3||0.0013404825737265416||0.0013404825737265416
プレイステーション3/log20100415||2227||2227||21||21||0.009429726088908847||0.009429726088908847
ナインティナインのオールナイトニッポン||2187||2187||5||5||0.002286236854138089||0.002286236854138089
2005年||2185||2185||6||6||0.002745995423340961||0.002745995423340961
アイシールド21||2176||2176||7||7||0.003216911764705882||0.003216911764705882
NARUTO -ナルト-の登場人物/log20120612||2149||2149||19||19||0.008841321544904607||0.008841321544904607
ズームイン!!SUPER/log20091228||2148||2148||1||1||4.655493482309125E-4||4.655493482309125E-4
めちゃ×2イケてるッ!||2143||2143||5||5||0.0023331777881474567||0.0023331777881474567
仙台市||2133||2133||14||14||0.006563525550867323||0.006563525550867323
ジャニーズJr.||2132||2132||10||10||0.004690431519699813||0.004690431519699813
FNS27時間テレビ||2116||2116||2||2||9.45179584120983E-4||9.45179584120983E-4
金色のガッシュ!!の登場人物||2093||2093||3||3||0.001433349259436216||0.001433349259436216
ゲームセンターCX/history20160321||2076||2076||7||7||0.003371868978805395||0.003371868978805395
水曜どうでしょう||2067||2067||2||2||9.675858732462506E-4||9.675858732462506E-4
国鉄103系電車||2045||2045||10||10||0.004889975550122249||0.004889975550122249
そこまで言って委員会NP||2041||2041||6||6||0.002939735423811857||0.002939735423811857
トヨタ自動車||2037||2037||19||19||0.009327442317133039||0.009327442317133039
毎日放送||2029||2029||4||4||0.001971414489896501||0.001971414489896501
仮面ライダーカブト||2005||2005||7||7||0.003491271820448878||0.003491271820448878
エンタの神様/log20091223||1994||1994||16||16||0.00802407221664995||0.00802407221664995
UHFアニメ||1991||1991||6||6||0.0030135610246107484||0.0030135610246107484
青森放送/history20180113||1986||1986||0||0||0.0||0.0
2007年||1979||1979||20||20||0.01010611419909045||0.01010611419909045
阪神タイガース||1973||1973||9||9||0.00456158134820071||0.00456158134820071
水戸黄門 (パナソニック ドラマシアター)||1963||1963||2||2||0.0010188487009679063||0.0010188487009679063
東京放送ホールディングス||1957||1957||15||15||0.007664793050587634||0.007664793050587634
石原慎太郎||1940||1940||35||35||0.01804123711340206||0.01804123711340206
日本の漫画家一覧||1924||1924||0||0||0.0||0.0
国鉄485系電車||1918||1918||3||3||0.0015641293013555788||0.0015641293013555788
錦戸亮||1902||1902||6||6||0.0031545741324921135||0.0031545741324921135
ちちんぷいぷい (テレビ番組)/history20180113||1900||1900||2||2||0.0010526315789473684||0.0010526315789473684
3年B組金八先生)/history20180113||1899||1899||4||4||0.00210637177461822||0.00210637177461822
デジモン一覧||1899||1899||4||4||0.00210637177461822||0.00210637177461822
テニスの王子様の登場人物/log20120614||1896||1896||2||2||0.0010548523206751054||0.0010548523206751054
フジテレビジョン||1894||1894||1||1||5.279831045406547E-4||5.279831045406547E-4
KAT-TUN||1884||1884||29||29||0.015392781316348195||0.015392781316348195
新世紀エヴァンゲリオン||1880||1880||12||12||0.006382978723404255||0.006382978723404255
北海道放送||1878||1878||1||1||5.324813631522897E-4||5.324813631522897E-4
鉄道事故||1868||1868||14||14||0.007494646680942184||0.007494646680942184
テレビ東京||1860||1860||3||3||0.0016129032258064516||0.0016129032258064516
愛知県出身の人物一覧||1857||1857||8||8||0.004308023694130318||0.004308023694130318
トリビアの泉 〜素晴らしきムダ知識〜||1845||1845||6||6||0.0032520325203252032||0.0032520325203252032
中部日本放送||1833||1833||2||2||0.0010911074740861974||0.0010911074740861974
遊☆戯☆王デュエルモンスターズGXの登場人物||1819||1819||3||3||0.0016492578339747114||0.0016492578339747114
武装錬金||1813||1813||1||1||5.515719801434088E-4||5.515719801434088E-4
古畑任三郎||1802||1802||8||8||0.004439511653718091||0.004439511653718091
ジャニーズ事務所||1798||1798||15||15||0.008342602892102336||0.008342602892102336
テレビ神奈川||1794||1794||8||8||0.004459308807134894||0.004459308807134894
静岡市||1791||1791||4||4||0.002233389168062535||0.002233389168062535
東京大学の人物一覧||1789||1789||2||2||0.0011179429849077697||0.0011179429849077697
ドラゴンボール||1787||1787||21||21||0.011751538891997761||0.011751538891997761
鋼の錬金術師の登場人物一覧/history 20120609||1782||1782||5||5||0.0028058361391694723||0.0028058361391694723
都市伝説||1779||1779||10||10||0.005621135469364812||0.005621135469364812
名探偵コナンの登場人物/history20180113||1768||1768||14||14||0.007918552036199095||0.007918552036199095
アニメ作品一覧||1766||1766||1||1||5.662514156285391E-4||5.662514156285391E-4
日本放送協会||1761||1761||4||4||0.002271436683702442||0.002271436683702442
ハヤテのごとく!の登場人物||1756||1756||7||7||0.003986332574031891||0.003986332574031891
ドラえもん (1979年のテレビアニメ)||1753||1753||10||10||0.005704506560182544||0.005704506560182544
BUMP OF CHICKEN||1736||1736||21||21||0.012096774193548387||0.012096774193548387
日本テレビ放送網||1714||1714||2||2||0.0011668611435239206||0.0011668611435239206
大韓民国||1714||1714||33||33||0.019253208868144692||0.019253208868144692
小沢一郎||1704||1704||11||11||0.006455399061032864||0.006455399061032864
週刊少年ジャンプ||1702||1702||11||11||0.006462984723854289||0.006462984723854289
オールナイトニッポン||1694||1694||2||2||0.0011806375442739079||0.0011806375442739079
浦和レッドダイヤモンズ||1680||1680||4||4||0.002380952380952381||0.002380952380952381
明石家さんま||1668||1668||8||8||0.004796163069544364||0.004796163069544364
ボボボーボ・ボーボボ||1661||1661||7||7||0.004214328717639976||0.004214328717639976
スーパー戦隊シリーズ/history20160321||1659||1659||3||3||0.0018083182640144665||0.0018083182640144665
福山市||1658||1658||0||0||0.0||0.0
朝日放送グループホールディングス||1654||1654||7||7||0.004232164449818622||0.004232164449818622
こちら葛飾区亀有公園前派出所||1653||1653||5||5||0.0030248033877797943||0.0030248033877797943
テニスの王子様||1653||1653||10||10||0.006049606775559589||0.006049606775559589
はねるのトびら||1638||1638||3||3||0.0018315018315018315||0.0018315018315018315
SMAP||1631||1631||8||8||0.004904966278356836||0.004904966278356836
バンプレストオリジナルのキャラクター一覧||1630||1630||1||1||6.134969325153375E-4||6.134969325153375E-4
東京都立日比谷高等学校||1624||1624||2||2||0.0012315270935960591||0.0012315270935960591
日産自動車||1609||1609||9||9||0.005593536357986327||0.005593536357986327
GTO (漫画)||1607||1607||2||2||0.0012445550715619166||0.0012445550715619166
新宿駅||1606||1606||11||11||0.00684931506849315||0.00684931506849315
2ちゃんねる||1601||1601||9||9||0.005621486570893191||0.005621486570893191
メインページ||1598||1598||4||4||0.0025031289111389237||0.0025031289111389237
灼眼のシャナ||1581||1581||12||12||0.007590132827324478||0.007590132827324478
中部国際空港||1571||1571||9||9||0.005728835136855506||0.005728835136855506
東京大学||1569||1569||17||17||0.010834926704907584||0.010834926704907584
ハヤテのごとく!||1567||1567||7||7||0.004467134652201659||0.004467134652201659
ガンダムシリーズの登場機動兵器一覧||1562||1562||2||2||0.0012804097311139564||0.0012804097311139564
浜松市||1562||1562||5||5||0.003201024327784891||0.003201024327784891
ウエンツ瑛士||1551||1551||1||1||6.447453255963894E-4||6.447453255963894E-4
天元突破グレンラガン||1548||1548||9||9||0.005813953488372093||0.005813953488372093
日本共産党||1543||1543||7||7||0.004536616979909268||0.004536616979909268
岡田有希子||1543||1543||14||14||0.009073233959818535||0.009073233959818535
逆転裁判||1540||1540||13||13||0.008441558441558441||0.008441558441558441
東京駅||1535||1535||7||7||0.004560260586319218||0.004560260586319218
堀江由衣||1535||1535||19||19||0.012377850162866449||0.012377850162866449
ケロロ軍曹 (アニメ)||1521||1521||7||7||0.0046022353714661405||0.0046022353714661405
志田未来||1520||1520||13||13||0.008552631578947369||0.008552631578947369
北斗の拳||1518||1518||3||3||0.001976284584980237||0.001976284584980237
オールスター感謝祭/history20190417||1512||1512||5||5||0.0033068783068783067||0.0033068783068783067
クイズダービー||1506||1506||2||2||0.0013280212483399733||0.0013280212483399733
新潟市||1504||1504||8||8||0.005319148936170213||0.005319148936170213
日本航空123便墜落事故||1498||1498||3||3||0.0020026702269692926||0.0020026702269692926
魔法戦隊マジレンジャー||1494||1494||3||3||0.002008032128514056||0.002008032128514056
北海道日本ハムファイターズ||1493||1493||3||3||0.0020093770931011385||0.0020093770931011385
みんなが出るテレビ||1489||1489||4||4||0.002686366689053056||0.002686366689053056
FNNスーパータイム||1487||1487||1||1||6.724949562878278E-4||6.724949562878278E-4
くりぃむしちゅーのオールナイトニッポン||1476||1476||6||6||0.0040650406504065045||0.0040650406504065045
ニッポン放送||1474||1474||1||1||6.784260515603799E-4||6.784260515603799E-4
京都放送||1469||1469||1||1||6.807351940095302E-4||6.807351940095302E-4
千葉ロッテマリーンズ||1468||1468||10||10||0.006811989100817439||0.006811989100817439
小池徹平||1458||1458||5||5||0.003429355281207133||0.003429355281207133
Wii/history 20130210||1457||1457||13||13||0.008922443376801648||0.008922443376801648
ムヒョとロージーの魔法律相談事務所||1449||1449||4||4||0.0027605244996549345||0.0027605244996549345
広島テレビ放送||1446||1446||0||0||0.0||0.0
ポケットモンスター||1444||1444||22||22||0.015235457063711912||0.015235457063711912
ひぐらしのなく頃に||1437||1437||15||15||0.010438413361169102||0.010438413361169102
さよなら絶望先生||1430||1430||12||12||0.008391608391608392||0.008391608391608392
朝ズバッ!||1428||1428||6||6||0.004201680672268907||0.004201680672268907
踊る大捜査線||1426||1426||0||0||0.0||0.0
2ちゃんねるの歴史||1426||1426||8||8||0.005610098176718092||0.005610098176718092
NHK紅白歌合戦||1417||1417||7||7||0.004940014114326041||0.004940014114326041
MAR (漫画)||1416||1416||3||3||0.00211864406779661||0.00211864406779661
リンカーン (テレビ番組)||1415||1415||3||3||0.0021201413427561835||0.0021201413427561835
MOTHER3||1411||1411||2||2||0.001417434443656981||0.001417434443656981
PlayStation Portable||1410||1410||15||15||0.010638297872340425||0.010638297872340425
萌え||1401||1401||22||22||0.015703069236259814||0.015703069236259814
24時間テレビ 「愛は地球を救う」/history20160321||1397||1397||14||14||0.010021474588403722||0.010021474588403722
D.Gray-manの登場人物||1384||1384||11||11||0.007947976878612716||0.007947976878612716
北海道出身の人物一覧||1371||1371||0||0||0.0||0.0
関ジャニ∞||1371||1371||10||10||0.007293946024799417||0.007293946024799417
福山潤||1369||1369||1||1||7.304601899196494E-4||7.304601899196494E-4
声優||1368||1368||4||4||0.0029239766081871343||0.0029239766081871343
ニート||1364||1364||4||4||0.002932551319648094||0.002932551319648094
井上聡||1359||1359||10||10||0.007358351729212656||0.007358351729212656
バンプレストオリジナル||1358||1358||1||1||7.363770250368188E-4||7.363770250368188E-4
奥州市||1356||1356||0||0||0.0||0.0
アンパンマンの登場人物一覧/log20120613||1356||1356||0||0||0.0||0.0
GLAY||1354||1354||20||20||0.014771048744460856||0.014771048744460856
ポルノグラフィティ||1354||1354||2||2||0.0014771048744460858||0.0014771048744460858
るろうに剣心 -明治剣客浪漫譚-||1352||1352||7||7||0.005177514792899409||0.005177514792899409
東急田園都市線||1351||1351||5||5||0.003700962250185048||0.003700962250185048
ハロー!プロジェクト||1350||1350||8||8||0.005925925925925926||0.005925925925925926
小泉純一郎||1349||1349||23||23||0.01704966641957005||0.01704966641957005
やしきたかじん||1347||1347||7||7||0.005196733481811433||0.005196733481811433
MAJOR||1346||1346||3||3||0.002228826151560178||0.002228826151560178
Yes!プリキュア5||1344||1344||16||16||0.011904761904761904||0.011904761904761904
国鉄113系電車||1339||1339||5||5||0.0037341299477221808||0.0037341299477221808
視聴率争い||1338||1338||3||3||0.002242152466367713||0.002242152466367713
世界一の一覧||1332||1332||6||6||0.0045045045045045045||0.0045045045045045045
水曜どうでしょうの企画||1325||1325||0||0||0.0||0.0
アニメ版ポケットモンスターの登場人物/history20160321||1325||1325||9||9||0.006792452830188679||0.006792452830188679
新幹線||1321||1321||4||4||0.003028009084027252||0.003028009084027252
大塚愛||1320||1320||43||43||0.03257575757575758||0.03257575757575758
家庭教師ヒットマンREBORN!/log20100415||1318||1318||6||6||0.004552352048558422||0.004552352048558422
大阪府出身の人物一覧||1317||1317||1||1||7.593014426727411E-4||7.593014426727411E-4
あぶない刑事||1313||1313||3||3||0.002284843869002285||0.002284843869002285
お笑いタレント||1309||1309||7||7||0.0053475935828877||0.0053475935828877
日本一の一覧||1307||1307||2||2||0.001530221882172915||0.001530221882172915
エア・ギア||1307||1307||3||3||0.0022953328232593728||0.0022953328232593728
ディープインパクト (競走馬)||1305||1305||8||8||0.006130268199233717||0.006130268199233717
スーパーベースボール (テレビ朝日系列)||1303||1303||0||0||0.0||0.0
日本語||1300||1300||11||11||0.008461538461538461||0.008461538461538461
筋肉番付シリーズ||1300||1300||1||1||7.692307692307692E-4||7.692307692307692E-4
SCHOOL OF LOCK!||1299||1299||4||4||0.003079291762894534||0.003079291762894534
常磐線||1298||1298||3||3||0.0023112480739599386||0.0023112480739599386
ザ・キング・オブ・ファイターズ||1297||1297||1||1||7.710100231303007E-4||7.710100231303007E-4
HUNTER×HUNTER||1296||1296||4||4||0.0030864197530864196||0.0030864197530864196
ダウンタウンのガキの使いやあらへんで!||1294||1294||4||4||0.0030911901081916537||0.0030911901081916537
SLAM DUNKの登場人物||1292||1292||5||5||0.003869969040247678||0.003869969040247678
福岡ソフトバンクホークス||1291||1291||6||6||0.004647560030983733||0.004647560030983733
夜のヒットスタジオ||1287||1287||0||0||0.0||0.0
ORANGE RANGE||1286||1286||36||36||0.027993779160186624||0.027993779160186624
石田彰||1285||1285||2||2||0.0015564202334630351||0.0015564202334630351
テイルズ オブ デスティニー||1285||1285||2||2||0.0015564202334630351||0.0015564202334630351
マイケル・ジャクソン||1281||1281||4||4||0.00312256049960968||0.00312256049960968
サザンオールスターズ||1277||1277||7||7||0.00548159749412686||0.00548159749412686
脳内エステ IQサプリ||1277||1277||5||5||0.003915426781519186||0.003915426781519186
アンパンマン||1276||1276||6||6||0.004702194357366771||0.004702194357366771
福岡県出身の人物一覧||1276||1276||1||1||7.836990595611285E-4||7.836990595611285E-4
SoftBank (携帯電話)||1275||1275||5||5||0.00392156862745098||0.00392156862745098
ラグナロクオンライン||1270||1270||1||1||7.874015748031496E-4||7.874015748031496E-4
野村克也||1262||1262||3||3||0.002377179080824089||0.002377179080824089
世界平和統一家庭連合||1260||1260||8||8||0.006349206349206349||0.006349206349206349
銀魂 (アニメ)||1257||1257||0||0||0.0||0.0
涼宮ハルヒの憂鬱 (アニメ)||1256||1256||21||21||0.016719745222929936||0.016719745222929936
クイズ$ミリオネア||1254||1254||4||4||0.003189792663476874||0.003189792663476874
風林火山 (NHK大河ドラマ)||1245||1245||3||3||0.0024096385542168677||0.0024096385542168677
ポケットモンスター (アニメ)||1244||1244||7||7||0.005627009646302251||0.005627009646302251
るろうに剣心 -明治剣客浪漫譚-の登場人物一覧||1243||1243||15||15||0.012067578439259855||0.012067578439259855
Au (携帯電話)||1240||1240||10||10||0.008064516129032258||0.008064516129032258
スーパーロボット大戦シリーズ||1239||1239||3||3||0.002421307506053269||0.002421307506053269
ルパン三世||1234||1234||4||4||0.0032414910858995136||0.0032414910858995136
暁 (NARUTO)||1233||1233||2||2||0.0016220600162206002||0.0016220600162206002
テイルズ オブ シリーズの術技形態||1232||1232||0||0||0.0||0.0
コロンビア大学||1231||1231||0||0||0.0||0.0
織田信長||1230||1230||16||16||0.013008130081300813||0.013008130081300813
西日本旅客鉄道||1230||1230||7||7||0.005691056910569106||0.005691056910569106
麻生太郎||1229||1229||23||23||0.01871440195280716||0.01871440195280716
清原和博||1228||1228||3||3||0.0024429967426710096||0.0024429967426710096
鈴村健一||1227||1227||4||4||0.0032599837000814994||0.0032599837000814994
桃太郎電鉄シリーズ||1225||1225||2||2||0.0016326530612244899||0.0016326530612244899
頭文字D||1217||1217||3||3||0.0024650780608052587||0.0024650780608052587
東京都出身の人物一覧||1215||1215||0||0||0.0||0.0
日本のアナウンサー一覧||1215||1215||3||3||0.0024691358024691358||0.0024691358024691358
Saku saku||1214||1214||1||1||8.237232289950577E-4||8.237232289950577E-4
地上デジタルテレビ放送||1209||1209||4||4||0.0033085194375516956||0.0033085194375516956
王貞治||1206||1206||2||2||0.001658374792703151||0.001658374792703151
L'Arc〜en〜Ciel||1200||1200||5||5||0.004166666666666667||0.004166666666666667
全国高等学校クイズ選手権||1196||1196||0||0||0.0||0.0
ザ・キング・オブ・ファイターズの登場人物||1196||1196||1||1||8.361204013377926E-4||8.361204013377926E-4
太臓もて王サーガ||1191||1191||1||1||8.396305625524769E-4||8.396305625524769E-4
男性差別||1189||1189||31||31||0.02607232968881413||0.02607232968881413
一覧の一覧||1187||1187||2||2||0.0016849199663016006||0.0016849199663016006
遊☆戯☆王デュエルモンスターズGX||1186||1186||6||6||0.00505902192242833||0.00505902192242833
松浦亜弥||1183||1183||7||7||0.005917159763313609||0.005917159763313609
山下智久||1183||1183||11||11||0.009298393913778529||0.009298393913778529
マスコットキャラクター一覧||1181||1181||3||3||0.002540220152413209||0.002540220152413209
大泉洋||1179||1179||4||4||0.0033927056827820186||0.0033927056827820186
SAMURAI BASEBALL||1177||1177||1||1||8.496176720475786E-4||8.496176720475786E-4
慶應義塾大学の人物一覧||1176||1176||0||0||0.0||0.0
くりぃむナントカ||1174||1174||2||2||0.0017035775127768314||0.0017035775127768314
能登麻美子||1172||1172||5||5||0.004266211604095563||0.004266211604095563
戦国BASARA||1172||1172||3||3||0.002559726962457338||0.002559726962457338
パネルクイズ アタック25||1172||1172||3||3||0.002559726962457338||0.002559726962457338
本田技研工業||1172||1172||3||3||0.002559726962457338||0.002559726962457338
日本テレビ制作局制作番組の分野別一覧||1171||1171||0||0||0.0||0.0
機動戦士ガンダム00||1170||1170||16||16||0.013675213675213675||0.013675213675213675
慶應義塾大学/history20130405||1164||1164||16||16||0.013745704467353952||0.013745704467353952
松本市||1164||1164||5||5||0.00429553264604811||0.00429553264604811
特殊急襲部隊||1163||1163||9||9||0.007738607050730868||0.007738607050730868
嫌韓||1162||1162||31||31||0.02667814113597246||0.02667814113597246
ARIA (漫画)||1161||1161||10||10||0.008613264427217916||0.008613264427217916
SMAP×SMAP||1160||1160||3||3||0.002586206896551724||0.002586206896551724
IBC岩手放送||1160||1160||1||1||8.620689655172414E-4||8.620689655172414E-4
日本プロ野球||1156||1156||2||2||0.0017301038062283738||0.0017301038062283738
探偵!ナイトスクープ||1156||1156||2||2||0.0017301038062283738||0.0017301038062283738
東京ヤクルトスワローズ||1154||1154||6||6||0.005199306759098787||0.005199306759098787
内村プロデュース||1150||1150||2||2||0.0017391304347826088||0.0017391304347826088
日本プロサッカーリーグ||1147||1147||4||4||0.0034873583260680036||0.0034873583260680036
野比のび太||1146||1146||6||6||0.005235602094240838||0.005235602094240838
安田章大||1146||1146||1||1||8.726003490401396E-4||8.726003490401396E-4
東北学院大学||1146||1146||0||0||0.0||0.0
M-1グランプリ||1145||1145||4||4||0.0034934497816593887||0.0034934497816593887
アメリカ同時多発テロ事件||1144||1144||6||6||0.005244755244755245||0.005244755244755245
岡村隆史||1144||1144||7||7||0.006118881118881119||0.006118881118881119
テイルズ オブ シンフォニア||1141||1141||5||5||0.0043821209465381246||0.0043821209465381246
SDガンダムフルカラー劇場||1140||1140||0||0||0.0||0.0
仮面ライダー響鬼||1140||1140||5||5||0.0043859649122807015||0.0043859649122807015
中国放送||1139||1139||0||0||0.0||0.0
太鼓の達人||1138||1138||13||13||0.011423550087873463||0.011423550087873463
名古屋鉄道||1135||1135||7||7||0.006167400881057269||0.006167400881057269
機動戦士ガンダムSEEDの登場人物||1134||1134||5||5||0.004409171075837742||0.004409171075837742
ツバサ-RESERVoir CHRoNiCLE-||1129||1129||11||11||0.00974313551815766||0.00974313551815766
草なぎ剛||1128||1128||6||6||0.005319148936170213||0.005319148936170213
神戸市||1126||1126||8||8||0.007104795737122558||0.007104795737122558
松井秀喜||1125||1125||12||12||0.010666666666666666||0.010666666666666666
安倍晋三||1125||1125||18||18||0.016||0.016
札幌市||1125||1125||20||20||0.017777777777777778||0.017777777777777778
ASIAN KUNG-FU GENERATION||1124||1124||5||5||0.004448398576512456||0.004448398576512456
地獄少女||1123||1123||7||7||0.006233303650934996||0.006233303650934996
秋田放送||1121||1121||1||1||8.920606601248885E-4||8.920606601248885E-4
全日本空輸||1121||1121||1||1||8.920606601248885E-4||8.920606601248885E-4
仮面ライダー剣||1120||1120||2||2||0.0017857142857142857||0.0017857142857142857
実況パワフルプロ野球||1118||1118||5||5||0.004472271914132379||0.004472271914132379
大野智||1116||1116||0||0||0.0||0.0
レミオロメン||1115||1115||0||0||0.0||0.0
昭和天皇||1113||1113||10||10||0.008984725965858042||0.008984725965858042
おたく||1112||1112||28||28||0.025179856115107913||0.025179856115107913
宇多田ヒカル||1111||1111||3||3||0.0027002700270027003||0.0027002700270027003
テレビ朝日||1111||1111||5||5||0.004500450045004501||0.004500450045004501
架空の武器||1110||1110||2||2||0.0018018018018018018||0.0018018018018018018
自動車の車種名一覧||1108||1108||0||0||0.0||0.0
手塚治虫||1106||1106||4||4||0.003616636528028933||0.003616636528028933
横浜駅||1105||1105||3||3||0.0027149321266968325||0.0027149321266968325
FOMA||1104||1104||1||1||9.057971014492754E-4||9.057971014492754E-4
新庄剛志||1104||1104||2||2||0.0018115942028985507||0.0018115942028985507
ビートルズ||1103||1103||5||5||0.004533091568449683||0.004533091568449683
NTTドコモ||1097||1097||1||1||9.115770282588879E-4||9.115770282588879E-4
子安武人||1094||1094||1||1||9.140767824497258E-4||9.140767824497258E-4
ポケットモンスターSPECIAL||1091||1091||4||4||0.0036663611365719525||0.0036663611365719525
関西国際空港||1091||1091||0||0||0.0||0.0
ふたりはプリキュア||1090||1090||18||18||0.01651376146788991||0.01651376146788991
ちびまる子ちゃん||1089||1089||15||15||0.013774104683195593||0.013774104683195593
日本の市外局番||1089||1089||1||1||9.182736455463728E-4||9.182736455463728E-4
国鉄201系電車||1083||1083||18||18||0.01662049861495845||0.01662049861495845
ドラえもんの登場人物一覧||1083||1083||2||2||0.0018467220683287165||0.0018467220683287165
ナインティナイン||1083||1083||1||1||9.233610341643582E-4||9.233610341643582E-4
青森テレビ||1080||1080||0||0||0.0||0.0
海賊 (ONE PIECE)/history20180113||1080||1080||15||15||0.013888888888888888||0.013888888888888888
野球道 (フジテレビ系列)||1079||1079||1||1||9.267840593141798E-4||9.267840593141798E-4
吉本興業||1078||1078||3||3||0.0027829313543599257||0.0027829313543599257
ハヤテのごとく! (アニメ)||1077||1077||2||2||0.0018570102135561746||0.0018570102135561746
豊橋市||1076||1076||8||8||0.007434944237918215||0.007434944237918215
封印作品||1071||1071||0||0||0.0||0.0
長澤まさみ||1071||1071||14||14||0.013071895424836602||0.013071895424836602
戯言シリーズ||1069||1069||6||6||0.005612722170252572||0.005612722170252572
ミュージシャン一覧 (グループ)||1068||1068||0||0||0.0||0.0
関西テレビ放送||1067||1067||2||2||0.0018744142455482662||0.0018744142455482662
アイシールド21の登場人物||1066||1066||3||3||0.0028142589118198874||0.0028142589118198874
浅田真央||1066||1066||22||22||0.020637898686679174||0.020637898686679174
サンテレビジョン||1063||1063||0||0||0.0||0.0
ツンデレ||1063||1063||4||4||0.0037629350893697085||0.0037629350893697085
ラジかるッ||1062||1062||0||0||0.0||0.0
JR東日本E231系電車||1062||1062||12||12||0.011299435028248588||0.011299435028248588
電脳コイル||1060||1060||3||3||0.002830188679245283||0.002830188679245283
シャーリー・テンプル||1059||1059||0||0||0.0||0.0
ファイナルファンタジーXII||1059||1059||6||6||0.0056657223796034||0.0056657223796034
2ちゃんねらー||1058||1058||12||12||0.011342155009451797||0.011342155009451797
東武伊勢崎線||1058||1058||6||6||0.005671077504725898||0.005671077504725898
2005年日本国際博覧会||1058||1058||4||4||0.003780718336483932||0.003780718336483932
アメリカ合衆国||1058||1058||10||10||0.00945179584120983||0.00945179584120983
小田急小田原線||1056||1056||10||10||0.00946969696969697||0.00946969696969697
アドルフ・ヒトラー||1056||1056||7||7||0.006628787878787879||0.006628787878787879
午後は○○おもいッきりテレビ||1055||1055||0||0||0.0||0.0
日本の女性専用車両||1054||1054||6||6||0.0056925996204933585||0.0056925996204933585
保志総一朗||1053||1053||7||7||0.006647673314339981||0.006647673314339981
広島東洋カープ||1052||1052||6||6||0.005703422053231939||0.005703422053231939
小笠原道大||1052||1052||13||13||0.012357414448669201||0.012357414448669201
東急東横線||1051||1051||7||7||0.006660323501427212||0.006660323501427212
Mr.FULLSWING||1051||1051||2||2||0.0019029495718363464||0.0019029495718363464
機動警察パトレイバー||1050||1050||1||1||9.523809523809524E-4||9.523809523809524E-4
東京箱根間往復大学駅伝競走||1049||1049||1||1||9.532888465204957E-4||9.532888465204957E-4
太田市||1048||1048||0||0||0.0||0.0
魔人探偵脳噛ネウロの登場人物||1048||1048||0||0||0.0||0.0
めざましテレビ/history20190417||1047||1047||3||3||0.0028653295128939827||0.0028653295128939827
相棒/history20150820||1047||1047||3||3||0.0028653295128939827||0.0028653295128939827
おおきく振りかぶって||1047||1047||1||1||9.551098376313276E-4||9.551098376313276E-4
CLAYMORE||1047||1047||0||0||0.0||0.0
爆笑オンエアバトル||1046||1046||0||0||0.0||0.0
テレビ大阪||1045||1045||1||1||9.569377990430622E-4||9.569377990430622E-4
ニンテンドーDS||1044||1044||10||10||0.009578544061302681||0.009578544061302681
オレたちひょうきん族||1043||1043||13||13||0.012464046021093002||0.012464046021093002
24 -TWENTY FOUR-||1043||1043||3||3||0.0028763183125599234||0.0028763183125599234
ダウンタウン (お笑いコンビ)||1042||1042||14||14||0.013435700575815739||0.013435700575815739
東海道新幹線||1041||1041||10||10||0.009606147934678195||0.009606147934678195
福岡県立修猷館高等学校||1040||1040||0||0||0.0||0.0
札幌テレビ放送||1039||1039||1||1||9.624639076034649E-4||9.624639076034649E-4
ローゼンメイデンの登場人物一覧||1038||1038||12||12||0.011560693641618497||0.011560693641618497
魔法先生ネギま!の登場人物||1036||1036||9||9||0.008687258687258687||0.008687258687258687
横浜市||1035||1035||5||5||0.004830917874396135||0.004830917874396135
中日ドラゴンズ||1033||1033||5||5||0.00484027105517909||0.00484027105517909
東北楽天ゴールデンイーグルス||1033||1033||2||2||0.001936108422071636||0.001936108422071636
中居正広||1032||1032||8||8||0.007751937984496124||0.007751937984496124
東京メトロポリタンテレビジョン||1030||1030||1||1||9.70873786407767E-4||9.70873786407767E-4
タモリ||1028||1028||6||6||0.005836575875486381||0.005836575875486381
広島ホームテレビ||1027||1027||0||0||0.0||0.0
東海テレビ放送||1026||1026||1||1||9.746588693957114E-4||9.746588693957114E-4
大喜利 (笑点)||1026||1026||10||10||0.009746588693957114||0.009746588693957114
松田聖子||1025||1025||5||5||0.004878048780487805||0.004878048780487805
ウルトラマンメビウスの登場怪獣||1021||1021||0||0||0.0||0.0
学園アリス||1020||1020||1||1||9.80392156862745E-4||9.80392156862745E-4
SIREN (ゲームソフト)||1020||1020||1||1||9.80392156862745E-4||9.80392156862745E-4
東海道本線||1019||1019||5||5||0.004906771344455349||0.004906771344455349
テレビ埼玉||1019||1019||2||2||0.001962708537782139||0.001962708537782139
彩雲国物語||1019||1019||0||0||0.0||0.0
ZARD||1018||1018||7||7||0.0068762278978389||0.0068762278978389
盛岡市||1017||1017||1||1||9.832841691248771E-4||9.832841691248771E-4
銀河英雄伝説||1016||1016||2||2||0.001968503937007874||0.001968503937007874
同姓同名||1015||1015||2||2||0.0019704433497536944||0.0019704433497536944
阪神・淡路大震災||1015||1015||6||6||0.005911330049261084||0.005911330049261084
笑いの金メダル||1013||1013||3||3||0.0029615004935834156||0.0029615004935834156
クイズプレゼンバラエティー Qさま!!||1013||1013||0||0||0.0||0.0
名古屋テレビ放送||1012||1012||0||0||0.0||0.0
結界師||1012||1012||4||4||0.003952569169960474||0.003952569169960474
逸見政孝||1011||1011||0||0||0.0||0.0
岐阜放送||1010||1010||3||3||0.0029702970297029703||0.0029702970297029703
瀬戸の花嫁 (漫画)||1010||1010||0||0||0.0||0.0
ヴィジュアル系||1008||1008||11||11||0.010912698412698412||0.010912698412698412
自由民主党 (日本)||1007||1007||5||5||0.004965243296921549||0.004965243296921549
林原めぐみ||1007||1007||9||9||0.00893743793445879||0.00893743793445879
Mr.Children||1006||1006||1||1||9.940357852882703E-4||9.940357852882703E-4
堂本剛||1005||1005||1||1||9.950248756218905E-4||9.950248756218905E-4
八王子市||1004||1004||1||1||9.9601593625498E-4||9.9601593625498E-4
きらりん☆レボリューション||1003||1003||8||8||0.007976071784646061||0.007976071784646061
天皇||1002||1002||7||7||0.006986027944111776||0.006986027944111776
松任谷由実||1001||1001||1||1||9.99000999000999E-4||9.99000999000999E-4
レイザーラモンHG||1000||1000||6||6||0.006||0.006
機動戦士ガンダムSEED||999||999||7||7||0.007007007007007007||0.007007007007007007
School Days||999||999||5||5||0.005005005005005005||0.005005005005005005
D.C. 〜ダ・カーポ〜||998||998||7||7||0.0070140280561122245||0.0070140280561122245
北斗の拳の登場人物一覧||998||998||2||2||0.002004008016032064||0.002004008016032064
ポケットモンスターSPECIALの登場人物||998||998||0||0||0.0||0.0
2004年||998||998||7||7||0.0070140280561122245||0.0070140280561122245
ザ・ベストテン||997||997||0||0||0.0||0.0
携帯電話||995||995||7||7||0.007035175879396985||0.007035175879396985
東京都||994||994||2||2||0.002012072434607646||0.002012072434607646
櫻井孝宏||993||993||3||3||0.0030211480362537764||0.0030211480362537764
大田区||993||993||1||1||0.0010070493454179255||0.0010070493454179255
徳川家康||992||992||10||10||0.010080645161290322||0.010080645161290322
児童性的虐待||992||992||3||3||0.0030241935483870967||0.0030241935483870967
東武鉄道||990||990||4||4||0.00404040404040404||0.00404040404040404
金色のガッシュ!!||988||988||1||1||0.0010121457489878543||0.0010121457489878543
WWEに所属する人物一覧||986||986||2||2||0.002028397565922921||0.002028397565922921
岩手県出身の人物一覧||985||985||0||0||0.0||0.0
小室哲哉||984||984||7||7||0.007113821138211382||0.007113821138211382
落第忍者乱太郎の登場人物||983||983||0||0||0.0||0.0
新日本プロレス/history20160321||982||982||2||2||0.002036659877800407||0.002036659877800407
日本の男優一覧||981||981||0||0||0.0||0.0
クロノス (テレビ番組)||981||981||3||3||0.0030581039755351682||0.0030581039755351682
福岡市||981||981||9||9||0.009174311926605505||0.009174311926605505
ウルトラマン||980||980||5||5||0.00510204081632653||0.00510204081632653
北日本放送||980||980||2||2||0.0020408163265306124||0.0020408163265306124
ゆず (音楽グループ)||978||978||4||4||0.00408997955010225||0.00408997955010225
EXILE/log 20120611||978||978||2||2||0.002044989775051125||0.002044989775051125
相模原市||977||977||6||6||0.006141248720573183||0.006141248720573183
クイズタイムショック||977||977||2||2||0.0020470829068577278||0.0020470829068577278
バイオハザードシリーズ||975||975||2||2||0.0020512820512820513||0.0020512820512820513
若槻千夏||975||975||3||3||0.003076923076923077||0.003076923076923077
あずまんが大王||974||974||5||5||0.00513347022587269||0.00513347022587269
うたばん||974||974||3||3||0.003080082135523614||0.003080082135523614
横浜DeNAベイスターズ||973||973||8||8||0.008221993833504625||0.008221993833504625
近畿日本鉄道||973||973||5||5||0.0051387461459403904||0.0051387461459403904
BoA||972||972||6||6||0.006172839506172839||0.006172839506172839
さんまのSUPERからくりTV||970||970||7||7||0.007216494845360825||0.007216494845360825
日本の女優一覧||969||969||4||4||0.0041279669762641896||0.0041279669762641896
中央線快速||969||969||5||5||0.005159958720330237||0.005159958720330237
二宮和也||968||968||7||7||0.007231404958677686||0.007231404958677686
国鉄115系電車||966||966||1||1||0.0010351966873706005||0.0010351966873706005
兵庫県出身の人物一覧||966||966||1||1||0.0010351966873706005||0.0010351966873706005
ロックマンXシリーズ||966||966||0||0||0.0||0.0
探偵学園Q||965||965||13||13||0.013471502590673576||0.013471502590673576
マジカル頭脳パワー!!||963||963||8||8||0.008307372793354102||0.008307372793354102
テレビ離れ||963||963||12||12||0.012461059190031152||0.012461059190031152
一関学院高等学校||963||963||5||5||0.005192107995846314||0.005192107995846314
鋼の錬金術師||962||962||2||2||0.002079002079002079||0.002079002079002079
うる星やつら||959||959||4||4||0.004171011470281543||0.004171011470281543
打ち切り||958||958||5||5||0.005219206680584551||0.005219206680584551
チュートリアル (お笑いコンビ)||958||958||0||0||0.0||0.0
ゼロの使い魔||958||958||8||8||0.008350730688935281||0.008350730688935281
ゴジラ||957||957||4||4||0.0041797283176593526||0.0041797283176593526
RSK山陽放送||957||957||0||0||0.0||0.0
ICOCA||956||956||6||6||0.006276150627615063||0.006276150627615063
帰ってきたウルトラマン||956||956||1||1||0.0010460251046025104||0.0010460251046025104
中井正広のブラックバラエティ||955||955||0||0||0.0||0.0
魔弾戦記リュウケンドー||955||955||4||4||0.004188481675392671||0.004188481675392671
SLAM DUNK||955||955||4||4||0.004188481675392671||0.004188481675392671
鹿児島市||954||954||2||2||0.0020964360587002098||0.0020964360587002098
JR西日本223系電車||954||954||8||8||0.008385744234800839||0.008385744234800839
大倉忠義||954||954||2||2||0.0020964360587002098||0.0020964360587002098
日本大学の人物一覧||953||953||2||2||0.002098635886673662||0.002098635886673662
発車メロディ||952||952||3||3||0.0031512605042016808||0.0031512605042016808
メタルギアソリッド||951||951||1||1||0.0010515247108307045||0.0010515247108307045
2007年のテレビ (日本)||949||949||1||1||0.001053740779768177||0.001053740779768177
群馬県||949||949||2||2||0.002107481559536354||0.002107481559536354
花ざかりの君たちへ||948||948||5||5||0.005274261603375527||0.005274261603375527
Dr.スランプ||948||948||6||6||0.006329113924050633||0.006329113924050633
ジパング (漫画)||947||947||3||3||0.0031678986272439284||0.0031678986272439284
のだめカンタービレ||945||945||6||6||0.006349206349206349||0.006349206349206349
仮面ライダー龍騎||944||944||2||2||0.00211864406779661||0.00211864406779661
公明党||944||944||5||5||0.005296610169491525||0.005296610169491525
モンスターハンター||944||944||12||12||0.012711864406779662||0.012711864406779662
マリオ (ゲームキャラクター)||942||942||3||3||0.0031847133757961785||0.0031847133757961785
SASUKE/history20180113||941||941||2||2||0.0021253985122210413||0.0021253985122210413
横山やすし||940||940||0||0||0.0||0.0
星野仙一||939||939||3||3||0.003194888178913738||0.003194888178913738
ソーシャル・ネットワーキング・サービス||938||938||10||10||0.010660980810234541||0.010660980810234541
Fate/stay night||937||937||4||4||0.004268943436499467||0.004268943436499467
神奈川県出身の人物一覧||937||937||0||0||0.0||0.0
関智一||936||936||1||1||0.0010683760683760685||0.0010683760683760685
トヨタのエンジン型式一覧||934||934||0||0||0.0||0.0
コンピュータゲームのタイトル一覧||932||932||2||2||0.002145922746781116||0.002145922746781116
東北放送||932||932||0||0||0.0||0.0
旭川市||931||931||1||1||0.0010741138560687433||0.0010741138560687433
巨人の星||931||931||2||2||0.0021482277121374865||0.0021482277121374865
テレビ北海道||931||931||5||5||0.0053705692803437165||0.0053705692803437165
嵐 (グループ)||931||931||2||2||0.0021482277121374865||0.0021482277121374865
忍たま乱太郎||930||930||1||1||0.001075268817204301||0.001075268817204301
キテレツ大百科||929||929||4||4||0.004305705059203444||0.004305705059203444
ケータイ刑事 銭形シリーズ||929||929||1||1||0.001076426264800861||0.001076426264800861
宮崎駿||929||929||11||11||0.011840688912809472||0.011840688912809472
日本の漫画作品一覧||928||928||3||3||0.003232758620689655||0.003232758620689655
テレビ山口||928||928||1||1||0.0010775862068965517||0.0010775862068965517
日本航空||928||928||2||2||0.0021551724137931034||0.0021551724137931034
Fun!BASEBALL!!||928||928||0||0||0.0||0.0
GUILTY GEAR||926||926||1||1||0.0010799136069114472||0.0010799136069114472
舞-HiME||926||926||0||0||0.0||0.0
新世紀エヴァンゲリオンの登場人物||925||925||6||6||0.006486486486486486||0.006486486486486486
都市伝説一覧||925||925||1||1||0.001081081081081081||0.001081081081081081
美少女戦士セーラームーンの登場人物||925||925||0||0||0.0||0.0
深夜アニメ||923||923||0||0||0.0||0.0
日本選手権シリーズ||922||922||0||0||0.0||0.0
伊集院光||921||921||2||2||0.002171552660152009||0.002171552660152009
やじうまプラス||920||920||1||1||0.0010869565217391304||0.0010869565217391304
長野県||919||919||6||6||0.006528835690968444||0.006528835690968444
小田急電鉄||918||918||3||3||0.0032679738562091504||0.0032679738562091504
法政大学の人物一覧||918||918||1||1||0.0010893246187363835||0.0010893246187363835
平野綾||917||917||13||13||0.014176663031624863||0.014176663031624863
家庭教師ヒットマンREBORN!の登場人物||916||916||6||6||0.006550218340611353||0.006550218340611353
ニッポン放送番組一覧||915||915||1||1||0.001092896174863388||0.001092896174863388
池袋駅||915||915||5||5||0.00546448087431694||0.00546448087431694
法政大学||915||915||5||5||0.00546448087431694||0.00546448087431694
山手線||914||914||13||13||0.014223194748358862||0.014223194748358862
電車でGO!||913||913||4||4||0.004381161007667032||0.004381161007667032
8時だョ!全員集合||913||913||2||2||0.002190580503833516||0.002190580503833516
釧路市||913||913||0||0||0.0||0.0
さいたま市||913||913||5||5||0.00547645125958379||0.00547645125958379
ブラック・ジャック||913||913||3||3||0.0032858707557502738||0.0032858707557502738
さだまさし||912||912||6||6||0.006578947368421052||0.006578947368421052
笑福亭鶴瓶||910||910||5||5||0.005494505494505495||0.005494505494505495
ロックマンエグゼ (アニメ)||910||910||3||3||0.0032967032967032967||0.0032967032967032967
女王の教室||909||909||1||1||0.0011001100110011||0.0011001100110011
中島みゆき||909||909||13||13||0.014301430143014302||0.014301430143014302
鉄道ファン||908||908||7||7||0.007709251101321586||0.007709251101321586
キン肉マン||906||906||2||2||0.002207505518763797||0.002207505518763797
聖闘士星矢||905||905||2||2||0.0022099447513812156||0.0022099447513812156
かっとばせ!キヨハラくん||905||905||0||0||0.0||0.0
山口放送||904||904||1||1||0.0011061946902654867||0.0011061946902654867
東海ラジオ放送||904||904||1||1||0.0011061946902654867||0.0011061946902654867
ゲゲゲの鬼太郎 (アニメ)||903||903||0||0||0.0||0.0
交響詩篇エウレカセブン||900||900||1||1||0.0011111111111111111||0.0011111111111111111
テイルズ オブ レジェンディア||899||899||4||4||0.004449388209121246||0.004449388209121246
高崎市||899||899||1||1||0.0011123470522803114||0.0011123470522803114
日本におけるゲーム機戦争||899||899||5||5||0.0055617352614015575||0.0055617352614015575
日産・スカイライン||898||898||1||1||0.0011135857461024498||0.0011135857461024498
ヨシモト∞||898||898||0||0||0.0||0.0
サザエさん (テレビアニメ)||898||898||7||7||0.0077951002227171495||0.0077951002227171495
行列のできる法律相談所||897||897||10||10||0.011148272017837236||0.011148272017837236
広岡達朗||897||897||4||4||0.004459308807134894||0.004459308807134894
熊本市||897||897||0||0||0.0||0.0
松本人志||896||896||4||4||0.004464285714285714||0.004464285714285714
早稲田大学の人物一覧||896||896||1||1||0.0011160714285714285||0.0011160714285714285
三浦知良||895||895||8||8||0.008938547486033519||0.008938547486033519
日本のテレビドラマ一覧||895||895||0||0||0.0||0.0
オリエンタルラジオ||895||895||5||5||0.00558659217877095||0.00558659217877095
キャプテン翼の登場人物||895||895||2||2||0.0022346368715083797||0.0022346368715083797
あたしンち||894||894||8||8||0.008948545861297539||0.008948545861297539
とんねるずのみなさんのおかげでした||894||894||3||3||0.003355704697986577||0.003355704697986577
侮蔑||894||894||3||3||0.003355704697986577||0.003355704697986577
緑川光||893||893||0||0||0.0||0.0
ベルセルク (漫画)||893||893||0||0||0.0||0.0
川嶋あい||892||892||4||4||0.004484304932735426||0.004484304932735426
西部警察||891||891||1||1||0.001122334455667789||0.001122334455667789
ロンドンハーツ||891||891||0||0||0.0||0.0
日本の城一覧||890||890||1||1||0.0011235955056179776||0.0011235955056179776
拓殖大学||889||889||2||2||0.0022497187851518562||0.0022497187851518562
ラーメン||889||889||3||3||0.003374578177727784||0.003374578177727784
F-15 (戦闘機)||887||887||7||7||0.007891770011273957||0.007891770011273957
東京ドーム||886||886||3||3||0.003386004514672686||0.003386004514672686
プロレスラー一覧||886||886||0||0||0.0||0.0
東海旅客鉄道||886||886||12||12||0.013544018058690745||0.013544018058690745
中央本線||886||886||3||3||0.003386004514672686||0.003386004514672686
渋谷駅||884||884||2||2||0.0022624434389140274||0.0022624434389140274
次長課長||884||884||3||3||0.003393665158371041||0.003393665158371041
任天堂||883||883||7||7||0.007927519818799546||0.007927519818799546
ケンコー全裸系水泳部 ウミショー||883||883||0||0||0.0||0.0
桑田佳祐||883||883||5||5||0.0056625141562853904||0.0056625141562853904
死刑存廃問題||881||881||13||13||0.014755959137343927||0.014755959137343927
ビーイング||881||881||7||7||0.007945516458569807||0.007945516458569807
ウルトラセブン||881||881||3||3||0.00340522133938706||0.00340522133938706
グランド・セフト・オートシリーズ||880||880||1||1||0.0011363636363636363||0.0011363636363636363
MAJORの登場人物||879||879||1||1||0.0011376564277588168||0.0011376564277588168
ドイツ||879||879||12||12||0.013651877133105802||0.013651877133105802
堂本光一||878||878||2||2||0.002277904328018223||0.002277904328018223
PASMO||878||878||2||2||0.002277904328018223||0.002277904328018223
ボボボーボ・ボーボボの登場人物一覧||878||878||2||2||0.002277904328018223||0.002277904328018223
キリスト教||877||877||3||3||0.0034207525655644243||0.0034207525655644243
プロ野球中継||877||877||0||0||0.0||0.0
明治大学||877||877||10||10||0.011402508551881414||0.011402508551881414
特捜戦隊デカレンジャー||874||874||1||1||0.0011441647597254005||0.0011441647597254005
エースコンバットシリーズ||874||874||1||1||0.0011441647597254005||0.0011441647597254005
讀賣テレビ放送||873||873||1||1||0.001145475372279496||0.001145475372279496
関口宏の東京フレンドパークII||873||873||1||1||0.001145475372279496||0.001145475372279496
星のカービィ (アニメ)||872||872||3||3||0.0034403669724770644||0.0034403669724770644
機動戦士ガンダムSEED ASTRAYシリーズの登場人物||872||872||1||1||0.0011467889908256881||0.0011467889908256881
埼玉県||871||871||2||2||0.002296211251435132||0.002296211251435132
カードキャプターさくら||870||870||1||1||0.0011494252873563218||0.0011494252873563218
日本の市町村の廃置分合||870||870||1||1||0.0011494252873563218||0.0011494252873563218
日本のロック||870||870||0||0||0.0||0.0
岸尾だいすけ||868||868||0||0||0.0||0.0
キャプテン翼||867||867||0||0||0.0||0.0
山寺宏一||866||866||0||0||0.0||0.0
西城秀樹||865||865||5||5||0.005780346820809248||0.005780346820809248
埼京線||865||865||2||2||0.0023121387283236996||0.0023121387283236996
GANTZ||864||864||3||3||0.003472222222222222||0.003472222222222222
メダロット一覧||864||864||0||0||0.0||0.0
東海大学||863||863||5||5||0.005793742757821553||0.005793742757821553
ルパン三世 (TV第2シリーズ)の登場人物||863||863||1||1||0.0011587485515643105||0.0011587485515643105
デジモンアドベンチャー||863||863||2||2||0.002317497103128621||0.002317497103128621
天才||863||863||8||8||0.009269988412514484||0.009269988412514484
日本三大一覧||862||862||9||9||0.010440835266821345||0.010440835266821345
ウルトラ怪獣一覧||861||861||1||1||0.0011614401858304297||0.0011614401858304297
クイズマジックアカデミー||861||861||3||3||0.003484320557491289||0.003484320557491289
仮面ライダー555||860||860||2||2||0.002325581395348837||0.002325581395348837
ジェンダーフリー||860||860||7||7||0.00813953488372093||0.00813953488372093
オリックス・バファローズ||860||860||2||2||0.002325581395348837||0.002325581395348837
安倍なつみ||858||858||18||18||0.02097902097902098||0.02097902097902098
伊集院光 深夜の馬鹿力||858||858||0||0||0.0||0.0
名探偵コナン||858||858||11||11||0.01282051282051282||0.01282051282051282
バガボンド||857||857||1||1||0.0011668611435239206||0.0011668611435239206
華原朋美||857||857||2||2||0.002333722287047841||0.002333722287047841
徳光和夫||857||857||6||6||0.007001166861143524||0.007001166861143524
湘南新宿ライン||857||857||6||6||0.007001166861143524||0.007001166861143524
長渕剛||856||856||5||5||0.005841121495327103||0.005841121495327103
北九州市||856||856||0||0||0.0||0.0
『ぷっ』すま||855||855||2||2||0.0023391812865497076||0.0023391812865497076
ファイナルファンタジーVII||855||855||8||8||0.00935672514619883||0.00935672514619883
近畿方言||854||854||0||0||0.0||0.0
サザエさん||854||854||2||2||0.00234192037470726||0.00234192037470726
釘宮理恵||854||854||8||8||0.00936768149882904||0.00936768149882904
若本規夫||853||853||0||0||0.0||0.0
置鮎龍太郎||851||851||1||1||0.0011750881316098707||0.0011750881316098707
ミュージックステーションスーパーライブ||850||850||1||1||0.001176470588235294||0.001176470588235294
新潟県中越地震||850||850||2||2||0.002352941176470588||0.002352941176470588
横山裕||850||850||0||0||0.0||0.0
日本の法学者一覧||849||849||2||2||0.002355712603062426||0.002355712603062426
大阪府||849||849||4||4||0.004711425206124852||0.004711425206124852
長野県出身の人物一覧||848||848||0||0||0.0||0.0
戦国無双シリーズ||848||848||2||2||0.0023584905660377358||0.0023584905660377358
金田一少年の事件簿||847||847||2||2||0.0023612750885478157||0.0023612750885478157
コサキンDEワァオ!||847||847||0||0||0.0||0.0
静岡放送||846||846||0||0||0.0||0.0
聖闘士星矢の登場人物||846||846||4||4||0.004728132387706856||0.004728132387706856
AKB48/log20110116||846||846||19||19||0.022458628841607566||0.022458628841607566
東北本線||845||845||3||3||0.0035502958579881655||0.0035502958579881655
手越祐也||844||844||7||7||0.008293838862559242||0.008293838862559242
香港||844||844||5||5||0.005924170616113744||0.005924170616113744
必殺シリーズ||843||843||0||0||0.0||0.0
瀬戸内海放送||843||843||1||1||0.0011862396204033216||0.0011862396204033216
電車男||843||843||0||0||0.0||0.0
文化放送||843||843||3||3||0.0035587188612099642||0.0035587188612099642
中田英寿||842||842||5||5||0.0059382422802850355||0.0059382422802850355
デュエル・マスターズ||841||841||2||2||0.0023781212841854932||0.0023781212841854932
東日本旅客鉄道||840||840||3||3||0.0035714285714285713||0.0035714285714285713
浪川大輔||840||840||1||1||0.0011904761904761906||0.0011904761904761906
朴ロ美||839||839||4||4||0.004767580452920143||0.004767580452920143
しゅごキャラ!||839||839||4||4||0.004767580452920143||0.004767580452920143
靖国神社||838||838||11||11||0.013126491646778043||0.013126491646778043
三重テレビ放送||838||838||2||2||0.002386634844868735||0.002386634844868735
西日本放送||837||837||1||1||0.0011947431302270011||0.0011947431302270011
茨城県||837||837||5||5||0.005973715651135006||0.005973715651135006
京浜急行電鉄||836||836||4||4||0.004784688995215311||0.004784688995215311
京都大学の人物一覧||836||836||1||1||0.0011961722488038277||0.0011961722488038277
ご当地ソング||836||836||2||2||0.0023923444976076554||0.0023923444976076554
クレヨンしんちゃん (アニメ)||836||836||11||11||0.013157894736842105||0.013157894736842105
京成電鉄||835||835||3||3||0.003592814371257485||0.003592814371257485
地球戦隊ファイブマン||834||834||1||1||0.001199040767386091||0.001199040767386091
FNNスーパーニュース||833||833||1||1||0.0012004801920768306||0.0012004801920768306
大宮駅 (埼玉県)||832||832||0||0||0.0||0.0
ベトナム戦争||832||832||1||1||0.001201923076923077||0.001201923076923077
テイルズ オブ シリーズ||832||832||10||10||0.01201923076923077||0.01201923076923077
クインテット (テレビ番組)||832||832||5||5||0.006009615384615385||0.006009615384615385
ゲームセンターCXの放送内容||832||832||2||2||0.002403846153846154||0.002403846153846154
戦え!超ロボット生命体トランスフォーマー||831||831||1||1||0.0012033694344163659||0.0012033694344163659
首都圏新都市鉄道つくばエクスプレス||831||831||3||3||0.0036101083032490976||0.0036101083032490976
ボーイスカウト||830||830||2||2||0.0024096385542168677||0.0024096385542168677
松本潤||830||830||0||0||0.0||0.0
福島テレビ||828||828||0||0||0.0||0.0
国際空港の一覧||828||828||0||0||0.0||0.0
勇者王ガオガイガー||828||828||13||13||0.01570048309178744||0.01570048309178744
スバル・レオーネ||828||828||0||0||0.0||0.0
地球温暖化||828||828||31||31||0.03743961352657005||0.03743961352657005
タモリ倶楽部||827||827||2||2||0.0024183796856106408||0.0024183796856106408
熊谷市||827||827||2||2||0.0024183796856106408||0.0024183796856106408
仮面ライダーシリーズ||826||826||5||5||0.006053268765133172||0.006053268765133172
ボク少女||826||826||2||2||0.002421307506053269||0.002421307506053269
軍隊の階級||824||824||1||1||0.0012135922330097086||0.0012135922330097086
ニンテンドーDSのゲームタイトル一覧||824||824||2||2||0.0024271844660194173||0.0024271844660194173
北海道||823||823||5||5||0.006075334143377886||0.006075334143377886
Suica||823||823||6||6||0.007290400972053463||0.007290400972053463
立命館大学||823||823||5||5||0.006075334143377886||0.006075334143377886
菊名駅||822||822||2||2||0.0024330900243309003||0.0024330900243309003
ガンダムシリーズの登場人物一覧||821||821||0||0||0.0||0.0
戊辰戦争||821||821||0||0||0.0||0.0
TBSテレビ||821||821||7||7||0.008526187576126675||0.008526187576126675
ゲゲゲの鬼太郎||820||820||0||0||0.0||0.0
廃駅||820||820||0||0||0.0||0.0
日本大学||820||820||6||6||0.007317073170731708||0.007317073170731708
国鉄205系電車||819||819||7||7||0.008547008547008548||0.008547008547008548
渋谷すばる||819||819||0||0||0.0||0.0
森川智之||818||818||1||1||0.0012224938875305623||0.0012224938875305623
山口県出身の人物一覧||818||818||0||0||0.0||0.0
XXXHOLiC||818||818||3||3||0.003667481662591687||0.003667481662591687
のだめカンタービレ (テレビドラマ)||817||817||0||0||0.0||0.0
自動車||816||816||2||2||0.0024509803921568627||0.0024509803921568627
北海道テレビ放送||816||816||1||1||0.0012254901960784314||0.0012254901960784314
新快速||815||815||24||24||0.029447852760736196||0.029447852760736196
蒼穹のファフナー||815||815||3||3||0.0036809815950920245||0.0036809815950920245
轟轟戦隊ボウケンジャーの登場人物||815||815||2||2||0.00245398773006135||0.00245398773006135
東国原英夫||815||815||9||9||0.011042944785276074||0.011042944785276074
魔法騎士レイアース||814||814||1||1||0.0012285012285012285||0.0012285012285012285
北千住駅||814||814||2||2||0.002457002457002457||0.002457002457002457
山梨放送||814||814||0||0||0.0||0.0
史上最強の弟子ケンイチ||814||814||1||1||0.0012285012285012285||0.0012285012285012285
日本レコード大賞||813||813||3||3||0.0036900369003690036||0.0036900369003690036
日本の温泉地一覧||813||813||1||1||0.0012300123001230013||0.0012300123001230013
諏訪部順一||813||813||1||1||0.0012300123001230013||0.0012300123001230013
堺市||813||813||1||1||0.0012300123001230013||0.0012300123001230013
金曜ロードSHOW!||812||812||3||3||0.003694581280788177||0.003694581280788177
SOUL'd OUT||811||811||4||4||0.004932182490752158||0.004932182490752158
サンフレッチェ広島F.C||810||810||1||1||0.0012345679012345679||0.0012345679012345679
2006年の音楽||809||809||1||1||0.0012360939431396785||0.0012360939431396785
千葉県||809||809||7||7||0.00865265760197775||0.00865265760197775
名古屋市||808||808||3||3||0.0037128712871287127||0.0037128712871287127
JR東日本209系電車||807||807||10||10||0.012391573729863693||0.012391573729863693
日本の高校野球||807||807||3||3||0.0037174721189591076||0.0037174721189591076
愛のエプロン||805||805||1||1||0.0012422360248447205||0.0012422360248447205
船橋市||805||805||3||3||0.0037267080745341614||0.0037267080745341614
中京テレビ放送||804||804||1||1||0.0012437810945273632||0.0012437810945273632
太陽にほえろ!||804||804||1||1||0.0012437810945273632||0.0012437810945273632
こちら葛飾区亀有公園前派出所の登場人物||804||804||2||2||0.0024875621890547263||0.0024875621890547263
宇都宮線||804||804||2||2||0.0024875621890547263||0.0024875621890547263
To LOVEる -とらぶる-||804||804||13||13||0.01616915422885572||0.01616915422885572
名古屋駅||802||802||0||0||0.0||0.0
DIR EN GREY||802||802||2||2||0.0024937655860349127||0.0024937655860349127
千葉テレビ放送||801||801||0||0||0.0||0.0
高松市||800||800||1||1||0.00125||0.00125
和泉市||800||800||0||0||0.0||0.0
木村拓哉||800||800||8||8||0.01||0.01
倉敷市||798||798||0||0||0.0||0.0
陣内智則||798||798||0||0||0.0||0.0
浦安鉄筋家族||798||798||0||0||0.0||0.0
真・三國無双シリーズ||798||798||4||4||0.005012531328320802||0.005012531328320802
福井放送||797||797||1||1||0.0012547051442910915||0.0012547051442910915
東北大学||797||797||5||5||0.006273525721455458||0.006273525721455458
サザエさんの登場人物||796||796||6||6||0.007537688442211055||0.007537688442211055
フロントミッションシリーズの登場人物||796||796||6||6||0.007537688442211055||0.007537688442211055
自殺||796||796||9||9||0.011306532663316583||0.011306532663316583
稲森いずみ||796||796||8||8||0.010050251256281407||0.010050251256281407
倖田來未||796||796||0||0||0.0||0.0
越後長岡藩||795||795||0||0||0.0||0.0
トヨタ・カローラ||794||794||0||0||0.0||0.0
編曲家||793||793||0||0||0.0||0.0
DEATH NOTE (アニメ)||793||793||7||7||0.008827238335435058||0.008827238335435058
IPod||792||792||2||2||0.0025252525252525255||0.0025252525252525255
豊臣秀吉||792||792||12||12||0.015151515151515152||0.015151515151515152
静岡県||791||791||13||13||0.01643489254108723||0.01643489254108723
渡邉恒雄||791||791||12||12||0.015170670037926675||0.015170670037926675
暗殺||790||790||0||0||0.0||0.0
WWE||788||788||1||1||0.0012690355329949238||0.0012690355329949238
成田国際空港||788||788||4||4||0.005076142131979695||0.005076142131979695
世にも奇妙な物語||788||788||3||3||0.0038071065989847717||0.0038071065989847717
沖縄戦||787||787||22||22||0.02795425667090216||0.02795425667090216
台湾||787||787||16||16||0.020330368487928845||0.020330368487928845
ニコニコ動画||787||787||9||9||0.011435832274459974||0.011435832274459974
青森朝日放送||786||786||0||0||0.0||0.0
J.J.Express||786||786||9||9||0.011450381679389313||0.011450381679389313
アニマル横町||786||786||5||5||0.006361323155216285||0.006361323155216285
森喜朗||786||786||6||6||0.007633587786259542||0.007633587786259542
山口勝平||785||785||1||1||0.0012738853503184713||0.0012738853503184713
在日韓国・朝鮮人||784||784||42||42||0.05357142857142857||0.05357142857142857
ACジャパン||783||783||5||5||0.006385696040868455||0.006385696040868455
ミルモでポン!||783||783||4||4||0.005108556832694764||0.005108556832694764
ビートたけし||782||782||0||0||0.0||0.0
さよなら絶望先生の登場人物||782||782||2||2||0.0025575447570332483||0.0025575447570332483
香取慎吾||782||782||7||7||0.008951406649616368||0.008951406649616368
埼玉西武ライオンズ||781||781||0||0||0.0||0.0
魁!!男塾||781||781||1||1||0.0012804097311139564||0.0012804097311139564
キン肉マンII世||781||781||0||0||0.0||0.0
中央競馬||781||781||2||2||0.002560819462227913||0.002560819462227913
政令指定都市||780||780||7||7||0.008974358974358974||0.008974358974358974
全国高等学校野球選手権大会||780||780||3||3||0.0038461538461538464||0.0038461538461538464
スピッツ (バンド)||779||779||2||2||0.0025673940949935813||0.0025673940949935813
氷室京介||779||779||4||4||0.005134788189987163||0.005134788189987163
天上天下||779||779||11||11||0.014120667522464698||0.014120667522464698
山田涼介||779||779||8||8||0.010269576379974325||0.010269576379974325
シャーマンキング||779||779||0||0||0.0||0.0
亀田興毅||778||778||6||6||0.007712082262210797||0.007712082262210797
東京メトロ東西線||777||777||1||1||0.001287001287001287||0.001287001287001287
山形放送||777||777||0||0||0.0||0.0
中華人民共和国||776||776||6||6||0.007731958762886598||0.007731958762886598
上田竜也||776||776||3||3||0.003865979381443299||0.003865979381443299
はじめの一歩||775||775||0||0||0.0||0.0
連続テレビ小説||775||775||0||0||0.0||0.0
福山雅治||775||775||2||2||0.0025806451612903226||0.0025806451612903226
大阪市||774||774||0||0||0.0||0.0
コードギアスシリーズの登場人物||774||774||4||4||0.00516795865633075||0.00516795865633075
ゼーガペイン||773||773||9||9||0.01164294954721863||0.01164294954721863
小島よしお||773||773||17||17||0.02199223803363519||0.02199223803363519
YouTube||773||773||22||22||0.028460543337645538||0.028460543337645538
東條英機||772||772||3||3||0.0038860103626943004||0.0038860103626943004
ジョン・レノン||771||771||3||3||0.0038910505836575876||0.0038910505836575876
宮崎あおい||771||771||16||16||0.020752269779507133||0.020752269779507133
情報ライブ ミヤネ屋||770||770||2||2||0.0025974025974025974||0.0025974025974025974
武蔵野線||770||770||3||3||0.003896103896103896||0.003896103896103896
News zero||769||769||2||2||0.002600780234070221||0.002600780234070221
夜な夜なニュースいぢり X-Radio バツラジ||768||768||0||0||0.0||0.0
長嶋茂雄||768||768||1||1||0.0013020833333333333||0.0013020833333333333
ライフ (漫画)||768||768||5||5||0.006510416666666667||0.006510416666666667
菅直人||768||768||3||3||0.00390625||0.00390625
デスノート (映画)||767||767||4||4||0.005215123859191656||0.005215123859191656
Mixi||767||767||23||23||0.02998696219035202||0.02998696219035202
アダルトゲーム||766||766||3||3||0.0039164490861618795||0.0039164490861618795
小田和正||766||766||1||1||0.0013054830287206266||0.0013054830287206266
大塚明夫||766||766||1||1||0.0013054830287206266||0.0013054830287206266
トヨタ・クラウン||766||766||1||1||0.0013054830287206266||0.0013054830287206266
魔法少女リリカルなのはシリーズの登場人物||766||766||3||3||0.0039164490861618795||0.0039164490861618795
コミックマーケット||765||765||2||2||0.00261437908496732||0.00261437908496732
テレビ愛知||765||765||1||1||0.00130718954248366||0.00130718954248366
学習院大学||765||765||0||0||0.0||0.0
京都市||763||763||4||4||0.005242463958060288||0.005242463958060288
ダウンタウンのごっつええ感じ||763||763||1||1||0.001310615989515072||0.001310615989515072
JR福知山線脱線事故||763||763||0||0||0.0||0.0
ふたりはプリキュア Splash Star||763||763||5||5||0.00655307994757536||0.00655307994757536
仮面ライダーアギト||762||762||0||0||0.0||0.0
スーパーモーニング||762||762||1||1||0.0013123359580052493||0.0013123359580052493
志村けん||762||762||1||1||0.0013123359580052493||0.0013123359580052493
中島裕翔||762||762||12||12||0.015748031496062992||0.015748031496062992
東京急行電鉄||761||761||3||3||0.003942181340341655||0.003942181340341655
ラジオ関西||761||761||0||0||0.0||0.0
岡田准一||761||761||1||1||0.001314060446780552||0.001314060446780552
兵庫県||759||759||3||3||0.003952569169960474||0.003952569169960474
仮面ライダークウガ||759||759||1||1||0.0013175230566534915||0.0013175230566534915
源義経||759||759||2||2||0.002635046113306983||0.002635046113306983
戦闘機||759||759||6||6||0.007905138339920948||0.007905138339920948
武豊||759||759||0||0||0.0||0.0
みのもんた||758||758||4||4||0.005277044854881266||0.005277044854881266
とっとこハム太郎||758||758||3||3||0.00395778364116095||0.00395778364116095
スーパーJチャンネル||758||758||1||1||0.0013192612137203166||0.0013192612137203166
桜蘭高校ホスト部||756||756||0||0||0.0||0.0
プロレスリング・ノア||755||755||5||5||0.006622516556291391||0.006622516556291391
テレビ東京番組一覧||754||754||0||0||0.0||0.0
ダウンタウンのガキの使いやあらへんで!!の企画||754||754||1||1||0.001326259946949602||0.001326259946949602
FNS27時間テレビ (2007年)||754||754||0||0||0.0||0.0
大日本帝国海軍艦艇一覧||753||753||1||1||0.0013280212483399733||0.0013280212483399733
仮面ライダー||752||752||6||6||0.007978723404255319||0.007978723404255319
クラシック音楽の曲名一覧||752||752||0||0||0.0||0.0
パタリロ!||752||752||0||0||0.0||0.0
ジーコ||752||752||1||1||0.0013297872340425532||0.0013297872340425532
CLANNAD (ゲーム)||751||751||6||6||0.007989347536617843||0.007989347536617843
英語||750||750||11||11||0.014666666666666666||0.014666666666666666
航空事故||750||750||2||2||0.0026666666666666666||0.0026666666666666666
HUNTER×HUNTERの登場人物||750||750||0||0||0.0||0.0
野球||749||749||8||8||0.010680907877169559||0.010680907877169559
インド||749||749||2||2||0.0026702269692923898||0.0026702269692923898
四国放送||749||749||1||1||0.0013351134846461949||0.0013351134846461949
メイプルストーリー||748||748||13||13||0.017379679144385027||0.017379679144385027
西郷隆盛||747||747||4||4||0.00535475234270415||0.00535475234270415
国際刑事裁判所||747||747||0||0||0.0||0.0
はだしのゲン||746||746||0||0||0.0||0.0
群馬県出身の人物一覧||746||746||0||0||0.0||0.0
球種 (野球)||744||744||5||5||0.006720430107526882||0.006720430107526882
どうぶつの森の登場キャラクター一覧||744||744||4||4||0.005376344086021506||0.005376344086021506
AV女優||743||743||1||1||0.0013458950201884253||0.0013458950201884253
NEWS23||743||743||17||17||0.02288021534320323||0.02288021534320323
同志社大学||743||743||3||3||0.004037685060565276||0.004037685060565276
デジモンアドベンチャー02||742||742||0||0||0.0||0.0
絶対可憐チルドレン||742||742||3||3||0.004043126684636119||0.004043126684636119
ファイナルファンタジーV||742||742||1||1||0.0013477088948787063||0.0013477088948787063
Google||742||742||20||20||0.026954177897574125||0.026954177897574125
コスプレ系飲食店||741||741||2||2||0.002699055330634278||0.002699055330634278
ダルビッシュ有||741||741||3||3||0.004048582995951417||0.004048582995951417
Macintosh||740||740||1||1||0.0013513513513513514||0.0013513513513513514
川澄綾子||740||740||4||4||0.005405405405405406||0.005405405405405406
暴れん坊将軍||740||740||4||4||0.005405405405405406||0.005405405405405406
柴田淳||740||740||2||2||0.002702702702702703||0.002702702702702703
中森明菜||740||740||3||3||0.004054054054054054||0.004054054054054054
ダイエー||739||739||0||0||0.0||0.0
上戸彩||739||739||9||9||0.012178619756427604||0.012178619756427604
エフエム東京||738||738||0||0||0.0||0.0
仲間由紀恵||738||738||2||2||0.0027100271002710027||0.0027100271002710027
成田市||737||737||0||0||0.0||0.0
フジテレビ番組一覧||737||737||0||0||0.0||0.0
ロックマンシリーズ||737||737||3||3||0.004070556309362279||0.004070556309362279
高崎線||736||736||3||3||0.004076086956521739||0.004076086956521739
遊☆戯☆王デュエルモンスターズ||736||736||1||1||0.001358695652173913||0.001358695652173913
西武鉄道||735||735||4||4||0.005442176870748299||0.005442176870748299
テイルズ オブ ファンタジア||735||735||3||3||0.004081632653061225||0.004081632653061225
スーパーコンピュータ||734||734||2||2||0.0027247956403269754||0.0027247956403269754
千葉県出身の人物一覧||734||734||3||3||0.004087193460490463||0.004087193460490463
相模鉄道||734||734||0||0||0.0||0.0
パナソニック||734||734||1||1||0.0013623978201634877||0.0013623978201634877
フォーミュラ1||733||733||5||5||0.0068212824010914054||0.0068212824010914054
水樹奈々||733||733||17||17||0.023192360163710776||0.023192360163710776
清風中学校・高等学校||733||733||3||3||0.004092769440654843||0.004092769440654843
鹿児島県出身の人物一覧||733||733||0||0||0.0||0.0
仙台駅||732||732||2||2||0.00273224043715847||0.00273224043715847
TOKIO||732||732||3||3||0.004098360655737705||0.004098360655737705
渡辺美里||732||732||2||2||0.00273224043715847||0.00273224043715847
宮廷女官チャングムの誓い||732||732||4||4||0.00546448087431694||0.00546448087431694
遊☆戯☆王の登場人物||732||732||1||1||0.001366120218579235||0.001366120218579235
イギリス||732||732||13||13||0.017759562841530054||0.017759562841530054
Blu-ray Disc||731||731||3||3||0.004103967168262654||0.004103967168262654
金沢市||731||731||1||1||0.0013679890560875513||0.0013679890560875513
GARNET CROW||731||731||2||2||0.0027359781121751026||0.0027359781121751026
Gatas Brilhantes H.P.||731||731||0||0||0.0||0.0
D.C.II 〜ダ・カーポII〜||731||731||1||1||0.0013679890560875513||0.0013679890560875513
後藤真希||731||731||15||15||0.02051983584131327||0.02051983584131327
ウルトラマンレオ||730||730||2||2||0.0027397260273972603||0.0027397260273972603
テレビ宮崎||730||730||4||4||0.005479452054794521||0.005479452054794521
東洋大学||730||730||6||6||0.00821917808219178||0.00821917808219178
犬夜叉||730||730||5||5||0.00684931506849315||0.00684931506849315
2003年||729||729||2||2||0.0027434842249657062||0.0027434842249657062
NNNニュースプラス1||729||729||1||1||0.0013717421124828531||0.0013717421124828531
北海道コンサドーレ札幌||727||727||0||0||0.0||0.0
PiTaPa||726||726||2||2||0.0027548209366391185||0.0027548209366391185
絶体絶命でんぢゃらすじーさん||726||726||2||2||0.0027548209366391185||0.0027548209366391185
Hide||726||726||8||8||0.011019283746556474||0.011019283746556474
封神演義 (漫画)||726||726||0||0||0.0||0.0
完全走破!日本縦断2002キロ高速道路の旅||726||726||0||0||0.0||0.0
ファイナルファンタジーIII||726||726||0||0||0.0||0.0
DARKER THAN BLACK -黒の契約者-||726||726||1||1||0.0013774104683195593||0.0013774104683195593
鳥人戦隊ジェットマン||725||725||4||4||0.005517241379310344||0.005517241379310344
井上和彦 (声優)||725||725||1||1||0.001379310344827586||0.001379310344827586
江頭2:50||725||725||5||5||0.006896551724137931||0.006896551724137931
スーパー戦隊Vシネマ||725||725||5||5||0.006896551724137931||0.006896551724137931
デビルメイクライシリーズ||724||724||0||0||0.0||0.0
井上喜久子||724||724||2||2||0.0027624309392265192||0.0027624309392265192
中村俊輔||724||724||5||5||0.006906077348066298||0.006906077348066298
魔法先生ネギま!||723||723||0||0||0.0||0.0
ジャパン・ニュース・ネットワーク||722||722||0||0||0.0||0.0
テレビせとうち||722||722||0||0||0.0||0.0
ひぐらしのなく頃にの登場人物||722||722||5||5||0.006925207756232687||0.006925207756232687
長寿番組の一覧||721||721||2||2||0.0027739251040221915||0.0027739251040221915
出ましたっ!パワパフガールズZ||721||721||3||3||0.004160887656033287||0.004160887656033287
広島電鉄||719||719||1||1||0.0013908205841446453||0.0013908205841446453
ぐるぐるナインティナイン||719||719||1||1||0.0013908205841446453||0.0013908205841446453
真選組||719||719||1||1||0.0013908205841446453||0.0013908205841446453
ネコ||719||719||12||12||0.016689847009735744||0.016689847009735744
三重県||719||719||2||2||0.0027816411682892906||0.0027816411682892906
エイベックス・グループ||719||719||5||5||0.006954102920723227||0.006954102920723227
めぞん一刻||718||718||6||6||0.008356545961002786||0.008356545961002786
鈴置洋孝||718||718||4||4||0.005571030640668524||0.005571030640668524
ワンナイR&R||718||718||0||0||0.0||0.0
土曜ワイド劇場||718||718||1||1||0.001392757660167131||0.001392757660167131
映画作品一覧||717||717||0||0||0.0||0.0
タカヤ -閃武学園激闘伝-||717||717||3||3||0.0041841004184100415||0.0041841004184100415
美少女戦士セーラームーン||717||717||6||6||0.008368200836820083||0.008368200836820083
爆笑問題||716||716||0||0||0.0||0.0
ぱにぽに||716||716||6||6||0.008379888268156424||0.008379888268156424
いぬかみっ!||716||716||1||1||0.0013966480446927375||0.0013966480446927375
宝塚歌劇団||715||715||0||0||0.0||0.0
トヨタ・ブレイド||715||715||0||0||0.0||0.0
沢田研二||714||714||0||0||0.0||0.0
阪神甲子園球場||714||714||4||4||0.0056022408963585435||0.0056022408963585435
ドラゴンクエストIII そして伝説へ…||713||713||1||1||0.001402524544179523||0.001402524544179523
大乱闘スマッシュブラザーズシリーズ||713||713||2||2||0.002805049088359046||0.002805049088359046
テイルズ オブ デスティニー2||713||713||2||2||0.002805049088359046||0.002805049088359046
難読地名||713||713||0||0||0.0||0.0
タカアンドトシ||713||713||1||1||0.001402524544179523||0.001402524544179523
広島市||713||713||1||1||0.001402524544179523||0.001402524544179523
日本国憲法||712||712||8||8||0.011235955056179775||0.011235955056179775
ゼルダの伝説シリーズ||712||712||4||4||0.0056179775280898875||0.0056179775280898875
DRAGON QUEST -ダイの大冒険-||712||712||4||4||0.0056179775280898875||0.0056179775280898875
零式艦上戦闘機||712||712||4||4||0.0056179775280898875||0.0056179775280898875
パラグライダー||710||710||4||4||0.005633802816901409||0.005633802816901409
Beatmania IIDX||710||710||2||2||0.0028169014084507044||0.0028169014084507044
上杉謙信||710||710||4||4||0.005633802816901409||0.005633802816901409
大和 (戦艦)||709||709||6||6||0.00846262341325811||0.00846262341325811
浅野真澄||709||709||7||7||0.009873060648801129||0.009873060648801129
JR西日本207系電車||709||709||0||0||0.0||0.0
岡山県出身の人物一覧||709||709||0||0||0.0||0.0
Xbox 360||709||709||12||12||0.01692524682651622||0.01692524682651622
FNS歌謡祭||708||708||0||0||0.0||0.0
中川翔子||708||708||16||16||0.022598870056497175||0.022598870056497175
フランス||707||707||19||19||0.026874115983026876||0.026874115983026876
斉藤舞子||707||707||4||4||0.005657708628005658||0.005657708628005658
坂本龍一||706||706||2||2||0.0028328611898017||0.0028328611898017
井川慶||706||706||0||0||0.0||0.0
ハロー!モーニング。||706||706||1||1||0.00141643059490085||0.00141643059490085
ザ・ドリフターズ||705||705||0||0||0.0||0.0
ウルトラセブンの登場怪獣||705||705||4||4||0.005673758865248227||0.005673758865248227
胸いっぱいサミット!||705||705||2||2||0.0028368794326241137||0.0028368794326241137
スキマスイッチ||705||705||0||0||0.0||0.0
ニコンの銀塩一眼レフカメラ製品一覧||705||705||0||0||0.0||0.0
朝鮮民主主義人民共和国||705||705||14||14||0.019858156028368795||0.019858156028368795
マリア様がみてる||705||705||5||5||0.0070921985815602835||0.0070921985815602835
GetBackers-奪還屋-||705||705||5||5||0.0070921985815602835||0.0070921985815602835
若者言葉||705||705||2||2||0.0028368794326241137||0.0028368794326241137
阪急電鉄||704||704||3||3||0.004261363636363636||0.004261363636363636
アップダウンクイズ||704||704||0||0||0.0||0.0
杉田智和||704||704||1||1||0.0014204545454545455||0.0014204545454545455

