
Page||Recent Revisions||Total Revisions||Recent Reverts||Total Reverts||Recent Contention||Total Contention
海賊戦隊ゴーカイジャー/log20120602||5041||5041||169||169||0.03352509422733584||0.03352509422733584
ONE PIECEの登場人物一覧/log||5010||5010||25||25||0.00499001996007984||0.00499001996007984
AKB48/log20110116||4789||4789||199||199||0.04155356024222176||0.04155356024222176
仮面ライダーディケイド/log20091223||4546||4546||174||174||0.03827540695116586||0.03827540695116586
仮面ライダー電王/log20080331||4485||4485||26||26||0.005797101449275362||0.005797101449275362
けいおん!/log20120612||4172||4172||309||309||0.07406519654841802||0.07406519654841802
森田一義アワー 笑っていいとも!/log20130117||4163||4163||45||45||0.01080951237088638||0.01080951237088638
舞-乙HiME/log20120619||4089||4089||2||2||4.891171435558817E-4||4.891171435558817E-4
銀魂/log20081129||4001||4001||15||15||0.003749062734316421||0.003749062734316421
仮面ライダーフォーゼ||3967||3967||76||76||0.019158053945046636||0.019158053945046636
笑点/log20110201||3890||3890||19||19||0.004884318766066838||0.004884318766066838
イナズマイレブンの登場人物/history20150222||3884||3884||46||46||0.01184346035015448||0.01184346035015448
BLEACH/log20080419||3877||3877||20||20||0.005158627805003869||0.005158627805003869
仮面ライダーW/log20110201||3843||3843||77||77||0.020036429872495445||0.020036429872495445
NARUTO -ナルト-の登場人物/log20120612||3800||3800||87||87||0.022894736842105263||0.022894736842105263
アンパンマンの登場人物一覧/log20120613||3798||3798||69||69||0.018167456556082148||0.018167456556082148
SASUKE/history20180113||3796||3796||31||31||0.008166491043203371||0.008166491043203371
ウルトラマンメビウス/log20100825||3792||3792||39||39||0.010284810126582278||0.010284810126582278
ミュージックステーション/log20120615||3784||3784||15||15||0.003964059196617336||0.003964059196617336
EXILE/log 20120611||3778||3778||54||54||0.014293276866066702||0.014293276866066702
ゲームセンターCX/history20160321||3766||3766||25||25||0.006638343069569836||0.006638343069569836
銀魂の登場人物一覧/log20080904||3752||3752||3||3||7.995735607675906E-4||7.995735607675906E-4
青森放送/history20180113||3746||3746||2||2||5.339028296849973E-4||5.339028296849973E-4
第二次世界大戦/log20120619||3712||3712||37||37||0.009967672413793104||0.009967672413793104
ONE PIECE/log||3694||3694||29||29||0.00785056848944234||0.00785056848944234
アニメ版ポケットモンスターの登場人物/history20160321||3676||3676||46||46||0.012513601741022852||0.012513601741022852
クイズ!ヘキサゴンII/log20090401||3650||3650||31||31||0.008493150684931507||0.008493150684931507
モーニング娘。||3647||3647||99||99||0.027145599122566495||0.027145599122566495
スーパー戦隊シリーズ/history20160321||3619||3619||27||27||0.007460624481901078||0.007460624481901078
コードギアス 反逆のルルーシュ/log20080407||3610||3610||21||21||0.005817174515235457||0.005817174515235457
日本/log20090827||3601||3601||74||74||0.02054984726464871||0.02054984726464871
24時間テレビ 「愛は地球を救う」/history20160321||3600||3600||92||92||0.025555555555555557||0.025555555555555557
家庭教師ヒットマンREBORN!/log20100415||3591||3591||128||128||0.03564466722361459||0.03564466722361459
テニスの王子様の登場人物/log20120614||3586||3586||11||11||0.003067484662576687||0.003067484662576687
情報ライブ ミヤネ屋||3581||3581||47||47||0.01312482546774644||0.01312482546774644
相棒/history20150820||3579||3579||123||123||0.03436714165968147||0.03436714165968147
トリコ||3577||3577||90||90||0.02516074923119933||0.02516074923119933
プレイステーション3/log20100415||3548||3548||50||50||0.014092446448703494||0.014092446448703494
機動戦士ガンダム00||3548||3548||68||68||0.019165727170236752||0.019165727170236752
仮面ライダーオーズ/OOO/log20120616||3547||3547||81||81||0.022836199605300252||0.022836199605300252
BLEACHの登場人物||3535||3535||29||29||0.008203677510608205||0.008203677510608205
ネプリーグ/log20091026||3501||3501||10||10||0.0028563267637817767||0.0028563267637817767
ナインティナインのオールナイトニッポン||3492||3492||21||21||0.006013745704467354||0.006013745704467354
涼宮ハルヒシリーズ/log20090701||3492||3492||76||76||0.021764032073310423||0.021764032073310423
エンタの神様/log20091223||3480||3480||28||28||0.008045977011494253||0.008045977011494253
D.Gray-man||3455||3455||20||20||0.005788712011577424||0.005788712011577424
小沢一郎||3454||3454||116||116||0.0335842501447597||0.0335842501447597
テレビ神奈川||3445||3445||16||16||0.0046444121915820025||0.0046444121915820025
ケロロ軍曹の登場人物一覧/log20090210||3436||3436||5||5||0.0014551804423748546||0.0014551804423748546
石原慎太郎||3404||3404||96||96||0.0282021151586369||0.0282021151586369
ドラゴンボールの登場人物||3393||3393||54||54||0.015915119363395226||0.015915119363395226
阪神タイガース||3388||3388||61||61||0.018004722550177096||0.018004722550177096
破面||3374||3374||16||16||0.004742145820983995||0.004742145820983995
読売ジャイアンツ||3355||3355||24||24||0.007153502235469449||0.007153502235469449
Yes!プリキュア5||3348||3348||70||70||0.02090800477897252||0.02090800477897252
銀魂 (アニメ)||3325||3325||8||8||0.002406015037593985||0.002406015037593985
広島県出身の人物一覧||3309||3309||3||3||9.066183136899365E-4||9.066183136899365E-4
3年B組金八先生)/history20180113||3308||3308||64||64||0.019347037484885126||0.019347037484885126
ちちんぷいぷい (テレビ番組)/history20180113||3290||3290||11||11||0.0033434650455927053||0.0033434650455927053
ジャニーズJr.||3290||3290||50||50||0.015197568389057751||0.015197568389057751
太鼓の達人||3268||3268||50||50||0.015299877600979192||0.015299877600979192
天装戦隊ゴセイジャー||3266||3266||71||71||0.021739130434782608||0.021739130434782608
ズームイン!!SUPER/log20091228||3247||3247||8||8||0.0024638127502309825||0.0024638127502309825
クレヨンしんちゃん||3224||3224||24||24||0.007444168734491315||0.007444168734491315
ケロロ軍曹||3221||3221||16||16||0.0049674014281279105||0.0049674014281279105
大喜利 (笑点)||3202||3202||83||83||0.025921299188007497||0.025921299188007497
銀魂の登場人物一覧||3202||3202||43||43||0.013429106808244847||0.013429106808244847
新世紀エヴァンゲリオン||3199||3199||51||51||0.01594248202563301||0.01594248202563301
UHFアニメ||3187||3187||11||11||0.0034515218073423283||0.0034515218073423283
テレビ東京||3187||3187||22||22||0.006903043614684657||0.006903043614684657
ドラえもん||3187||3187||124||124||0.038908064010040794||0.038908064010040794
クイズ!ヘキサゴンII||3176||3176||129||129||0.04061712846347607||0.04061712846347607
仮面ライダーシリーズ||3175||3175||58||58||0.01826771653543307||0.01826771653543307
水戸黄門 (パナソニック ドラマシアター)||3173||3173||10||10||0.003151591553734636||0.003151591553734636
愛知県出身の人物一覧||3155||3155||23||23||0.007290015847860539||0.007290015847860539
国鉄485系電車||3143||3143||33||33||0.010499522748965956||0.010499522748965956
そこまで言って委員会NP||3140||3140||16||16||0.005095541401273885||0.005095541401273885
奥州市||3135||3135||8||8||0.002551834130781499||0.002551834130781499
名探偵コナンの登場人物/history20180113||3112||3112||56||56||0.017994858611825194||0.017994858611825194
アメリカ横断ウルトラクイズ||3110||3110||7||7||0.0022508038585209||0.0022508038585209
DEATH NOTEの登場人物||3106||3106||10||10||0.003219575016097875||0.003219575016097875
オールスター感謝祭/history20190417||3099||3099||32||32||0.010325911584382058||0.010325911584382058
日本航空123便墜落事故||3094||3094||28||28||0.00904977375565611||0.00904977375565611
フジテレビジョン||3069||3069||19||19||0.0061909416748126425||0.0061909416748126425
パネルクイズ アタック25||3066||3066||60||60||0.019569471624266144||0.019569471624266144
B'z||3064||3064||69||69||0.02251958224543081||0.02251958224543081
中部日本放送||3061||3061||10||10||0.003266906239790918||0.003266906239790918
北海道日本ハムファイターズ||3050||3050||43||43||0.014098360655737704||0.014098360655737704
ドラゴンボール||3038||3038||76||76||0.025016458196181698||0.025016458196181698
SMAP||3031||3031||50||50||0.01649620587264929||0.01649620587264929
DEATH NOTE||3028||3028||36||36||0.011889035667107||0.011889035667107
NARUTO -ナルト-||3005||3005||29||29||0.009650582362728786||0.009650582362728786
明石家さんま||2983||2983||42||42||0.014079785450888367||0.014079785450888367
こちら葛飾区亀有公園前派出所||2982||2982||38||38||0.012743125419181758||0.012743125419181758
早稲田大学の人物一覧||2974||2974||10||10||0.0033624747814391394||0.0033624747814391394
毎日放送||2967||2967||23||23||0.007751937984496124||0.007751937984496124
めちゃ×2イケてるッ!||2965||2965||40||40||0.013490725126475547||0.013490725126475547
仙台市||2951||2951||34||34||0.011521518129447645||0.011521518129447645
海賊 (ONE PIECE)/history20180113||2950||2950||156||156||0.05288135593220339||0.05288135593220339
水曜どうでしょう||2948||2948||15||15||0.00508819538670285||0.00508819538670285
クイズダービー||2937||2937||44||44||0.0149812734082397||0.0149812734082397
福山潤||2933||2933||32||32||0.010910330719399931||0.010910330719399931
トヨタ自動車||2925||2925||80||80||0.02735042735042735||0.02735042735042735
二宮和也||2917||2917||103||103||0.03531025025711347||0.03531025025711347
静岡市||2895||2895||20||20||0.0069084628670120895||0.0069084628670120895
仮面ライダーカブト||2884||2884||37||37||0.012829403606102635||0.012829403606102635
獣拳戦隊ゲキレンジャー||2876||2876||34||34||0.011821974965229486||0.011821974965229486
NHK紅白歌合戦||2869||2869||95||95||0.033112582781456956||0.033112582781456956
東京大学の人物一覧||2865||2865||15||15||0.005235602094240838||0.005235602094240838
東京放送ホールディングス||2853||2853||30||30||0.010515247108307046||0.010515247108307046
日本の漫画家一覧||2847||2847||3||3||0.001053740779768177||0.001053740779768177
鈴村健一||2846||2846||38||38||0.013352073085031623||0.013352073085031623
クイズ世界はSHOW by ショーバイ!!||2843||2843||16||16||0.005627857896588111||0.005627857896588111
魔人探偵脳噛ネウロ||2838||2838||8||8||0.0028188865398167725||0.0028188865398167725
ケロロ軍曹 (アニメ)||2836||2836||21||21||0.007404795486600846||0.007404795486600846
SAMURAI BASEBALL||2834||2834||14||14||0.004940014114326041||0.004940014114326041
らき☆すた||2832||2832||29||29||0.010240112994350282||0.010240112994350282
ONE PIECEの登場人物一覧||2829||2829||198||198||0.06998939554612937||0.06998939554612937
Axis powers ヘタリア||2824||2824||27||27||0.009560906515580737||0.009560906515580737
モンスターハンターのモンスター一覧||2819||2819||33||33||0.011706278822277403||0.011706278822277403
麻生太郎||2817||2817||77||77||0.027334043308484202||0.027334043308484202
ハヤテのごとく!の登場人物||2797||2797||95||95||0.033964962459778335||0.033964962459778335
国鉄103系電車||2785||2785||29||29||0.010412926391382405||0.010412926391382405
轟轟戦隊ボウケンジャー||2785||2785||26||26||0.00933572710951526||0.00933572710951526
とある魔術の禁書目録||2779||2779||111||111||0.03994242533285355||0.03994242533285355
侍戦隊シンケンジャー||2774||2774||51||51||0.018385003604902667||0.018385003604902667
大韓民国||2769||2769||71||71||0.02564102564102564||0.02564102564102564
ハロー!プロジェクト||2765||2765||42||42||0.015189873417721518||0.015189873417721518
めざましテレビ/history20190417||2763||2763||26||26||0.009410061527325372||0.009410061527325372
平成||2756||2756||44||44||0.015965166908563134||0.015965166908563134
福岡ソフトバンクホークス||2756||2756||31||31||0.011248185776487663||0.011248185776487663
M-1グランプリ||2750||2750||18||18||0.006545454545454545||0.006545454545454545
千葉ロッテマリーンズ||2740||2740||58||58||0.021167883211678833||0.021167883211678833
日本プロサッカーリーグ||2725||2725||52||52||0.01908256880733945||0.01908256880733945
金色のガッシュ!!の登場人物||2717||2717||10||10||0.00368052999631947||0.00368052999631947
2006年||2712||2712||37||37||0.01364306784660767||0.01364306784660767
世界一の一覧||2711||2711||27||27||0.009959424566580598||0.009959424566580598
古畑任三郎||2701||2701||16||16||0.005923731951129212||0.005923731951129212
錦戸亮||2696||2696||43||43||0.015949554896142432||0.015949554896142432
ローゼンメイデン/history 20130917||2690||2690||40||40||0.01486988847583643||0.01486988847583643
ジャニーズ事務所||2688||2688||38||38||0.014136904761904762||0.014136904761904762
浦和レッドダイヤモンズ||2672||2672||35||35||0.01309880239520958||0.01309880239520958
日本放送協会||2665||2665||60||60||0.0225140712945591||0.0225140712945591
週刊少年ジャンプ||2664||2664||36||36||0.013513513513513514||0.013513513513513514
日本テレビ放送網||2650||2650||9||9||0.0033962264150943396||0.0033962264150943396
VS嵐||2639||2639||30||30||0.011367942402425162||0.011367942402425162
慶應義塾大学の人物一覧||2639||2639||45||45||0.017051913603637742||0.017051913603637742
日本体育大学||2630||2630||4||4||0.001520912547528517||0.001520912547528517
とある魔術の禁書目録の登場人物||2629||2629||126||126||0.04792696842906048||0.04792696842906048
バンプレストオリジナルのキャラクター一覧||2628||2628||5||5||0.001902587519025875||0.001902587519025875
櫻井孝宏||2610||2610||52||52||0.01992337164750958||0.01992337164750958
日本共産党||2603||2603||42||42||0.016135228582404917||0.016135228582404917
水樹奈々||2597||2597||107||107||0.04120138621486331||0.04120138621486331
全国高等学校クイズ選手権||2589||2589||57||57||0.0220162224797219||0.0220162224797219
福岡県出身の人物一覧||2587||2587||22||22||0.008504058755315036||0.008504058755315036
スーパーベースボール (テレビ朝日系列)||2584||2584||4||4||0.0015479876160990713||0.0015479876160990713
しゅごキャラ!||2582||2582||17||17||0.006584043377226956||0.006584043377226956
石田彰||2577||2577||17||17||0.006596818005432673||0.006596818005432673
THE IDOLM@STERの登場人物||2569||2569||106||106||0.041261191124951344||0.041261191124951344
仮面ライダーシリーズ登場怪人一覧||2560||2560||128||128||0.05||0.05
横浜DeNAベイスターズ||2558||2558||36||36||0.014073494917904612||0.014073494917904612
京都放送||2556||2556||7||7||0.0027386541471048514||0.0027386541471048514
桃太郎電鉄シリーズ||2540||2540||8||8||0.0031496062992125984||0.0031496062992125984
世界平和統一家庭連合||2535||2535||55||55||0.021696252465483234||0.021696252465483234
関西国際空港||2529||2529||21||21||0.00830367734282325||0.00830367734282325
Au (携帯電話)||2526||2526||48||48||0.019002375296912115||0.019002375296912115
ドラえもん (1979年のテレビアニメ)||2524||2524||20||20||0.00792393026941363||0.00792393026941363
ウルトラマン||2523||2523||44||44||0.01743955608402695||0.01743955608402695
WWEに所属する人物一覧||2511||2511||4||4||0.0015929908403026682||0.0015929908403026682
探偵!ナイトスクープ||2507||2507||9||9||0.0035899481451934583||0.0035899481451934583
ポルノグラフィティ||2507||2507||41||41||0.016354208216992423||0.016354208216992423
灼眼のシャナ||2503||2503||28||28||0.011186576108669596||0.011186576108669596
デジモン一覧||2498||2498||7||7||0.0028022417934347476||0.0028022417934347476
オールナイトニッポン||2497||2497||13||13||0.005206247496996396||0.005206247496996396
鹿島アントラーズ||2490||2490||40||40||0.01606425702811245||0.01606425702811245
2005年||2490||2490||19||19||0.007630522088353414||0.007630522088353414
王貞治||2482||2482||27||27||0.010878323932312651||0.010878323932312651
家庭教師ヒットマンREBORN!の登場人物||2481||2481||34||34||0.013704151551793631||0.013704151551793631
マイケル・ジャクソン||2480||2480||49||49||0.01975806451612903||0.01975806451612903
逆転裁判||2479||2479||34||34||0.01371520774505849||0.01371520774505849
SLAM DUNKの登場人物||2475||2475||20||20||0.00808080808080808||0.00808080808080808
北海道放送||2469||2469||3||3||0.001215066828675577||0.001215066828675577
中部国際空港||2468||2468||30||30||0.012155591572123177||0.012155591572123177
海軍 (ONE PIECE)||2456||2456||191||191||0.07776872964169382||0.07776872964169382
FNS27時間テレビ||2453||2453||6||6||0.0024459845087647777||0.0024459845087647777
行列のできる法律相談所||2439||2439||97||97||0.03977039770397704||0.03977039770397704
東京駅||2439||2439||47||47||0.01927019270192702||0.01927019270192702
Fun!BASEBALL!!||2434||2434||4||4||0.0016433853738701725||0.0016433853738701725
トリビアの泉 〜素晴らしきムダ知識〜||2428||2428||15||15||0.006177924217462933||0.006177924217462933
成田国際空港||2420||2420||34||34||0.014049586776859505||0.014049586776859505
浅田真央||2418||2418||72||72||0.02977667493796526||0.02977667493796526
2011年のテレビ (日本)||2417||2417||12||12||0.004964832436905255||0.004964832436905255
松井秀喜||2414||2414||67||67||0.02775476387738194||0.02775476387738194
涼宮ハルヒの憂鬱 (アニメ)||2412||2412||85||85||0.035240464344941956||0.035240464344941956
キン肉マンの登場人物||2412||2412||6||6||0.0024875621890547263||0.0024875621890547263
日産自動車||2403||2403||19||19||0.007906783187682065||0.007906783187682065
堀江由衣||2401||2401||42||42||0.01749271137026239||0.01749271137026239
ポケットモンスター (アニメ)||2395||2395||23||23||0.009603340292275574||0.009603340292275574
GTO (漫画)||2388||2388||9||9||0.0037688442211055275||0.0037688442211055275
TBSテレビ||2386||2386||57||57||0.02388935456831517||0.02388935456831517
劇場版 仮面ライダーディケイド オールライダー対大ショッカー||2383||2383||111||111||0.04657994125052455||0.04657994125052455
SCHOOL OF LOCK!||2382||2382||13||13||0.0054575986565911||0.0054575986565911
アイシールド21||2374||2374||20||20||0.008424599831508003||0.008424599831508003
ガンダムシリーズの登場機動兵器一覧||2373||2373||12||12||0.0050568900126422255||0.0050568900126422255
イナズマイレブン||2368||2368||31||31||0.013091216216216216||0.013091216216216216
東京ヤクルトスワローズ||2363||2363||43||43||0.01819720694033009||0.01819720694033009
福山市||2362||2362||3||3||0.0012701100762066045||0.0012701100762066045
菅直人||2360||2360||116||116||0.04915254237288136||0.04915254237288136
暁 (NARUTO)||2355||2355||65||65||0.027600849256900213||0.027600849256900213
めだかボックス||2355||2355||81||81||0.034394904458598725||0.034394904458598725
都市伝説一覧||2353||2353||30||30||0.012749681257968552||0.012749681257968552
大野智||2347||2347||68||68||0.028973157221985513||0.028973157221985513
法政大学の人物一覧||2343||2343||5||5||0.002134016218523261||0.002134016218523261
2007年||2343||2343||41||41||0.017498932991890738||0.017498932991890738
新宿駅||2337||2337||33||33||0.014120667522464698||0.014120667522464698
機動戦士ガンダムAGE||2336||2336||48||48||0.02054794520547945||0.02054794520547945
D.Gray-manの登場人物||2334||2334||28||28||0.011996572407883462||0.011996572407883462
相棒の登場人物/history20190113||2332||2332||62||62||0.026586620926243566||0.026586620926243566
志田未来||2330||2330||41||41||0.01759656652360515||0.01759656652360515
朝日放送グループホールディングス||2320||2320||22||22||0.009482758620689655||0.009482758620689655
新潟市||2315||2315||22||22||0.009503239740820735||0.009503239740820735
新幹線||2313||2313||35||35||0.015131863380890618||0.015131863380890618
能登麻美子||2310||2310||27||27||0.011688311688311689||0.011688311688311689
Run for money 逃走中||2309||2309||32||32||0.013858813339107838||0.013858813339107838
東北楽天ゴールデンイーグルス||2303||2303||36||36||0.015631784628745114||0.015631784628745114
声優||2299||2299||20||20||0.008699434536755112||0.008699434536755112
日本航空||2299||2299||45||45||0.019573727707699||0.019573727707699
鋼の錬金術師の登場人物一覧/history 20120609||2299||2299||20||20||0.008699434536755112||0.008699434536755112
さよなら絶望先生||2298||2298||23||23||0.010008703220191472||0.010008703220191472
SoftBank (携帯電話)||2294||2294||21||21||0.009154315605928508||0.009154315605928508
タモリ||2292||2292||46||46||0.02006980802792321||0.02006980802792321
遊☆戯☆王5D's||2291||2291||29||29||0.012658227848101266||0.012658227848101266
BUMP OF CHICKEN||2291||2291||60||60||0.026189436927106065||0.026189436927106065
平野綾||2290||2290||150||150||0.06550218340611354||0.06550218340611354
AKB48/history20160321||2287||2287||203||203||0.08876257105378224||0.08876257105378224
KAT-TUN||2280||2280||46||46||0.02017543859649123||0.02017543859649123
子安武人||2279||2279||17||17||0.007459412022817025||0.007459412022817025
テニスの王子様||2279||2279||45||45||0.019745502413339184||0.019745502413339184
東北地方太平洋沖地震||2273||2273||63||63||0.027716673999120107||0.027716673999120107
ゲゲゲの鬼太郎 (アニメ)||2269||2269||4||4||0.0017628911414720142||0.0017628911414720142
クイズタイムショック||2262||2262||12||12||0.005305039787798408||0.005305039787798408
織田信長||2260||2260||43||43||0.01902654867256637||0.01902654867256637
ONE PIECE (アニメ)||2254||2254||54||54||0.023957409050576754||0.023957409050576754
慶應義塾大学/history20130405||2252||2252||67||67||0.02975133214920071||0.02975133214920071
マジカル頭脳パワー!!||2249||2249||16||16||0.007114273010226767||0.007114273010226767
機動戦士ガンダム00シリーズの登場兵器||2248||2248||88||88||0.03914590747330961||0.03914590747330961
北海道出身の人物一覧||2243||2243||16||16||0.007133303611234953||0.007133303611234953
植田佳奈||2238||2238||61||61||0.027256478999106343||0.027256478999106343
コロンビア大学||2236||2236||8||8||0.0035778175313059034||0.0035778175313059034
みんなが出るテレビ||2236||2236||5||5||0.0022361359570661895||0.0022361359570661895
東京大学||2235||2235||60||60||0.026845637583892617||0.026845637583892617
ハヤテのごとく!||2228||2228||31||31||0.013913824057450628||0.013913824057450628
遊☆戯☆王デュエルモンスターズGXの登場人物||2221||2221||11||11||0.00495272399819901||0.00495272399819901
草なぎ剛||2217||2217||54||54||0.02435723951285521||0.02435723951285521
ダウンタウンのガキの使いやあらへんで!||2216||2216||18||18||0.008122743682310469||0.008122743682310469
森川智之||2214||2214||18||18||0.008130081300813009||0.008130081300813009
仮面ライダー×仮面ライダー W&ディケイド MOVIE大戦2010||2213||2213||43||43||0.019430637144148215||0.019430637144148215
山下智久||2213||2213||61||61||0.027564392227745142||0.027564392227745142
モヤモヤさまぁ〜ず2||2209||2209||25||25||0.011317338162064282||0.011317338162064282
FNNスーパーニュース||2205||2205||13||13||0.0058956916099773245||0.0058956916099773245
ヤッターマン||2204||2204||10||10||0.004537205081669692||0.004537205081669692
魔法少女まどか☆マギカ||2202||2202||128||128||0.05812897366030881||0.05812897366030881
浜松市||2197||2197||18||18||0.008192990441511151||0.008192990441511151
サザエさんの登場人物||2193||2193||69||69||0.03146374829001368||0.03146374829001368
自由民主党 (日本)||2193||2193||50||50||0.022799817601459188||0.022799817601459188
野村克也||2189||2189||56||56||0.025582457743261764||0.025582457743261764
嵐 (グループ)||2188||2188||59||59||0.02696526508226691||0.02696526508226691
秋田放送||2187||2187||3||3||0.0013717421124828531||0.0013717421124828531
日本一の一覧||2184||2184||23||23||0.010531135531135532||0.010531135531135532
サトシ (アニメポケットモンスター)||2184||2184||25||25||0.011446886446886446||0.011446886446886446
スーパーロボット大戦シリーズ||2183||2183||16||16||0.007329363261566651||0.007329363261566651
小泉純一郎||2183||2183||44||44||0.02015574896930829||0.02015574896930829
Wii/history 20130210||2172||2172||17||17||0.007826887661141806||0.007826887661141806
森一夫||2165||2165||12||12||0.005542725173210162||0.005542725173210162
千葉テレビ放送||2163||2163||6||6||0.0027739251040221915||0.0027739251040221915
やしきたかじん||2162||2162||25||25||0.01156336725254394||0.01156336725254394
Hey! Say! JUMP||2161||2161||73||73||0.03378065710319297||0.03378065710319297
マクロスF||2160||2160||30||30||0.013888888888888888||0.013888888888888888
嫌韓||2156||2156||80||80||0.03710575139146568||0.03710575139146568
サンテレビジョン||2153||2153||7||7||0.003251277287505806||0.003251277287505806
鉄道事故||2152||2152||17||17||0.007899628252788104||0.007899628252788104
ひぐらしのなく頃に||2144||2144||30||30||0.013992537313432836||0.013992537313432836
CLANNAD (ゲーム)||2143||2143||55||55||0.025664955669622024||0.025664955669622024
HUNTER×HUNTER||2140||2140||51||51||0.02383177570093458||0.02383177570093458
徳川家康||2137||2137||67||67||0.0313523631258774||0.0313523631258774
帝京大学||2134||2134||26||26||0.01218369259606373||0.01218369259606373
浪川大輔||2130||2130||26||26||0.012206572769953052||0.012206572769953052
IBC岩手放送||2128||2128||17||17||0.007988721804511278||0.007988721804511278
杉田智和||2121||2121||41||41||0.01933050447901933||0.01933050447901933
史上最強の弟子ケンイチの登場人物||2119||2119||28||28||0.013213780084945729||0.013213780084945729
沢城みゆき||2118||2118||56||56||0.02644003777148253||0.02644003777148253
さよなら絶望先生の登場人物||2118||2118||20||20||0.009442870632672332||0.009442870632672332
釘宮理恵||2118||2118||29||29||0.013692162417374882||0.013692162417374882
前田敦子||2118||2118||237||237||0.11189801699716714||0.11189801699716714
Perfume||2117||2117||75||75||0.03542749173358526||0.03542749173358526
朝ズバッ!||2114||2114||25||25||0.011825922421948912||0.011825922421948912
阪神・淡路大震災||2112||2112||29||29||0.013731060606060606||0.013731060606060606
東海道新幹線||2112||2112||34||34||0.016098484848484848||0.016098484848484848
中日ドラゴンズ||2110||2110||29||29||0.013744075829383886||0.013744075829383886
東急田園都市線||2110||2110||47||47||0.02227488151658768||0.02227488151658768
男性差別||2110||2110||92||92||0.043601895734597156||0.043601895734597156
野球道 (フジテレビ系列)||2109||2109||2||2||9.48316737790422E-4||9.48316737790422E-4
福島第一原子力発電所事故||2109||2109||57||57||0.02702702702702703||0.02702702702702703
オリックス・バファローズ||2106||2106||25||25||0.011870845204178538||0.011870845204178538
20世紀少年||2106||2106||30||30||0.014245014245014245||0.014245014245014245
大阪府出身の人物一覧||2105||2105||3||3||0.0014251781472684087||0.0014251781472684087
ラジかるッ||2105||2105||4||4||0.0019002375296912114||0.0019002375296912114
神谷浩史||2102||2102||17||17||0.008087535680304472||0.008087535680304472
仮面ライダーディケイド||2098||2098||82||82||0.03908484270734033||0.03908484270734033
在日韓国・朝鮮人||2096||2096||159||159||0.07585877862595419||0.07585877862595419
GLAY||2093||2093||41||41||0.019589106545628284||0.019589106545628284
新日本プロレス/history20160321||2089||2089||5||5||0.0023934897079942556||0.0023934897079942556
ダウンタウンのガキの使いやあらへんで!!の企画||2088||2088||10||10||0.004789272030651341||0.004789272030651341
MAJORの登場人物||2087||2087||20||20||0.009583133684714902||0.009583133684714902
グルメチキンレース・ゴチになります!||2081||2081||17||17||0.008169149447381067||0.008169149447381067
戦国BASARA||2080||2080||26||26||0.0125||0.0125
School Days||2077||2077||40||40||0.019258545979778528||0.019258545979778528
FNNスーパータイム||2075||2075||4||4||0.0019277108433734939||0.0019277108433734939
ポケットモンスターSPECIALの登場人物||2074||2074||10||10||0.0048216007714561235||0.0048216007714561235
関口宏の東京フレンドパークII||2072||2072||25||25||0.012065637065637066||0.012065637065637066
諏訪部順一||2069||2069||13||13||0.006283228612856452||0.006283228612856452
小野大輔||2069||2069||16||16||0.007733204446592557||0.007733204446592557
北斗の拳||2067||2067||14||14||0.006773101112723754||0.006773101112723754
とんねるずのみなさんのおかげでした||2067||2067||7||7||0.003386550556361877||0.003386550556361877
サザエさん (テレビアニメ)||2067||2067||44||44||0.021286889211417512||0.021286889211417512
いきものがかり||2061||2061||101||101||0.049005337214944204||0.049005337214944204
日本のラジオパーソナリティ一覧||2057||2057||4||4||0.0019445794846864365||0.0019445794846864365
Mr.Children||2055||2055||52||52||0.025304136253041364||0.025304136253041364
ACジャパン||2054||2054||36||36||0.017526777020447908||0.017526777020447908
FAIRY TAILの登場人物||2054||2054||70||70||0.034079844206426485||0.034079844206426485
日本テレビ制作局制作番組の分野別一覧||2053||2053||4||4||0.001948368241597662||0.001948368241597662
日本語||2052||2052||72||72||0.03508771929824561||0.03508771929824561
山下達郎||2051||2051||19||19||0.009263773768893223||0.009263773768893223
ニッポン放送||2051||2051||5||5||0.0024378352023403218||0.0024378352023403218
はねるのトびら||2051||2051||13||13||0.006338371526084837||0.006338371526084837
広島東洋カープ||2048||2048||48||48||0.0234375||0.0234375
一関学院高等学校||2043||2043||10||10||0.004894762604013705||0.004894762604013705
関ジャニ∞||2042||2042||28||28||0.013712047012732615||0.013712047012732615
林原めぐみ||2041||2041||40||40||0.019598236158745713||0.019598236158745713
戦国BASARAの登場人物||2040||2040||18||18||0.008823529411764706||0.008823529411764706
東京都出身の人物一覧||2038||2038||4||4||0.001962708537782139||0.001962708537782139
宇多田ヒカル||2036||2036||23||23||0.011296660117878193||0.011296660117878193
NTTドコモ||2036||2036||27||27||0.013261296660117878||0.013261296660117878
モンキー・D・ルフィ||2033||2033||124||124||0.06099360550909985||0.06099360550909985
仮面ライダー||2030||2030||34||34||0.016748768472906402||0.016748768472906402
広島テレビ放送||2030||2030||5||5||0.0024630541871921183||0.0024630541871921183
イチロー||2030||2030||95||95||0.046798029556650245||0.046798029556650245
若本規夫||2029||2029||23||23||0.011335633316904879||0.011335633316904879
国鉄113系電車||2024||2024||28||28||0.01383399209486166||0.01383399209486166
アメリカ合衆国||2022||2022||26||26||0.012858555885262116||0.012858555885262116
2012年のテレビ (日本)||2022||2022||11||11||0.005440158259149357||0.005440158259149357
ダウンタウン (お笑いコンビ)||2021||2021||21||21||0.010390895596239486||0.010390895596239486
アップダウンクイズ||2019||2019||8||8||0.00396235760277365||0.00396235760277365
東海テレビ放送||2017||2017||7||7||0.0034705007436787306||0.0034705007436787306
ONE PIECE||2012||2012||256||256||0.1272365805168986||0.1272365805168986
マスコットキャラクター一覧||2003||2003||6||6||0.0029955067398901645||0.0029955067398901645
天元突破グレンラガン||1999||1999||12||12||0.006003001500750375||0.006003001500750375
帰ってきたウルトラマン||1998||1998||33||33||0.016516516516516516||0.016516516516516516
島田紳助||1997||1997||88||88||0.04406609914872309||0.04406609914872309
ウルトラマンティガの登場怪獣||1995||1995||18||18||0.009022556390977444||0.009022556390977444
緑川光||1993||1993||17||17||0.008529854490717512||0.008529854490717512
ビートルズ||1993||1993||30||30||0.015052684395383844||0.015052684395383844
スッキリ (テレビ番組)||1991||1991||21||21||0.01054746358613762||0.01054746358613762
2ちゃんねる||1988||1988||19||19||0.009557344064386318||0.009557344064386318
踊る大捜査線||1987||1987||14||14||0.007045797684952189||0.007045797684952189
ザ・キング・オブ・ファイターズ||1980||1980||4||4||0.00202020202020202||0.00202020202020202
青森テレビ||1977||1977||0||0||0.0||0.0
吉本総合芸能学院||1977||1977||5||5||0.0025290844714213456||0.0025290844714213456
清原和博||1975||1975||26||26||0.013164556962025316||0.013164556962025316
黒子のバスケ||1973||1973||31||31||0.015712113532691332||0.015712113532691332
2ちゃんねるの歴史||1971||1971||21||21||0.0106544901065449||0.0106544901065449
韓国起源説||1971||1971||117||117||0.0593607305936073||0.0593607305936073
HUNTER×HUNTERの登場人物||1970||1970||37||37||0.018781725888324875||0.018781725888324875
戦国無双シリーズ||1970||1970||6||6||0.003045685279187817||0.003045685279187817
東海道本線||1969||1969||29||29||0.014728288471305232||0.014728288471305232
札幌市||1969||1969||80||80||0.04062976130015236||0.04062976130015236
ハヤテのごとく! (アニメ)||1968||1968||42||42||0.021341463414634148||0.021341463414634148
日本の高校野球||1966||1966||50||50||0.0254323499491353||0.0254323499491353
西日本旅客鉄道||1965||1965||33||33||0.016793893129770993||0.016793893129770993
常磐線||1964||1964||27||27||0.01374745417515275||0.01374745417515275
全日本空輸||1963||1963||9||9||0.004584819154355578||0.004584819154355578
ハートキャッチプリキュア!||1962||1962||58||58||0.029561671763506627||0.029561671763506627
武装錬金||1958||1958||5||5||0.002553626149131767||0.002553626149131767
こちら葛飾区亀有公園前派出所の登場人物||1955||1955||39||39||0.019948849104859334||0.019948849104859334
千葉県||1954||1954||29||29||0.014841351074718526||0.014841351074718526
おかあさんといっしょ||1953||1953||30||30||0.015360983102918587||0.015360983102918587
都市伝説||1953||1953||15||15||0.007680491551459293||0.007680491551459293
中川翔子||1952||1952||69||69||0.0353483606557377||0.0353483606557377
ドラえもんの登場人物一覧||1952||1952||36||36||0.018442622950819672||0.018442622950819672
野比のび太||1950||1950||69||69||0.03538461538461538||0.03538461538461538
宮野真守||1950||1950||17||17||0.008717948717948718||0.008717948717948718
JR東日本E231系電車||1948||1948||70||70||0.03593429158110883||0.03593429158110883
新庄剛志||1942||1942||17||17||0.008753861997940269||0.008753861997940269
近畿日本鉄道||1939||1939||18||18||0.009283135636926251||0.009283135636926251
ボボボーボ・ボーボボ||1938||1938||13||13||0.006707946336429308||0.006707946336429308
保志総一朗||1937||1937||15||15||0.007743933918430563||0.007743933918430563
岡田有希子||1937||1937||42||42||0.021683014971605574||0.021683014971605574
上地雄輔||1937||1937||58||58||0.029943211151264842||0.029943211151264842
Saku saku||1933||1933||16||16||0.008277289187790998||0.008277289187790998
橋下徹||1933||1933||54||54||0.02793585100879462||0.02793585100879462
神戸市||1932||1932||23||23||0.011904761904761904||0.011904761904761904
中村悠一||1932||1932||33||33||0.017080745341614908||0.017080745341614908
ウエンツ瑛士||1930||1930||10||10||0.0051813471502590676||0.0051813471502590676
PlayStation Portable||1930||1930||27||27||0.013989637305699482||0.013989637305699482
リンカーン (テレビ番組)||1929||1929||10||10||0.005184033177812338||0.005184033177812338
松田聖子||1928||1928||42||42||0.021784232365145227||0.021784232365145227
クイズマジックアカデミー||1926||1926||11||11||0.005711318795430945||0.005711318795430945
アンパンマン||1926||1926||25||25||0.012980269989615784||0.012980269989615784
テイルズ オブ ヴェスペリア||1925||1925||56||56||0.02909090909090909||0.02909090909090909
中村俊輔||1916||1916||106||106||0.055323590814196244||0.055323590814196244
爆笑オンエアバトル||1914||1914||11||11||0.005747126436781609||0.005747126436781609
学園アリス||1913||1913||6||6||0.0031364349189754314||0.0031364349189754314
渋谷駅||1911||1911||17||17||0.008895866038723181||0.008895866038723181
特命戦隊ゴーバスターズ||1910||1910||48||48||0.025130890052356022||0.025130890052356022
魔法戦隊マジレンジャー||1909||1909||13||13||0.006809848088004191||0.006809848088004191
くりぃむしちゅーのオールナイトニッポン||1909||1909||13||13||0.006809848088004191||0.006809848088004191
大塚明夫||1908||1908||11||11||0.005765199161425576||0.005765199161425576
アドルフ・ヒトラー||1904||1904||28||28||0.014705882352941176||0.014705882352941176
福山雅治||1902||1902||26||26||0.013669821240799159||0.013669821240799159
おたく||1901||1901||68||68||0.03577064702788006||0.03577064702788006
SKET DANCE||1899||1899||49||49||0.025803054239073198||0.025803054239073198
マリオ (ゲームキャラクター)||1898||1898||30||30||0.015806111696522657||0.015806111696522657
あぶない刑事||1897||1897||4||4||0.0021085925144965737||0.0021085925144965737
ポケットモンスター||1897||1897||38||38||0.020031628887717447||0.020031628887717447
スーパー戦隊シリーズ登場敵対勢力一覧||1894||1894||74||74||0.03907074973600845||0.03907074973600845
日本||1891||1891||266||266||0.1406663141195135||0.1406663141195135
SKE48||1889||1889||83||83||0.04393859184753838||0.04393859184753838
テレビ朝日||1885||1885||11||11||0.005835543766578249||0.005835543766578249
テレビ北海道||1883||1883||12||12||0.006372809346787042||0.006372809346787042
横浜駅||1882||1882||23||23||0.012221041445270989||0.012221041445270989
岸尾だいすけ||1882||1882||8||8||0.004250797024442083||0.004250797024442083
八王子市||1881||1881||12||12||0.006379585326953748||0.006379585326953748
ウルトラマンティガ||1880||1880||19||19||0.010106382978723405||0.010106382978723405
創価学会||1879||1879||176||176||0.09366684406599254||0.09366684406599254
日本プロ野球||1878||1878||33||33||0.01757188498402556||0.01757188498402556
東京箱根間往復大学駅伝競走||1877||1877||9||9||0.004794885455514118||0.004794885455514118
F-15 (戦闘機)||1877||1877||25||25||0.013319126265316995||0.013319126265316995
ロンドンハーツ||1875||1875||20||20||0.010666666666666666||0.010666666666666666
アイシールド21の登場人物||1875||1875||10||10||0.005333333333333333||0.005333333333333333
本田技研工業||1872||1872||18||18||0.009615384615384616||0.009615384615384616
関智一||1870||1870||23||23||0.01229946524064171||0.01229946524064171
ICOCA||1868||1868||32||32||0.017130620985010708||0.017130620985010708
東京メトロポリタンテレビジョン||1866||1866||11||11||0.005894962486602358||0.005894962486602358
MOTHER3||1864||1864||6||6||0.003218884120171674||0.003218884120171674
ディズニー・ヴィランズ||1861||1861||27||27||0.014508328855454057||0.014508328855454057
魔法先生ネギま!の登場人物||1861||1861||23||23||0.012358946802794197||0.012358946802794197
ZIP!/history20181110||1861||1861||34||34||0.018269747447608814||0.018269747447608814
タモリ倶楽部||1860||1860||5||5||0.002688172043010753||0.002688172043010753
AAA (音楽グループ)||1859||1859||24||24||0.012910166756320602||0.012910166756320602
アニメシャワー||1859||1859||3||3||0.0016137708445400753||0.0016137708445400753
中居正広||1857||1857||44||44||0.023694130317716746||0.023694130317716746
アニメ作品一覧||1855||1855||1||1||5.390835579514825E-4||5.390835579514825E-4
ドラゴンクエストV 天空の花嫁||1852||1852||18||18||0.009719222462203024||0.009719222462203024
一橋大学の人物一覧||1852||1852||10||10||0.005399568034557235||0.005399568034557235
スーパーJチャンネル||1851||1851||13||13||0.007023230686115613||0.007023230686115613
ディープインパクト (競走馬)||1848||1848||26||26||0.01406926406926407||0.01406926406926407
るろうに剣心 -明治剣客浪漫譚-の登場人物一覧||1848||1848||31||31||0.016774891774891776||0.016774891774891776
日本大学||1848||1848||32||32||0.017316017316017316||0.017316017316017316
松本潤||1845||1845||53||53||0.02872628726287263||0.02872628726287263
飛田展男||1845||1845||23||23||0.012466124661246613||0.012466124661246613
東急東横線||1844||1844||53||53||0.028741865509761388||0.028741865509761388
風林火山 (NHK大河ドラマ)||1840||1840||29||29||0.01576086956521739||0.01576086956521739
関西テレビ放送||1838||1838||37||37||0.02013057671381937||0.02013057671381937
死刑存廃問題||1837||1837||30||30||0.01633097441480675||0.01633097441480675
山寺宏一||1837||1837||18||18||0.00979858464888405||0.00979858464888405
太陽にほえろ!||1836||1836||5||5||0.0027233115468409588||0.0027233115468409588
ゲゲゲの鬼太郎の登場キャラクター/history20190113||1836||1836||8||8||0.004357298474945534||0.004357298474945534
東京スカイツリー||1834||1834||79||79||0.0430752453653217||0.0430752453653217
名古屋テレビ放送||1833||1833||3||3||0.0016366612111292963||0.0016366612111292963
絶対可憐チルドレン||1830||1830||21||21||0.011475409836065573||0.011475409836065573
バカとテストと召喚獣||1829||1829||23||23||0.012575177692728267||0.012575177692728267
手塚治虫||1826||1826||21||21||0.011500547645125958||0.011500547645125958
中央線快速||1824||1824||36||36||0.019736842105263157||0.019736842105263157
ポケットモンスターSPECIAL||1817||1817||27||27||0.014859658778205834||0.014859658778205834
長澤まさみ||1813||1813||62||62||0.03419746276889134||0.03419746276889134
東京都立日比谷高等学校||1811||1811||19||19||0.010491441192711209||0.010491441192711209
茨城県||1810||1810||40||40||0.022099447513812154||0.022099447513812154
名古屋鉄道||1808||1808||17||17||0.009402654867256638||0.009402654867256638
賭博黙示録カイジ||1807||1807||14||14||0.00774764803541782||0.00774764803541782
テレビ東京番組一覧||1805||1805||1||1||5.54016620498615E-4||5.54016620498615E-4
池袋駅||1804||1804||19||19||0.010532150776053215||0.010532150776053215
小池徹平||1801||1801||12||12||0.006662965019433648||0.006662965019433648
ゲームセンターCXの放送内容||1800||1800||11||11||0.006111111111111111||0.006111111111111111
ちい散歩||1798||1798||33||33||0.01835372636262514||0.01835372636262514
戊辰戦争||1795||1795||37||37||0.020612813370473538||0.020612813370473538
FOMA||1792||1792||1||1||5.580357142857143E-4||5.580357142857143E-4
星野仙一||1792||1792||33||33||0.018415178571428572||0.018415178571428572
暴れん坊将軍||1791||1791||8||8||0.00446677833612507||0.00446677833612507
仮面ライダークウガ||1790||1790||29||29||0.016201117318435754||0.016201117318435754
鳥人戦隊ジェットマン||1790||1790||16||16||0.008938547486033519||0.008938547486033519
静岡放送||1790||1790||11||11||0.006145251396648044||0.006145251396648044
おはスタ||1790||1790||20||20||0.0111731843575419||0.0111731843575419
モンスターハンター||1790||1790||43||43||0.024022346368715083||0.024022346368715083
実況パワフルプロ野球||1789||1789||13||13||0.0072666294019005035||0.0072666294019005035
初音ミク||1789||1789||92||92||0.05142537730575741||0.05142537730575741
L'Arc〜en〜Ciel||1786||1786||19||19||0.010638297872340425||0.010638297872340425
徳光和夫||1785||1785||19||19||0.010644257703081233||0.010644257703081233
スイートプリキュア♪||1785||1785||84||84||0.047058823529411764||0.047058823529411764
2012年の日本競馬||1785||1785||2||2||0.0011204481792717086||0.0011204481792717086
シャーリー・テンプル||1783||1783||0||0||0.0||0.0
昭和天皇||1782||1782||15||15||0.008417508417508417||0.008417508417508417
ラジオ・チャリティー・ミュージックソン||1782||1782||17||17||0.009539842873176206||0.009539842873176206
朝鮮民主主義人民共和国||1781||1781||89||89||0.04997192588433464||0.04997192588433464
龍馬伝||1781||1781||73||73||0.04098820887142055||0.04098820887142055
仮面ライダーSPIRITS||1779||1779||7||7||0.0039347948285553686||0.0039347948285553686
東條英機||1777||1777||44||44||0.024760832864378166||0.024760832864378166
バクマン。||1776||1776||47||47||0.026463963963963964||0.026463963963963964
ひだまりスケッチ||1775||1775||26||26||0.014647887323943662||0.014647887323943662
鳩山由紀夫||1775||1775||116||116||0.06535211267605634||0.06535211267605634
伊集院光||1774||1774||6||6||0.0033821871476888386||0.0033821871476888386
置鮎龍太郎||1772||1772||16||16||0.009029345372460496||0.009029345372460496
日立 世界・ふしぎ発見!||1770||1770||18||18||0.010169491525423728||0.010169491525423728
テイルズ オブ シンフォニア||1769||1769||7||7||0.00395703787450537||0.00395703787450537
MAJOR||1768||1768||18||18||0.010180995475113122||0.010180995475113122
2ちゃんねらー||1767||1767||33||33||0.01867572156196944||0.01867572156196944
JR西日本223系電車||1767||1767||41||41||0.02320316921335597||0.02320316921335597
中国放送||1766||1766||2||2||0.0011325028312570782||0.0011325028312570782
ローソン||1765||1765||10||10||0.0056657223796034||0.0056657223796034
安倍晋三||1765||1765||41||41||0.02322946175637394||0.02322946175637394
ネコ||1765||1765||76||76||0.04305949008498584||0.04305949008498584
訃報 2009年||1765||1765||8||8||0.004532577903682719||0.004532577903682719
福井放送||1764||1764||3||3||0.0017006802721088435||0.0017006802721088435
深夜アニメ||1763||1763||9||9||0.005104934770277935||0.005104934770277935
頭文字D||1760||1760||13||13||0.007386363636363636||0.007386363636363636
BB戦士三国伝||1760||1760||25||25||0.014204545454545454||0.014204545454545454
アダルトゲーム一覧||1759||1759||5||5||0.0028425241614553724||0.0028425241614553724
機動戦士ガンダムSEEDの登場人物||1758||1758||14||14||0.007963594994311717||0.007963594994311717
テレビ愛知||1756||1756||10||10||0.0056947608200455585||0.0056947608200455585
井上喜久子||1754||1754||20||20||0.011402508551881414||0.011402508551881414
鋼の錬金術師||1753||1753||51||51||0.029092983456930975||0.029092983456930975
ASIAN KUNG-FU GENERATION||1752||1752||9||9||0.005136986301369863||0.005136986301369863
サザンオールスターズ||1751||1751||20||20||0.011422044545973729||0.011422044545973729
日本大学の人物一覧||1751||1751||6||6||0.0034266133637921186||0.0034266133637921186
仮面ライダー龍騎||1749||1749||18||18||0.010291595197255575||0.010291595197255575
大泉洋||1749||1749||21||21||0.012006861063464836||0.012006861063464836
自殺||1747||1747||34||34||0.019461934745277618||0.019461934745277618
るろうに剣心 -明治剣客浪漫譚-||1746||1746||15||15||0.00859106529209622||0.00859106529209622
News zero||1745||1745||35||35||0.02005730659025788||0.02005730659025788
ふたりはプリキュア||1745||1745||38||38||0.02177650429799427||0.02177650429799427
SMAP×SMAP||1744||1744||12||12||0.006880733944954129||0.006880733944954129
新世紀エヴァンゲリオンの登場人物||1744||1744||14||14||0.008027522935779817||0.008027522935779817
福岡市||1744||1744||22||22||0.01261467889908257||0.01261467889908257
札幌テレビ放送||1742||1742||6||6||0.003444316877152698||0.003444316877152698
クレヨンしんちゃん (アニメ)||1741||1741||30||30||0.01723147616312464||0.01723147616312464
地上デジタルテレビ放送||1740||1740||15||15||0.008620689655172414||0.008620689655172414
龍が如くシリーズの登場人物||1740||1740||21||21||0.01206896551724138||0.01206896551724138
ウルトラセブン||1738||1738||35||35||0.020138089758342925||0.020138089758342925
京阪本線||1737||1737||15||15||0.008635578583765112||0.008635578583765112
北日本放送||1737||1737||10||10||0.0057570523891767415||0.0057570523891767415
ORANGE RANGE||1737||1737||52||52||0.029936672423719057||0.029936672423719057
パナソニック||1737||1737||21||21||0.012089810017271158||0.012089810017271158
きらりん☆レボリューション||1734||1734||17||17||0.00980392156862745||0.00980392156862745
テイルズ オブ シリーズ||1733||1733||32||32||0.018465089440276975||0.018465089440276975
連続テレビ小説||1729||1729||52||52||0.03007518796992481||0.03007518796992481
東京国際空港||1729||1729||31||31||0.017929438982070563||0.017929438982070563
夜のヒットスタジオ||1723||1723||2||2||0.0011607661056297156||0.0011607661056297156
岐阜放送||1722||1722||6||6||0.003484320557491289||0.003484320557491289
京阪電気鉄道||1720||1720||20||20||0.011627906976744186||0.011627906976744186
ザ・ベストテン||1717||1717||6||6||0.0034944670937682005||0.0034944670937682005
大塚愛||1717||1717||57||57||0.033197437390797904||0.033197437390797904
笑点Jr.||1717||1717||9||9||0.0052417006406523005||0.0052417006406523005
仮面ライダーアギト||1711||1711||22||22||0.012857977790765635||0.012857977790765635
小室哲哉||1711||1711||14||14||0.008182349503214495||0.008182349503214495
瀬戸内海放送||1710||1710||5||5||0.0029239766081871343||0.0029239766081871343
テイルズ オブ シリーズの術技形態||1710||1710||2||2||0.0011695906432748538||0.0011695906432748538
讀賣テレビ放送||1707||1707||14||14||0.008201523140011716||0.008201523140011716
クイズ$ミリオネア||1706||1706||9||9||0.005275498241500586||0.005275498241500586
東方Projectの登場人物||1706||1706||70||70||0.041031652989449004||0.041031652989449004
中田英寿||1705||1705||31||31||0.01818181818181818||0.01818181818181818
国鉄201系電車||1704||1704||60||60||0.035211267605633804||0.035211267605633804
日本の城一覧||1703||1703||5||5||0.002935995302407516||0.002935995302407516
トヨタ・カローラ||1702||1702||18||18||0.010575793184488837||0.010575793184488837
ゆず (音楽グループ)||1701||1701||14||14||0.00823045267489712||0.00823045267489712
杉原千畝||1700||1700||5||5||0.0029411764705882353||0.0029411764705882353
東北新幹線||1700||1700||30||30||0.01764705882352941||0.01764705882352941
ニコニコ動画||1699||1699||35||35||0.020600353148911125||0.020600353148911125
日本の女優一覧||1698||1698||7||7||0.004122497055359246||0.004122497055359246
オレたちひょうきん族||1698||1698||20||20||0.011778563015312132||0.011778563015312132
魔人探偵脳噛ネウロの登場人物||1698||1698||6||6||0.0035335689045936395||0.0035335689045936395
ONE PIECEの用語一覧||1698||1698||149||149||0.08775029446407538||0.08775029446407538
ウルトラマンタロウ||1695||1695||20||20||0.011799410029498525||0.011799410029498525
ムヒョとロージーの魔法律相談事務所||1691||1691||6||6||0.0035481963335304554||0.0035481963335304554
スーパー戦隊Vシネマ||1690||1690||14||14||0.008284023668639054||0.008284023668639054
兵庫県出身の人物一覧||1690||1690||7||7||0.004142011834319527||0.004142011834319527
Fate/stay night||1690||1690||25||25||0.014792899408284023||0.014792899408284023
熊本市||1689||1689||31||31||0.018354055654233273||0.018354055654233273
テレビ大阪||1685||1685||9||9||0.005341246290801187||0.005341246290801187
盛岡市||1685||1685||6||6||0.0035608308605341245||0.0035608308605341245
JR東日本209系電車||1680||1680||112||112||0.06666666666666667||0.06666666666666667
コンビニATM||1679||1679||5||5||0.0029779630732578916||0.0029779630732578916
ラグナロクオンライン||1679||1679||9||9||0.005360333531864205||0.005360333531864205
ソウルイーター||1678||1678||15||15||0.008939213349225268||0.008939213349225268
AKBINGO!||1676||1676||90||90||0.05369928400954654||0.05369928400954654
豊臣秀吉||1676||1676||63||63||0.03758949880668258||0.03758949880668258
国鉄115系電車||1675||1675||28||28||0.01671641791044776||0.01671641791044776
仮面ライダー剣||1673||1673||24||24||0.01434548714883443||0.01434548714883443
横浜市||1673||1673||26||26||0.015540944411237299||0.015540944411237299
中京テレビ放送||1672||1672||6||6||0.0035885167464114833||0.0035885167464114833
おおきく振りかぶって||1671||1671||12||12||0.00718132854578097||0.00718132854578097
うたばん||1670||1670||21||21||0.012574850299401197||0.012574850299401197
東武伊勢崎線||1669||1669||23||23||0.01378070701018574||0.01378070701018574
松浦亜弥||1669||1669||26||26||0.015578190533253445||0.015578190533253445
天皇||1669||1669||71||71||0.04254044337926902||0.04254044337926902
花ざかりの君たちへ||1668||1668||15||15||0.008992805755395683||0.008992805755395683
鋼の錬金術師の主要な登場人物||1668||1668||53||53||0.03177458033573141||0.03177458033573141
ウルトラマンメビウスの登場怪獣||1667||1667||7||7||0.004199160167966407||0.004199160167966407
テレビ埼玉||1667||1667||7||7||0.004199160167966407||0.004199160167966407
三木眞一郎||1664||1664||7||7||0.004206730769230769||0.004206730769230769
小笠原道大||1664||1664||48||48||0.028846153846153848||0.028846153846153848
KARA||1663||1663||31||31||0.018641010222489478||0.018641010222489478
脳内エステ IQサプリ||1662||1662||16||16||0.009626955475330927||0.009626955475330927
金妍兒||1662||1662||159||159||0.09566787003610108||0.09566787003610108
リンカーンの企画・コーナー||1661||1661||5||5||0.0030102347983142685||0.0030102347983142685
金沢市||1659||1659||8||8||0.004822182037371911||0.004822182037371911
FAIRY TAIL||1659||1659||44||44||0.02652200120554551||0.02652200120554551
笑っていいとも!レギュラー出演者一覧||1657||1657||13||13||0.007845503922751962||0.007845503922751962
北九州市||1657||1657||30||30||0.018105009052504527||0.018105009052504527
玄田哲章||1656||1656||18||18||0.010869565217391304||0.010869565217391304
Oha!4 NEWS LIVE||1655||1655||13||13||0.00785498489425982||0.00785498489425982
天地人 (NHK大河ドラマ)||1655||1655||58||58||0.035045317220543805||0.035045317220543805
To LOVEる -とらぶる-||1654||1654||33||33||0.01995163240628779||0.01995163240628779
埼玉西武ライオンズ||1653||1653||24||24||0.014519056261343012||0.014519056261343012
ラーメン||1653||1653||43||43||0.02601330913490623||0.02601330913490623
川澄綾子||1651||1651||15||15||0.009085402786190187||0.009085402786190187
秘密のケンミンSHOW||1650||1650||63||63||0.038181818181818185||0.038181818181818185
2010年のテレビ (日本)||1650||1650||7||7||0.004242424242424243||0.004242424242424243
Suica||1649||1649||47||47||0.02850212249848393||0.02850212249848393
江頭2:50||1647||1647||36||36||0.02185792349726776||0.02185792349726776
ニート||1647||1647||20||20||0.012143290831815421||0.012143290831815421
読売ジャイアンツの選手一覧||1646||1646||41||41||0.02490886998784933||0.02490886998784933
GANTZ||1645||1645||25||25||0.015197568389057751||0.015197568389057751
2009年新型インフルエンザの世界的流行||1642||1642||35||35||0.021315468940316686||0.021315468940316686
東京ドーム||1641||1641||22||22||0.01340645947592931||0.01340645947592931
エホバの証人||1640||1640||53||53||0.03231707317073171||0.03231707317073171
安田章大||1638||1638||3||3||0.0018315018315018315||0.0018315018315018315
小林ゆう||1638||1638||44||44||0.026862026862026864||0.026862026862026864
くりぃむナントカ||1637||1637||8||8||0.004886988393402566||0.004886988393402566
ザ・キング・オブ・ファイターズの登場人物||1637||1637||7||7||0.004276114844227245||0.004276114844227245
アメリカ同時多発テロ事件||1636||1636||21||21||0.012836185819070905||0.012836185819070905
大阪府||1636||1636||36||36||0.022004889975550123||0.022004889975550123
日本の男優一覧||1635||1635||9||9||0.005504587155963303||0.005504587155963303
エア・ギア||1634||1634||3||3||0.0018359853121175031||0.0018359853121175031
堂本光一||1632||1632||8||8||0.004901960784313725||0.004901960784313725
松本市||1632||1632||15||15||0.009191176470588236||0.009191176470588236
護廷十三隊||1631||1631||17||17||0.010423053341508276||0.010423053341508276
ローゼンメイデンの登場人物一覧||1630||1630||26||26||0.015950920245398775||0.015950920245398775
テレビせとうち||1628||1628||47||47||0.02886977886977887||0.02886977886977887
プロレスリング・ノア||1627||1627||21||21||0.01290719114935464||0.01290719114935464
メインページ||1627||1627||5||5||0.003073140749846343||0.003073140749846343
ニンテンドーDSのゲームタイトル一覧||1627||1627||9||9||0.005531653349723417||0.005531653349723417
釧路市||1627||1627||13||13||0.007990165949600492||0.007990165949600492
ベトナム戦争||1625||1625||15||15||0.009230769230769232||0.009230769230769232
レミオロメン||1625||1625||21||21||0.012923076923076923||0.012923076923076923
山陽新幹線||1624||1624||24||24||0.014778325123152709||0.014778325123152709
1982年||1620||1620||7||7||0.004320987654320987||0.004320987654320987
チュートリアル (お笑いコンビ)||1620||1620||8||8||0.0049382716049382715||0.0049382716049382715
小西克幸||1619||1619||15||15||0.00926497838171711||0.00926497838171711
北斗の拳の登場人物一覧||1619||1619||6||6||0.0037059913526868438||0.0037059913526868438
デビルメイクライシリーズ||1618||1618||16||16||0.009888751545117428||0.009888751545117428
FNSの日||1618||1618||36||36||0.022249690976514216||0.022249690976514216
萌え||1618||1618||29||29||0.01792336217552534||0.01792336217552534
豊橋市||1617||1617||20||20||0.012368583797155226||0.012368583797155226
イナズマイレブンGO||1617||1617||31||31||0.0191713048855906||0.0191713048855906
山口勝平||1616||1616||21||21||0.012995049504950494||0.012995049504950494
青森県出身の人物一覧||1615||1615||5||5||0.0030959752321981426||0.0030959752321981426
サンフレッチェ広島F.C||1614||1614||18||18||0.011152416356877323||0.011152416356877323
立命館大学||1614||1614||35||35||0.02168525402726146||0.02168525402726146
トランスフォーマー/リベンジ||1614||1614||14||14||0.008674101610904586||0.008674101610904586
相模原市||1613||1613||15||15||0.009299442033477991||0.009299442033477991
コードギアスシリーズの登場人物||1612||1612||8||8||0.004962779156327543||0.004962779156327543
広島ホームテレビ||1611||1611||1||1||6.207324643078833E-4||6.207324643078833E-4
PASMO||1609||1609||35||35||0.02175264139216905||0.02175264139216905
とんねるず||1608||1608||12||12||0.007462686567164179||0.007462686567164179
ウルトラマンダイナの登場怪獣||1608||1608||9||9||0.005597014925373134||0.005597014925373134
JR東日本E233系電車||1607||1607||110||110||0.06845052893590542||0.06845052893590542
電車でGO!||1603||1603||29||29||0.018091079226450407||0.018091079226450407
北海道コンサドーレ札幌||1602||1602||24||24||0.0149812734082397||0.0149812734082397
クロノス (テレビ番組)||1601||1601||11||11||0.006870705808869456||0.006870705808869456
ポーランド||1600||1600||7||7||0.004375||0.004375
ビートたけし||1598||1598||41||41||0.025657071339173967||0.025657071339173967
朴ロ美||1598||1598||25||25||0.015644555694618274||0.015644555694618274
真選組||1598||1598||4||4||0.0025031289111389237||0.0025031289111389237
井上麻里奈||1598||1598||38||38||0.023779724655819776||0.023779724655819776
小清水亜美||1598||1598||43||43||0.02690863579474343||0.02690863579474343
ちびまる子ちゃん||1594||1594||25||25||0.015683814303638646||0.015683814303638646
中井正広のブラックバラエティ||1594||1594||3||3||0.0018820577164366374||0.0018820577164366374
ルパン三世||1593||1593||16||16||0.010043942247332079||0.010043942247332079
ドイツ||1593||1593||33||33||0.02071563088512241||0.02071563088512241
阪和線||1592||1592||27||27||0.016959798994974875||0.016959798994974875
カードキャプターさくら||1592||1592||26||26||0.016331658291457288||0.016331658291457288
エフエム東京||1592||1592||0||0||0.0||0.0
ARIA (漫画)||1590||1590||21||21||0.013207547169811321||0.013207547169811321
国鉄205系電車||1588||1588||68||68||0.042821158690176324||0.042821158690176324
ロケみつ||1585||1585||13||13||0.008201892744479496||0.008201892744479496
井上聡||1583||1583||15||15||0.009475679090334808||0.009475679090334808
NARUTO -ナルト-の術||1582||1582||19||19||0.012010113780025285||0.012010113780025285
伊藤静||1581||1581||21||21||0.013282732447817837||0.013282732447817837
太平洋戦争||1580||1580||37||37||0.02341772151898734||0.02341772151898734
福島テレビ||1579||1579||4||4||0.00253324889170361||0.00253324889170361
上杉謙信||1578||1578||60||60||0.03802281368821293||0.03802281368821293
逸見政孝||1576||1576||6||6||0.0038071065989847717||0.0038071065989847717
ニンテンドーDS||1576||1576||21||21||0.0133248730964467||0.0133248730964467
みつどもえ||1576||1576||19||19||0.012055837563451776||0.012055837563451776
宮崎駿||1575||1575||31||31||0.019682539682539683||0.019682539682539683
UVERworld||1575||1575||26||26||0.01650793650793651||0.01650793650793651
日本のアナウンサー一覧||1575||1575||6||6||0.0038095238095238095||0.0038095238095238095
ゲイ用語||1573||1573||7||7||0.004450095359186269||0.004450095359186269
美少女戦士セーラームーンの登場人物||1571||1571||13||13||0.008274984086569064||0.008274984086569064
埼玉県出身の人物一覧||1569||1569||10||10||0.006373486297004461||0.006373486297004461
高崎市||1561||1561||7||7||0.004484304932735426||0.004484304932735426
名探偵コナン||1561||1561||17||17||0.010890454836643177||0.010890454836643177
イギリス||1561||1561||56||56||0.03587443946188341||0.03587443946188341
必殺シリーズ||1559||1559||16||16||0.010262989095574085||0.010262989095574085
ウルトラマンレオ||1559||1559||37||37||0.023733162283515075||0.023733162283515075
小田急小田原線||1558||1558||24||24||0.01540436456996149||0.01540436456996149
西武鉄道||1557||1557||20||20||0.012845215157353885||0.012845215157353885
山口放送||1557||1557||3||3||0.0019267822736030828||0.0019267822736030828
RSK山陽放送||1556||1556||2||2||0.0012853470437017994||0.0012853470437017994
堂本剛||1555||1555||6||6||0.0038585209003215433||0.0038585209003215433
電脳コイル||1551||1551||10||10||0.006447453255963894||0.006447453255963894
ジャッキー・チェン||1550||1550||19||19||0.012258064516129033||0.012258064516129033
幽☆遊☆白書の登場人物一覧||1548||1548||5||5||0.003229974160206718||0.003229974160206718
水戸黄門 (第31-38部)||1547||1547||22||22||0.014221073044602456||0.014221073044602456
日産・スカイライン||1544||1544||16||16||0.010362694300518135||0.010362694300518135
魔法少女リリカルなのはシリーズの登場人物||1544||1544||19||19||0.012305699481865285||0.012305699481865285
To LOVEる -とらぶる-の登場人物||1543||1543||26||26||0.016850291639662993||0.016850291639662993
24 -TWENTY FOUR-||1541||1541||10||10||0.006489292667099286||0.006489292667099286
神のみぞ知るセカイ||1541||1541||33||33||0.021414665801427646||0.021414665801427646
武豊||1540||1540||46||46||0.02987012987012987||0.02987012987012987
吉本興業||1540||1540||22||22||0.014285714285714285||0.014285714285714285
三島由紀夫||1539||1539||20||20||0.01299545159194282||0.01299545159194282
新垣結衣||1538||1538||66||66||0.04291287386215865||0.04291287386215865
蒼天航路||1537||1537||70||70||0.04554326610279766||0.04554326610279766
日本の女性専用車両||1537||1537||49||49||0.03188028627195836||0.03188028627195836
全日本プロレス||1536||1536||3||3||0.001953125||0.001953125
下野紘||1534||1534||18||18||0.011734028683181226||0.011734028683181226
遊☆戯☆王デュエルモンスターズGX||1534||1534||13||13||0.00847457627118644||0.00847457627118644
仮面ライダー響鬼||1532||1532||10||10||0.006527415143603133||0.006527415143603133
香港||1532||1532||19||19||0.012402088772845953||0.012402088772845953
藤原啓治||1531||1531||13||13||0.008491182233834096||0.008491182233834096
埼玉県||1531||1531||23||23||0.015022860875244938||0.015022860875244938
デジモンクロスウォーズ||1531||1531||15||15||0.009797517962116264||0.009797517962116264
同性愛||1530||1530||63||63||0.041176470588235294||0.041176470588235294
ハンセン病||1529||1529||6||6||0.003924133420536298||0.003924133420536298
フジテレビ番組一覧||1529||1529||3||3||0.001962066710268149||0.001962066710268149
メイプルストーリー||1529||1529||36||36||0.02354480052321779||0.02354480052321779
松任谷由実||1528||1528||11||11||0.007198952879581152||0.007198952879581152
吉田拓郎||1527||1527||9||9||0.005893909626719057||0.005893909626719057
群馬県||1527||1527||9||9||0.005893909626719057||0.005893909626719057
大倉忠義||1526||1526||10||10||0.00655307994757536||0.00655307994757536
NON STYLE||1526||1526||39||39||0.025557011795543906||0.025557011795543906
コサキンDEワァオ!||1525||1525||5||5||0.003278688524590164||0.003278688524590164
涼宮ハルヒシリーズの登場人物||1525||1525||82||82||0.05377049180327869||0.05377049180327869
桑島法子||1523||1523||16||16||0.010505581089954037||0.010505581089954037
ミュージックステーションスーパーライブ||1523||1523||10||10||0.006565988181221274||0.006565988181221274
NEWS23||1522||1522||30||30||0.01971090670170828||0.01971090670170828
笑福亭鶴瓶||1522||1522||16||16||0.010512483574244415||0.010512483574244415
FCバルセロナ||1521||1521||5||5||0.003287310979618672||0.003287310979618672
テレフォンショッキング||1520||1520||6||6||0.003947368421052632||0.003947368421052632
ヨシフ・スターリン||1520||1520||12||12||0.007894736842105263||0.007894736842105263
キリスト教||1519||1519||42||42||0.027649769585253458||0.027649769585253458
花澤香菜||1519||1519||111||111||0.07307439104674128||0.07307439104674128
京成電鉄||1519||1519||18||18||0.01184990125082291||0.01184990125082291
坂本真綾||1519||1519||31||31||0.02040816326530612||0.02040816326530612
宝塚歌劇団||1518||1518||10||10||0.006587615283267457||0.006587615283267457
福岡県||1516||1516||16||16||0.010554089709762533||0.010554089709762533
喜多村英梨||1515||1515||44||44||0.029042904290429043||0.029042904290429043
ビーイング||1514||1514||11||11||0.00726552179656539||0.00726552179656539
MAR (漫画)||1514||1514||7||7||0.004623513870541612||0.004623513870541612
日本レコード大賞||1513||1513||33||33||0.021810971579643092||0.021810971579643092
井上真央||1513||1513||46||46||0.03040317250495704||0.03040317250495704
NHKニュースおはよう日本||1512||1512||12||12||0.007936507936507936||0.007936507936507936
茅原実里||1512||1512||23||23||0.01521164021164021||0.01521164021164021
ロザリオとバンパイア||1512||1512||43||43||0.028439153439153438||0.028439153439153438
ナインティナイン||1512||1512||19||19||0.012566137566137565||0.012566137566137565
ヴィジュアル系||1511||1511||18||18||0.011912640635340834||0.011912640635340834
レアル・マドリード||1511||1511||16||16||0.010589013898080741||0.010589013898080741
爆竜戦隊アバレンジャー||1511||1511||10||10||0.0066181336863004635||0.0066181336863004635
岩手県出身の人物一覧||1511||1511||0||0||0.0||0.0
長寿番組の一覧||1511||1511||8||8||0.005294506949040371||0.005294506949040371
法政大学||1511||1511||27||27||0.01786896095301125||0.01786896095301125
全国高校野球選手権大会中継||1509||1509||2||2||0.0013253810470510272||0.0013253810470510272
小田急電鉄||1508||1508||22||22||0.014588859416445624||0.014588859416445624
機動戦士ガンダムSEED||1507||1507||26||26||0.017252820172528202||0.017252820172528202
CLAYMORE||1506||1506||2||2||0.0013280212483399733||0.0013280212483399733
ウルトラマンA||1505||1505||35||35||0.023255813953488372||0.023255813953488372
東海旅客鉄道||1505||1505||29||29||0.019269102990033222||0.019269102990033222
NARUTO -ナルト- 疾風伝||1504||1504||15||15||0.00997340425531915||0.00997340425531915
忍たま乱太郎||1503||1503||20||20||0.01330671989354624||0.01330671989354624
A&G 超RADIO SHOW〜アニスパ!〜||1501||1501||12||12||0.007994670219853431||0.007994670219853431
岡村隆史||1501||1501||14||14||0.009327115256495669||0.009327115256495669
大原大次郎||1499||1499||17||17||0.01134089392928619||0.01134089392928619
悪魔の実||1499||1499||182||182||0.12141427618412275||0.12141427618412275
訃報 2012年||1497||1497||3||3||0.002004008016032064||0.002004008016032064
近畿方言||1496||1496||42||42||0.02807486631016043||0.02807486631016043
キャプテン翼の登場人物||1496||1496||23||23||0.01537433155080214||0.01537433155080214
西城秀樹||1496||1496||28||28||0.01871657754010695||0.01871657754010695
三浦知良||1495||1495||16||16||0.010702341137123745||0.010702341137123745
筋肉番付シリーズ||1495||1495||2||2||0.0013377926421404682||0.0013377926421404682
ベガルタ仙台||1494||1494||7||7||0.004685408299866131||0.004685408299866131
〈物語〉シリーズ||1494||1494||52||52||0.03480589022757698||0.03480589022757698
鉄道ファン||1494||1494||33||33||0.02208835341365462||0.02208835341365462
神奈川県出身の人物一覧||1494||1494||7||7||0.004685408299866131||0.004685408299866131
鉄拳の登場人物||1494||1494||33||33||0.02208835341365462||0.02208835341365462
8時だョ!全員集合||1493||1493||13||13||0.008707300736771601||0.008707300736771601
ニッポン放送番組一覧||1491||1491||6||6||0.004024144869215292||0.004024144869215292
クイズプレゼンバラエティー Qさま!!||1491||1491||4||4||0.0026827632461435278||0.0026827632461435278
XXXHOLiC||1491||1491||8||8||0.0053655264922870555||0.0053655264922870555
岡山放送||1490||1490||1||1||6.711409395973154E-4||6.711409395973154E-4
一覧の一覧||1489||1489||6||6||0.004029550033579583||0.004029550033579583
東北学院大学||1489||1489||2||2||0.001343183344526528||0.001343183344526528
ZARD||1489||1489||17||17||0.011417058428475487||0.011417058428475487
地獄少女||1489||1489||21||21||0.014103425117528543||0.014103425117528543
IPhone||1488||1488||30||30||0.020161290322580645||0.020161290322580645
犬夜叉||1487||1487||25||25||0.016812373907195696||0.016812373907195696
ドラゴンクエストIX 星空の守り人||1485||1485||32||32||0.02154882154882155||0.02154882154882155
特殊急襲部隊||1484||1484||11||11||0.007412398921832884||0.007412398921832884
東日本大震災||1484||1484||37||37||0.024932614555256066||0.024932614555256066
旭川市||1483||1483||11||11||0.007417397167902899||0.007417397167902899
京都市||1482||1482||24||24||0.016194331983805668||0.016194331983805668
田中理恵 (声優)||1482||1482||44||44||0.029689608636977057||0.029689608636977057
東芝||1482||1482||8||8||0.005398110661268556||0.005398110661268556
戯言シリーズ||1479||1479||10||10||0.0067613252197430695||0.0067613252197430695
WWE||1477||1477||5||5||0.003385240352064997||0.003385240352064997
東海ラジオ放送||1477||1477||2||2||0.0013540961408259986||0.0013540961408259986
テレビ朝日番組一覧||1477||1477||9||9||0.006093432633716994||0.006093432633716994
高橋広樹||1476||1476||2||2||0.0013550135501355014||0.0013550135501355014
テイルズ オブ デスティニー||1476||1476||5||5||0.0033875338753387536||0.0033875338753387536
落第忍者乱太郎の登場人物||1476||1476||4||4||0.0027100271002710027||0.0027100271002710027
曲名一覧||1473||1473||1||1||6.788866259334691E-4||6.788866259334691E-4
手越祐也||1472||1472||22||22||0.014945652173913044||0.014945652173913044
井上和彦 (声優)||1471||1471||8||8||0.005438477226376614||0.005438477226376614
東京都||1468||1468||21||21||0.01430517711171662||0.01430517711171662
日本お笑い史||1466||1466||6||6||0.004092769440654843||0.004092769440654843
金曜ロードSHOW!||1466||1466||9||9||0.006139154160982265||0.006139154160982265
明治大学||1466||1466||32||32||0.021828103683492497||0.021828103683492497
ウルトラマンダイナ||1464||1464||14||14||0.009562841530054645||0.009562841530054645
ネット右翼||1464||1464||169||169||0.11543715846994536||0.11543715846994536
お笑いタレント||1462||1462||8||8||0.005471956224350205||0.005471956224350205
ダルビッシュ有||1462||1462||63||63||0.043091655266757865||0.043091655266757865
大宮駅 (埼玉県)||1461||1461||25||25||0.017111567419575632||0.017111567419575632
やじうまプラス||1460||1460||9||9||0.0061643835616438354||0.0061643835616438354
YouTube||1460||1460||58||58||0.03972602739726028||0.03972602739726028
布袋寅泰||1458||1458||21||21||0.01440329218106996||0.01440329218106996
郷里大輔||1458||1458||45||45||0.030864197530864196||0.030864197530864196
学園黙示録 HIGHSCHOOL OF THE DEAD||1458||1458||28||28||0.019204389574759947||0.019204389574759947
真・三國無双シリーズ||1458||1458||40||40||0.027434842249657063||0.027434842249657063
任天堂||1457||1457||21||21||0.014413177762525738||0.014413177762525738
インド||1457||1457||29||29||0.01990391214824983||0.01990391214824983
志村けん||1457||1457||10||10||0.0068634179821551134||0.0068634179821551134
ぬらりひょんの孫||1457||1457||18||18||0.012354152367879203||0.012354152367879203
プロレスラー一覧||1456||1456||3||3||0.0020604395604395605||0.0020604395604395605
四国放送||1456||1456||5||5||0.003434065934065934||0.003434065934065934
フランス||1456||1456||49||49||0.03365384615384615||0.03365384615384615
IS 〈インフィニット・ストラトス〉||1456||1456||37||37||0.025412087912087912||0.025412087912087912
遊佐浩二||1455||1455||10||10||0.006872852233676976||0.006872852233676976
のだめカンタービレ||1455||1455||11||11||0.007560137457044674||0.007560137457044674
NISSAN あ、安部礼司〜BEYOND THE AVERAGE||1455||1455||2||2||0.0013745704467353953||0.0013745704467353953
九州王朝説||1454||1454||26||26||0.017881705639614855||0.017881705639614855
ベルセルク (漫画)||1453||1453||11||11||0.007570543702684102||0.007570543702684102
発車メロディ||1453||1453||6||6||0.0041293874741913286||0.0041293874741913286
阿澄佳奈||1453||1453||45||45||0.030970406056434963||0.030970406056434963
青森朝日放送||1452||1452||0||0||0.0||0.0
新幹線N700系電車||1452||1452||68||68||0.046831955922865015||0.046831955922865015
朝日新聞||1452||1452||72||72||0.049586776859504134||0.049586776859504134
ウルトラマンガイア||1451||1451||6||6||0.004135079255685734||0.004135079255685734
中華人民共和国||1449||1449||19||19||0.013112491373360938||0.013112491373360938
三重テレビ放送||1449||1449||6||6||0.004140786749482402||0.004140786749482402
ジャパン・ニュース・ネットワーク||1448||1448||48||48||0.03314917127071823||0.03314917127071823
埼京線||1448||1448||38||38||0.026243093922651933||0.026243093922651933
みなみけ||1447||1447||21||21||0.014512785072563926||0.014512785072563926
全国高等学校野球選手権大会||1447||1447||9||9||0.006219765031098825||0.006219765031098825
檜山修之||1445||1445||36||36||0.02491349480968858||0.02491349480968858
沢田研二||1445||1445||5||5||0.0034602076124567475||0.0034602076124567475
両津勘吉||1445||1445||59||59||0.04083044982698962||0.04083044982698962
在日特権を許さない市民の会||1444||1444||96||96||0.0664819944598338||0.0664819944598338
王様のブランチ||1443||1443||18||18||0.012474012474012475||0.012474012474012475
Nスタ||1443||1443||20||20||0.01386001386001386||0.01386001386001386
ゼロの使い魔||1440||1440||13||13||0.009027777777777777||0.009027777777777777
大島優子||1440||1440||142||142||0.09861111111111111||0.09861111111111111
下関市||1439||1439||23||23||0.015983321751216122||0.015983321751216122
乃木坂春香の秘密||1439||1439||3||3||0.0020847810979847115||0.0020847810979847115
つるの剛士||1439||1439||13||13||0.009034051424600417||0.009034051424600417
太田市||1438||1438||3||3||0.002086230876216968||0.002086230876216968
中森明菜||1437||1437||32||32||0.022268615170494086||0.022268615170494086
マリオシリーズ||1436||1436||26||26||0.018105849582172703||0.018105849582172703
訃報 2008年||1436||1436||5||5||0.003481894150417827||0.003481894150417827
1985年||1436||1436||14||14||0.009749303621169917||0.009749303621169917
AKB48のオールナイトニッポン||1436||1436||49||49||0.034122562674094706||0.034122562674094706
『ぷっ』すま||1435||1435||18||18||0.012543554006968641||0.012543554006968641
岡山市||1434||1434||22||22||0.015341701534170154||0.015341701534170154
桑田佳祐||1434||1434||27||27||0.01882845188284519||0.01882845188284519
テレビ山口||1433||1433||4||4||0.0027913468248429866||0.0027913468248429866
地球戦隊ファイブマン||1433||1433||8||8||0.005582693649685973||0.005582693649685973
日本三大一覧||1431||1431||27||27||0.018867924528301886||0.018867924528301886
仲間由紀恵||1431||1431||9||9||0.006289308176100629||0.006289308176100629
Blu-ray Disc||1430||1430||11||11||0.007692307692307693||0.007692307692307693
クリスマスの約束||1430||1430||9||9||0.006293706293706294||0.006293706293706294
東武鉄道||1429||1429||16||16||0.01119664100769769||0.01119664100769769
秋葉原||1429||1429||18||18||0.012596221133659902||0.012596221133659902
BLOODY MONDAY||1429||1429||26||26||0.01819454163750875||0.01819454163750875
バンプレストオリジナル||1429||1429||1||1||6.997900629811056E-4||6.997900629811056E-4
千葉県出身の人物一覧||1428||1428||9||9||0.0063025210084033615||0.0063025210084033615
竹島 (島根県)||1428||1428||43||43||0.03011204481792717||0.03011204481792717
交響詩篇エウレカセブン||1427||1427||5||5||0.00350385423966363||0.00350385423966363
激走戦隊カーレンジャー||1426||1426||9||9||0.006311360448807854||0.006311360448807854
ちびまる子ちゃんの登場人物||1426||1426||30||30||0.021037868162692847||0.021037868162692847
関俊彦||1425||1425||15||15||0.010526315789473684||0.010526315789473684
仮面ライダー電王の登場仮面ライダー||1425||1425||21||21||0.014736842105263158||0.014736842105263158
小田和正||1424||1424||9||9||0.006320224719101123||0.006320224719101123
山手線||1424||1424||19||19||0.013342696629213483||0.013342696629213483
西部警察||1423||1423||2||2||0.0014054813773717498||0.0014054813773717498
自衛隊||1422||1422||45||45||0.03164556962025317||0.03164556962025317
名鉄特急||1422||1422||9||9||0.006329113924050633||0.006329113924050633
松山市||1421||1421||22||22||0.015482054890921885||0.015482054890921885
プロ野球中継||1421||1421||1||1||7.037297677691766E-4||7.037297677691766E-4
バイオハザードシリーズ||1421||1421||16||16||0.011259676284306826||0.011259676284306826
中央本線||1420||1420||20||20||0.014084507042253521||0.014084507042253521
里田まい||1420||1420||49||49||0.03450704225352113||0.03450704225352113
スパモク!!||1418||1418||9||9||0.006346967559943582||0.006346967559943582
新婚さんいらっしゃい!||1417||1417||2||2||0.0014114326040931546||0.0014114326040931546
京都大学の人物一覧||1417||1417||4||4||0.0028228652081863093||0.0028228652081863093
カードファイト!! ヴァンガード||1417||1417||13||13||0.009174311926605505||0.009174311926605505
横山やすし||1416||1416||6||6||0.00423728813559322||0.00423728813559322
東北放送||1416||1416||6||6||0.00423728813559322||0.00423728813559322
ユニバーサル・スタジオ・ジャパン||1416||1416||13||13||0.009180790960451978||0.009180790960451978
パチンコ||1415||1415||99||99||0.06996466431095406||0.06996466431095406
北千住駅||1414||1414||16||16||0.011315417256011316||0.011315417256011316
鹿児島市||1414||1414||17||17||0.012022630834512023||0.012022630834512023
2010年||1414||1414||119||119||0.08415841584158416||0.08415841584158416
絶体絶命でんぢゃらすじーさん||1413||1413||11||11||0.00778485491861288||0.00778485491861288
森喜朗||1413||1413||26||26||0.01840056617126681||0.01840056617126681
Aqua Timez||1413||1413||21||21||0.014861995753715499||0.014861995753715499
東京メトロ副都心線||1412||1412||55||55||0.03895184135977337||0.03895184135977337
東京タワー||1411||1411||24||24||0.01700921332388377||0.01700921332388377
喫煙||1408||1408||54||54||0.03835227272727273||0.03835227272727273
爆笑レッドカーペット||1407||1407||30||30||0.021321961620469083||0.021321961620469083
ペルソナ4||1407||1407||19||19||0.013503909026297086||0.013503909026297086
内村プロデュース||1406||1406||13||13||0.009246088193456615||0.009246088193456615
中華民国||1406||1406||64||64||0.04551920341394026||0.04551920341394026
長野県||1405||1405||21||21||0.01494661921708185||0.01494661921708185
それいけ!アンパンマン||1404||1404||44||44||0.03133903133903134||0.03133903133903134
首都圏新都市鉄道つくばエクスプレス||1404||1404||27||27||0.019230769230769232||0.019230769230769232
ジョン・レノン||1402||1402||8||8||0.005706134094151213||0.005706134094151213
杉山紀彰||1402||1402||8||8||0.005706134094151213||0.005706134094151213
指原莉乃||1402||1402||122||122||0.08701854493580599||0.08701854493580599
アイルトン・セナ||1401||1401||26||26||0.018558172733761598||0.018558172733761598
銀河英雄伝説||1401||1401||8||8||0.005710206995003569||0.005710206995003569
鳥海浩輔||1401||1401||12||12||0.008565310492505354||0.008565310492505354
クレヨンしんちゃんの登場人物一覧||1401||1401||21||21||0.014989293361884369||0.014989293361884369
仮面ライダーW FOREVER AtoZ/運命のガイアメモリ||1401||1401||23||23||0.01641684511063526||0.01641684511063526
聖闘士星矢||1400||1400||17||17||0.012142857142857143||0.012142857142857143
過去に存在したダイエーの店舗||1400||1400||0||0||0.0||0.0
熊野神社 (四街道市亀崎)||1400||1400||18||18||0.012857142857142857||0.012857142857142857
キン肉マン||1399||1399||13||13||0.009292351679771264||0.009292351679771264
ファイナルファンタジーXII||1399||1399||9||9||0.006433166547533953||0.006433166547533953
NNN Newsリアルタイム||1398||1398||4||4||0.002861230329041488||0.002861230329041488
阪神甲子園球場||1398||1398||12||12||0.008583690987124463||0.008583690987124463
ウェザーニュースLiVE||1398||1398||24||24||0.017167381974248927||0.017167381974248927
高橋みなみ||1398||1398||119||119||0.08512160228898426||0.08512160228898426
公明党||1397||1397||24||24||0.01717967072297781||0.01717967072297781
鹿児島テレビ放送||1397||1397||8||8||0.00572655690765927||0.00572655690765927
VIERA||1397||1397||6||6||0.004294917680744453||0.004294917680744453
さいたま市||1397||1397||28||28||0.020042949176807445||0.020042949176807445
宇都宮線||1396||1396||8||8||0.0057306590257879654||0.0057306590257879654
クラシック音楽の曲名一覧||1395||1395||0||0||0.0||0.0
おはよう朝日です||1395||1395||6||6||0.004301075268817204||0.004301075268817204
サザエさん||1394||1394||35||35||0.025107604017216643||0.025107604017216643
シド (バンド)||1393||1393||1||1||7.178750897343862E-4||7.178750897343862E-4
世にも奇妙な物語||1393||1393||10||10||0.007178750897343862||0.007178750897343862
スマイルプリキュア!||1393||1393||80||80||0.057430007178750894||0.057430007178750894
BoA||1392||1392||15||15||0.010775862068965518||0.010775862068965518
ぐるぐるナインティナイン||1391||1391||11||11||0.007907979870596693||0.007907979870596693
日本選手権シリーズ||1390||1390||13||13||0.00935251798561151||0.00935251798561151
ロウきゅーぶ!||1390||1390||32||32||0.02302158273381295||0.02302158273381295
打ち切り||1388||1388||8||8||0.005763688760806916||0.005763688760806916
高崎線||1387||1387||14||14||0.010093727469358327||0.010093727469358327
川越市||1386||1386||13||13||0.00937950937950938||0.00937950937950938
あたしンち||1386||1386||21||21||0.015151515151515152||0.015151515151515152
ツバサ-RESERVoir CHRoNiCLE-||1385||1385||28||28||0.020216606498194945||0.020216606498194945
フレッシュプリキュア!||1385||1385||65||65||0.04693140794223827||0.04693140794223827
行政書士||1385||1385||52||52||0.03754512635379061||0.03754512635379061
ピラメキーノ||1384||1384||34||34||0.024566473988439308||0.024566473988439308
倖田來未||1383||1383||12||12||0.008676789587852495||0.008676789587852495
江〜姫たちの戦国〜||1381||1381||63||63||0.04561911658218682||0.04561911658218682
午後は○○おもいッきりテレビ||1380||1380||10||10||0.007246376811594203||0.007246376811594203
ゼロの使い魔の登場人物||1380||1380||6||6||0.004347826086956522||0.004347826086956522
機動戦士ガンダム00の登場人物||1380||1380||53||53||0.03840579710144928||0.03840579710144928
船橋市||1380||1380||11||11||0.007971014492753623||0.007971014492753623
ウルトラマンガイアの登場怪獣||1379||1379||18||18||0.01305293691080493||0.01305293691080493
ちりとてちん (テレビドラマ)||1379||1379||18||18||0.01305293691080493||0.01305293691080493
メダロット一覧||1378||1378||3||3||0.0021770682148040637||0.0021770682148040637
さんまのSUPERからくりTV||1378||1378||21||21||0.015239477503628448||0.015239477503628448
大田区||1378||1378||5||5||0.00362844702467344||0.00362844702467344
零式艦上戦闘機||1378||1378||56||56||0.040638606676342524||0.040638606676342524
東日本旅客鉄道||1377||1377||23||23||0.01670297748729121||0.01670297748729121
東急5000系電車 (2代)||1377||1377||93||93||0.06753812636165578||0.06753812636165578
坂本龍馬||1376||1376||24||24||0.01744186046511628||0.01744186046511628
吉野裕行||1376||1376||13||13||0.00944767441860465||0.00944767441860465
水曜どうでしょうの企画||1376||1376||1||1||7.267441860465116E-4||7.267441860465116E-4

