
Page||Recent Revisions||Total Revisions||Recent Reverts||Total Reverts||Recent Contention||Total Contention
ONE PIECEの登場人物一覧/log||5010||5010||25||25||0.00499001996007984||0.00499001996007984
AKB48/log20110116||4789||4789||199||199||0.04155356024222176||0.04155356024222176
仮面ライダーディケイド/log20091223||4546||4546||174||174||0.03827540695116586||0.03827540695116586
仮面ライダー電王/log20080331||4485||4485||26||26||0.005797101449275362||0.005797101449275362
舞-乙HiME/log20120619||4080||4080||2||2||4.901960784313725E-4||4.901960784313725E-4
銀魂/log20081129||4001||4001||15||15||0.003749062734316421||0.003749062734316421
けいおん!/log20120612||3930||3930||300||300||0.07633587786259542||0.07633587786259542
笑点/log20110201||3890||3890||19||19||0.004884318766066838||0.004884318766066838
BLEACH/log20080419||3877||3877||20||20||0.005158627805003869||0.005158627805003869
仮面ライダーW/log20110201||3843||3843||77||77||0.020036429872495445||0.020036429872495445
海賊戦隊ゴーカイジャー/log20120602||3829||3829||137||137||0.03577957691303212||0.03577957691303212
森田一義アワー 笑っていいとも!/log20130117||3794||3794||24||24||0.0063257775434897206||0.0063257775434897206
ウルトラマンメビウス/log20100825||3792||3792||39||39||0.010284810126582278||0.010284810126582278
銀魂の登場人物一覧/log20080904||3752||3752||3||3||7.995735607675906E-4||7.995735607675906E-4
ONE PIECE/log||3694||3694||29||29||0.00785056848944234||0.00785056848944234
第二次世界大戦/log20120619||3679||3679||34||34||0.009241641750475673||0.009241641750475673
SASUKE/history20180113||3671||3671||28||28||0.007627349496050122||0.007627349496050122
クイズ!ヘキサゴンII/log20090401||3650||3650||31||31||0.008493150684931507||0.008493150684931507
NARUTO -ナルト-の登場人物/log20120612||3649||3649||80||80||0.021923814743765414||0.021923814743765414
ミュージックステーション/log20120615||3638||3638||14||14||0.0038482682792743265||0.0038482682792743265
アンパンマンの登場人物一覧/log20120613||3621||3621||56||56||0.015465341066003866||0.015465341066003866
コードギアス 反逆のルルーシュ/log20080407||3610||3610||21||21||0.005817174515235457||0.005817174515235457
日本/log20090827||3601||3601||74||74||0.02054984726464871||0.02054984726464871
家庭教師ヒットマンREBORN!/log20100415||3591||3591||128||128||0.03564466722361459||0.03564466722361459
プレイステーション3/log20100415||3548||3548||50||50||0.014092446448703494||0.014092446448703494
ゲームセンターCX/history20160321||3530||3530||21||21||0.00594900849858357||0.00594900849858357
青森放送/history20180113||3513||3513||0||0||0.0||0.0
ネプリーグ/log20091026||3501||3501||10||10||0.0028563267637817767||0.0028563267637817767
涼宮ハルヒシリーズ/log20090701||3492||3492||76||76||0.021764032073310423||0.021764032073310423
エンタの神様/log20091223||3480||3480||28||28||0.008045977011494253||0.008045977011494253
機動戦士ガンダム00||3443||3443||62||62||0.018007551553877434||0.018007551553877434
ケロロ軍曹の登場人物一覧/log20090210||3436||3436||5||5||0.0014551804423748546||0.0014551804423748546
モーニング娘。||3436||3436||85||85||0.024738067520372525||0.024738067520372525
テニスの王子様の登場人物/log20120614||3421||3421||8||8||0.00233849751534639||0.00233849751534639
D.Gray-man||3419||3419||19||19||0.005557180462123428||0.005557180462123428
BLEACHの登場人物||3407||3407||29||29||0.008511887290871734||0.008511887290871734
EXILE/log 20120611||3404||3404||45||45||0.013219741480611046||0.013219741480611046
ナインティナインのオールナイトニッポン||3379||3379||21||21||0.006214856466410181||0.006214856466410181
仮面ライダーオーズ/OOO/log20120616||3358||3358||77||77||0.022930315664085765||0.022930315664085765
破面||3339||3339||15||15||0.004492362982929021||0.004492362982929021
情報ライブ ミヤネ屋||3314||3314||39||39||0.011768255884127943||0.011768255884127943
ドラゴンボールの登場人物||3313||3313||48||48||0.01448837911258678||0.01448837911258678
スーパー戦隊シリーズ/history20160321||3259||3259||24||24||0.00736422215403498||0.00736422215403498
ズームイン!!SUPER/log20091228||3247||3247||8||8||0.0024638127502309825||0.0024638127502309825
アニメ版ポケットモンスターの登場人物/history20160321||3244||3244||32||32||0.009864364981504316||0.009864364981504316
Yes!プリキュア5||3222||3222||61||61||0.01893234016139044||0.01893234016139044
小沢一郎||3214||3214||104||104||0.03235843186060983||0.03235843186060983
ジャニーズJr.||3206||3206||48||48||0.014971927635683094||0.014971927635683094
広島県出身の人物一覧||3198||3198||3||3||9.380863039399625E-4||9.380863039399625E-4
ケロロ軍曹||3182||3182||16||16||0.00502828409805154||0.00502828409805154
3年B組金八先生)/history20180113||3179||3179||56||56||0.017615602390688895||0.017615602390688895
クレヨンしんちゃん||3171||3171||22||22||0.006937874487543362||0.006937874487543362
石原慎太郎||3160||3160||83||83||0.026265822784810128||0.026265822784810128
24時間テレビ 「愛は地球を救う」/history20160321||3154||3154||73||73||0.023145212428662017||0.023145212428662017
大喜利 (笑点)||3137||3137||83||83||0.02645839974497928||0.02645839974497928
UHFアニメ||3127||3127||11||11||0.003517748640869843||0.003517748640869843
クイズ!ヘキサゴンII||3102||3102||121||121||0.03900709219858156||0.03900709219858156
水戸黄門 (パナソニック ドラマシアター)||3099||3099||10||10||0.003226847370119393||0.003226847370119393
天装戦隊ゴセイジャー||3086||3086||67||67||0.02171095268956578||0.02171095268956578
DEATH NOTEの登場人物||3068||3068||9||9||0.0029335071707953064||0.0029335071707953064
イナズマイレブンの登場人物/history20150222||3068||3068||42||42||0.013689700130378096||0.013689700130378096
アメリカ横断ウルトラクイズ||3053||3053||6||6||0.001965280052407468||0.001965280052407468
相棒/history20150820||3047||3047||85||85||0.02789629143419757||0.02789629143419757
ドラえもん||3045||3045||97||97||0.03185550082101806||0.03185550082101806
テレビ東京||3039||3039||18||18||0.005923000987166831||0.005923000987166831
太鼓の達人||3036||3036||47||47||0.015480895915678524||0.015480895915678524
ちちんぷいぷい (テレビ番組)/history20180113||3031||3031||11||11||0.003629165291982844||0.003629165291982844
新世紀エヴァンゲリオン||3012||3012||44||44||0.014608233731739707||0.014608233731739707
そこまで言って委員会NP||3003||3003||12||12||0.003996003996003996||0.003996003996003996
銀魂 (アニメ)||2999||2999||5||5||0.0016672224074691564||0.0016672224074691564
国鉄485系電車||2998||2998||29||29||0.009673115410273516||0.009673115410273516
B'z||2985||2985||62||62||0.020770519262981575||0.020770519262981575
日本航空123便墜落事故||2981||2981||24||24||0.008050989600805098||0.008050989600805098
阪神タイガース||2976||2976||47||47||0.015793010752688172||0.015793010752688172
DEATH NOTE||2973||2973||35||35||0.011772620248906828||0.011772620248906828
読売ジャイアンツ||2972||2972||18||18||0.006056527590847914||0.006056527590847914
NARUTO -ナルト-||2947||2947||28||28||0.009501187648456057||0.009501187648456057
愛知県出身の人物一覧||2933||2933||14||14||0.00477326968973747||0.00477326968973747
ドラゴンボール||2905||2905||63||63||0.021686746987951807||0.021686746987951807
中部日本放送||2892||2892||8||8||0.0027662517289073307||0.0027662517289073307
毎日放送||2884||2884||18||18||0.0062413314840499305||0.0062413314840499305
水曜どうでしょう||2865||2865||13||13||0.004537521815008726||0.004537521815008726
獣拳戦隊ゲキレンジャー||2852||2852||32||32||0.011220196353436185||0.011220196353436185
こちら葛飾区亀有公園前派出所||2848||2848||30||30||0.010533707865168539||0.010533707865168539
テレビ神奈川||2844||2844||14||14||0.004922644163150493||0.004922644163150493
トヨタ自動車||2842||2842||78||78||0.02744546094299789||0.02744546094299789
仮面ライダーシリーズ||2838||2838||50||50||0.017618040873854827||0.017618040873854827
仙台市||2838||2838||30||30||0.010570824524312896||0.010570824524312896
明石家さんま||2822||2822||29||29||0.010276399716513111||0.010276399716513111
二宮和也||2821||2821||99||99||0.03509393831974477||0.03509393831974477
早稲田大学の人物一覧||2818||2818||10||10||0.0035486160397444995||0.0035486160397444995
魔人探偵脳噛ネウロ||2815||2815||8||8||0.002841918294849023||0.002841918294849023
静岡市||2814||2814||17||17||0.006041222459132907||0.006041222459132907
東京放送ホールディングス||2811||2811||29||29||0.01031661330487371||0.01031661330487371
めちゃ×2イケてるッ!||2803||2803||31||31||0.011059579022475919||0.011059579022475919
クイズ世界はSHOW by ショーバイ!!||2791||2791||11||11||0.003941239699032604||0.003941239699032604
名探偵コナンの登場人物/history20180113||2784||2784||44||44||0.015804597701149427||0.015804597701149427
らき☆すた||2778||2778||29||29||0.010439164866810655||0.010439164866810655
奥州市||2777||2777||6||6||0.0021606049693914295||0.0021606049693914295
仮面ライダーカブト||2775||2775||32||32||0.011531531531531532||0.011531531531531532
東京大学の人物一覧||2772||2772||13||13||0.00468975468975469||0.00468975468975469
オールスター感謝祭/history20190417||2766||2766||23||23||0.008315256688358641||0.008315256688358641
ケロロ軍曹 (アニメ)||2766||2766||20||20||0.0072306579898770785||0.0072306579898770785
パネルクイズ アタック25||2762||2762||46||46||0.0166545981173063||0.0166545981173063
フジテレビジョン||2757||2757||11||11||0.003989844033369605||0.003989844033369605
クイズダービー||2751||2751||31||31||0.011268629589240277||0.011268629589240277
SMAP||2726||2726||41||41||0.01504035216434336||0.01504035216434336
日本の漫画家一覧||2725||2725||3||3||0.0011009174311926607||0.0011009174311926607
ハヤテのごとく!の登場人物||2722||2722||95||95||0.034900808229243206||0.034900808229243206
麻生太郎||2722||2722||72||72||0.02645113886847906||0.02645113886847906
轟轟戦隊ボウケンジャー||2713||2713||20||20||0.007371913011426466||0.007371913011426466
福山潤||2711||2711||30||30||0.011066027296200664||0.011066027296200664
M-1グランプリ||2698||2698||18||18||0.006671608598962194||0.006671608598962194
2006年||2697||2697||37||37||0.013718946978123842||0.013718946978123842
侍戦隊シンケンジャー||2697||2697||48||48||0.017797552836484983||0.017797552836484983
Axis powers ヘタリア||2687||2687||25||25||0.009304056568663937||0.009304056568663937
トリコ||2673||2673||42||42||0.015712682379349047||0.015712682379349047
ローゼンメイデン/history 20130917||2664||2664||37||37||0.013888888888888888||0.013888888888888888
古畑任三郎||2653||2653||13||13||0.004900113079532605||0.004900113079532605
金色のガッシュ!!の登場人物||2653||2653||10||10||0.003769317753486619||0.003769317753486619
銀魂の登場人物一覧||2652||2652||26||26||0.00980392156862745||0.00980392156862745
ハロー!プロジェクト||2649||2649||36||36||0.013590033975084938||0.013590033975084938
大韓民国||2641||2641||60||60||0.022718667171525937||0.022718667171525937
国鉄103系電車||2639||2639||17||17||0.006441834028040924||0.006441834028040924
とある魔術の禁書目録||2635||2635||102||102||0.03870967741935484||0.03870967741935484
錦戸亮||2634||2634||42||42||0.015945330296127564||0.015945330296127564
世界一の一覧||2611||2611||27||27||0.010340865568747606||0.010340865568747606
鈴村健一||2610||2610||33||33||0.01264367816091954||0.01264367816091954
ジャニーズ事務所||2609||2609||36||36||0.013798390187811422||0.013798390187811422
モンスターハンターのモンスター一覧||2608||2608||31||31||0.011886503067484663||0.011886503067484663
日本放送協会||2566||2566||53||53||0.020654715510522212||0.020654715510522212
日本プロサッカーリーグ||2561||2561||49||49||0.019133151112846546||0.019133151112846546
しゅごキャラ!||2554||2554||16||16||0.006264682850430697||0.006264682850430697
SAMURAI BASEBALL||2548||2548||7||7||0.0027472527472527475||0.0027472527472527475
週刊少年ジャンプ||2543||2543||35||35||0.013763271726307511||0.013763271726307511
浦和レッドダイヤモンズ||2531||2531||29||29||0.011457921770051362||0.011457921770051362
日本テレビ放送網||2526||2526||9||9||0.0035629453681710215||0.0035629453681710215
北海道日本ハムファイターズ||2499||2499||28||28||0.011204481792717087||0.011204481792717087
日本共産党||2491||2491||37||37||0.014853472501003613||0.014853472501003613
デジモン一覧||2490||2490||7||7||0.002811244979919679||0.002811244979919679
京都放送||2487||2487||6||6||0.0024125452352231603||0.0024125452352231603
とある魔術の禁書目録の登場人物||2485||2485||113||113||0.0454728370221328||0.0454728370221328
バンプレストオリジナルのキャラクター一覧||2467||2467||5||5||0.002026753141467369||0.002026753141467369
2005年||2460||2460||18||18||0.007317073170731708||0.007317073170731708
家庭教師ヒットマンREBORN!の登場人物||2459||2459||34||34||0.013826758845058967||0.013826758845058967
ONE PIECEの登場人物一覧||2459||2459||155||155||0.06303375355835705||0.06303375355835705
福岡県出身の人物一覧||2429||2429||18||18||0.007410456978180321||0.007410456978180321
灼眼のシャナ||2424||2424||25||25||0.010313531353135313||0.010313531353135313
THE IDOLM@STERの登場人物||2422||2422||98||98||0.04046242774566474||0.04046242774566474
マイケル・ジャクソン||2419||2419||47||47||0.019429516329061595||0.019429516329061595
キン肉マンの登場人物||2411||2411||6||6||0.002488593944421402||0.002488593944421402
FNS27時間テレビ||2411||2411||6||6||0.002488593944421402||0.002488593944421402
千葉ロッテマリーンズ||2401||2401||45||45||0.018742190753852563||0.018742190753852563
探偵!ナイトスクープ||2399||2399||5||5||0.0020842017507294707||0.0020842017507294707
全国高等学校クイズ選手権||2396||2396||39||39||0.0162771285475793||0.0162771285475793
北海道放送||2387||2387||3||3||0.0012568077084206116||0.0012568077084206116
NHK紅白歌合戦||2386||2386||64||64||0.026823134953897737||0.026823134953897737
涼宮ハルヒの憂鬱 (アニメ)||2375||2375||84||84||0.03536842105263158||0.03536842105263158
石田彰||2372||2372||17||17||0.007166947723440135||0.007166947723440135
Au (携帯電話)||2368||2368||44||44||0.018581081081081082||0.018581081081081082
ドラえもん (1979年のテレビアニメ)||2364||2364||16||16||0.00676818950930626||0.00676818950930626
VS嵐||2364||2364||25||25||0.010575296108291032||0.010575296108291032
海賊 (ONE PIECE)/history20180113||2364||2364||70||70||0.02961082910321489||0.02961082910321489
アイシールド21||2358||2358||20||20||0.008481764206955046||0.008481764206955046
スーパーベースボール (テレビ朝日系列)||2349||2349||2||2||8.514261387824606E-4||8.514261387824606E-4
浅田真央||2347||2347||71||71||0.030251384746484873||0.030251384746484873
SLAM DUNKの登場人物||2335||2335||15||15||0.006423982869379015||0.006423982869379015
櫻井孝宏||2329||2329||36||36||0.015457277801631602||0.015457277801631602
ポルノグラフィティ||2328||2328||38||38||0.01632302405498282||0.01632302405498282
トリビアの泉 〜素晴らしきムダ知識〜||2325||2325||14||14||0.006021505376344086||0.006021505376344086
イナズマイレブン||2323||2323||27||27||0.01162290142057684||0.01162290142057684
仮面ライダーシリーズ登場怪人一覧||2319||2319||118||118||0.05088400172488142||0.05088400172488142
オールナイトニッポン||2318||2318||11||11||0.004745470232959448||0.004745470232959448
2007年||2318||2318||39||39||0.016824849007765316||0.016824849007765316
中部国際空港||2316||2316||27||27||0.011658031088082901||0.011658031088082901
世界平和統一家庭連合||2307||2307||37||37||0.016038144776766364||0.016038144776766364
東京駅||2301||2301||40||40||0.017383746197305518||0.017383746197305518
都市伝説一覧||2299||2299||26||26||0.011309264897781644||0.011309264897781644
逆転裁判||2296||2296||30||30||0.013066202090592335||0.013066202090592335
志田未来||2290||2290||41||41||0.017903930131004366||0.017903930131004366
日産自動車||2289||2289||18||18||0.007863695937090432||0.007863695937090432
D.Gray-manの登場人物||2288||2288||28||28||0.012237762237762238||0.012237762237762238
福山市||2283||2283||3||3||0.001314060446780552||0.001314060446780552
鋼の錬金術師の登場人物一覧/history 20120609||2283||2283||18||18||0.00788436268068331||0.00788436268068331
慶應義塾大学の人物一覧||2282||2282||40||40||0.017528483786152498||0.017528483786152498
ウルトラマン||2278||2278||40||40||0.01755926251097454||0.01755926251097454
大野智||2274||2274||63||63||0.027704485488126648||0.027704485488126648
さよなら絶望先生||2273||2273||23||23||0.010118785745710514||0.010118785745710514
堀江由衣||2269||2269||39||39||0.017188188629352136||0.017188188629352136
福岡ソフトバンクホークス||2251||2251||19||19||0.008440693025322079||0.008440693025322079
ガンダムシリーズの登場機動兵器一覧||2242||2242||10||10||0.0044603033006244425||0.0044603033006244425
劇場版 仮面ライダーディケイド オールライダー対大ショッカー||2237||2237||109||109||0.048725972284309346||0.048725972284309346
ポケットモンスター (アニメ)||2236||2236||19||19||0.00849731663685152||0.00849731663685152
みんなが出るテレビ||2231||2231||5||5||0.0022411474675033617||0.0022411474675033617
松井秀喜||2230||2230||57||57||0.025560538116591928||0.025560538116591928
朝日放送グループホールディングス||2229||2229||12||12||0.005383580080753701||0.005383580080753701
テニスの王子様||2228||2228||38||38||0.017055655296229804||0.017055655296229804
ゲゲゲの鬼太郎 (アニメ)||2221||2221||2||2||9.004952723998199E-4||9.004952723998199E-4
SCHOOL OF LOCK!||2219||2219||11||11||0.004957187922487607||0.004957187922487607
新宿駅||2216||2216||27||27||0.012184115523465704||0.012184115523465704
声優||2213||2213||17||17||0.0076818798011748755||0.0076818798011748755
GTO (漫画)||2213||2213||5||5||0.0022593764121102574||0.0022593764121102574
遊☆戯☆王デュエルモンスターズGXの登場人物||2210||2210||10||10||0.004524886877828055||0.004524886877828055
BUMP OF CHICKEN||2206||2206||55||55||0.024932003626473256||0.024932003626473256
菅直人||2205||2205||96||96||0.04353741496598639||0.04353741496598639
SoftBank (携帯電話)||2203||2203||20||20||0.009078529278256923||0.009078529278256923
KAT-TUN||2201||2201||44||44||0.019990913221263062||0.019990913221263062
桃太郎電鉄シリーズ||2197||2197||8||8||0.0036413290851160674||0.0036413290851160674
TBSテレビ||2196||2196||56||56||0.025500910746812388||0.025500910746812388
新潟市||2187||2187||21||21||0.009602194787379973||0.009602194787379973
機動戦士ガンダム00シリーズの登場兵器||2187||2187||82||82||0.037494284407864654||0.037494284407864654
遊☆戯☆王5D's||2182||2182||23||23||0.010540788267644362||0.010540788267644362
鹿島アントラーズ||2176||2176||36||36||0.016544117647058824||0.016544117647058824
ヤッターマン||2176||2176||10||10||0.004595588235294118||0.004595588235294118
ハヤテのごとく!||2176||2176||31||31||0.014246323529411764||0.014246323529411764
めざましテレビ/history20190417||2175||2175||19||19||0.008735632183908045||0.008735632183908045
WWEに所属する人物一覧||2175||2175||4||4||0.0018390804597701149||0.0018390804597701149
王貞治||2173||2173||20||20||0.009203865623561895||0.009203865623561895
コロンビア大学||2173||2173||8||8||0.0036815462494247586||0.0036815462494247586
暁 (NARUTO)||2171||2171||58||58||0.026715799170888992||0.026715799170888992
海軍 (ONE PIECE)||2169||2169||163||163||0.07514983863531581||0.07514983863531581
水樹奈々||2168||2168||59||59||0.0272140221402214||0.0272140221402214
クイズタイムショック||2163||2163||12||12||0.005547850208044383||0.005547850208044383
東京大学||2162||2162||56||56||0.025901942645698426||0.025901942645698426
森一夫||2160||2160||12||12||0.005555555555555556||0.005555555555555556
能登麻美子||2159||2159||23||23||0.010653080129689671||0.010653080129689671
2011年のテレビ (日本)||2156||2156||10||10||0.00463821892393321||0.00463821892393321
植田佳奈||2153||2153||56||56||0.026010218300046448||0.026010218300046448
慶應義塾大学/history20130405||2149||2149||62||62||0.0288506281991624||0.0288506281991624
マジカル頭脳パワー!!||2147||2147||14||14||0.006520726595249185||0.006520726595249185
Fun!BASEBALL!!||2145||2145||4||4||0.0018648018648018648||0.0018648018648018648
鉄道事故||2130||2130||16||16||0.007511737089201878||0.007511737089201878
子安武人||2126||2126||14||14||0.00658513640639699||0.00658513640639699
浜松市||2126||2126||15||15||0.0070555032925682035||0.0070555032925682035
新幹線||2114||2114||26||26||0.01229895931882687||0.01229895931882687
小泉純一郎||2114||2114||38||38||0.017975402081362345||0.017975402081362345
やしきたかじん||2113||2113||25||25||0.011831519167061051||0.011831519167061051
Run for money 逃走中||2111||2111||27||27||0.012790146849834202||0.012790146849834202
タモリ||2110||2110||30||30||0.014218009478672985||0.014218009478672985
平野綾||2108||2108||141||141||0.06688804554079697||0.06688804554079697
横浜DeNAベイスターズ||2106||2106||25||25||0.011870845204178538||0.011870845204178538
Wii/history 20130210||2106||2106||16||16||0.007597340930674264||0.007597340930674264
CLANNAD (ゲーム)||2099||2099||54||54||0.02572653644592663||0.02572653644592663
北海道出身の人物一覧||2098||2098||13||13||0.006196377502383222||0.006196377502383222
マクロスF||2097||2097||30||30||0.01430615164520744||0.01430615164520744
織田信長||2096||2096||34||34||0.016221374045801526||0.016221374045801526
山下智久||2094||2094||56||56||0.026743075453677174||0.026743075453677174
日本航空||2093||2093||38||38||0.018155757286192068||0.018155757286192068
ラジかるッ||2092||2092||4||4||0.0019120458891013384||0.0019120458891013384
嵐 (グループ)||2084||2084||53||53||0.02543186180422265||0.02543186180422265
さよなら絶望先生の登場人物||2082||2082||20||20||0.009606147934678195||0.009606147934678195
行列のできる法律相談所||2081||2081||68||68||0.03267659778952427||0.03267659778952427
サトシ (アニメポケットモンスター)||2081||2081||24||24||0.011532916866890917||0.011532916866890917
ひぐらしのなく頃に||2080||2080||28||28||0.013461538461538462||0.013461538461538462
野村克也||2072||2072||50||50||0.02413127413127413||0.02413127413127413
阪神・淡路大震災||2064||2064||25||25||0.012112403100775194||0.012112403100775194
東北地方太平洋沖地震||2051||2051||57||57||0.02779132130667967||0.02779132130667967
School Days||2050||2050||37||37||0.018048780487804877||0.018048780487804877
仮面ライダー×仮面ライダー W&ディケイド MOVIE大戦2010||2049||2049||39||39||0.01903367496339678||0.01903367496339678
東京ヤクルトスワローズ||2047||2047||34||34||0.016609672691744015||0.016609672691744015
HUNTER×HUNTER||2043||2043||42||42||0.020558002936857563||0.020558002936857563
日本体育大学||2035||2035||3||3||0.0014742014742014742||0.0014742014742014742
平成||2034||2034||33||33||0.016224188790560472||0.016224188790560472
東急田園都市線||2034||2034||40||40||0.01966568338249754||0.01966568338249754
嫌韓||2029||2029||72||72||0.03548546081813701||0.03548546081813701
サンテレビジョン||2028||2028||6||6||0.0029585798816568047||0.0029585798816568047
20世紀少年||2028||2028||30||30||0.014792899408284023||0.014792899408284023
日本一の一覧||2026||2026||18||18||0.008884501480750246||0.008884501480750246
徳川家康||2022||2022||61||61||0.03016815034619189||0.03016815034619189
ONE PIECE (アニメ)||2020||2020||42||42||0.020792079207920793||0.020792079207920793
スーパーロボット大戦シリーズ||2019||2019||16||16||0.0079247152055473||0.0079247152055473
秋田放送||2018||2018||2||2||9.910802775024777E-4||9.910802775024777E-4
関口宏の東京フレンドパークII||2014||2014||24||24||0.011916583912611719||0.011916583912611719
成田国際空港||2013||2013||28||28||0.013909587680079483||0.013909587680079483
北斗の拳||2010||2010||12||12||0.005970149253731343||0.005970149253731343
草なぎ剛||2010||2010||40||40||0.01990049751243781||0.01990049751243781
森川智之||2008||2008||15||15||0.007470119521912351||0.007470119521912351
GLAY||1991||1991||39||39||0.019588146659969864||0.019588146659969864
関西国際空港||1990||1990||11||11||0.005527638190954774||0.005527638190954774
相棒の登場人物/history20190113||1987||1987||45||45||0.02264720684448918||0.02264720684448918
IBC岩手放送||1986||1986||16||16||0.008056394763343404||0.008056394763343404
ダウンタウンのガキの使いやあらへんで!||1986||1986||15||15||0.0075528700906344415||0.0075528700906344415
大阪府出身の人物一覧||1983||1983||3||3||0.0015128593040847202||0.0015128593040847202
東海道新幹線||1983||1983||33||33||0.01664145234493192||0.01664145234493192
MAJORの登場人物||1980||1980||20||20||0.010101010101010102||0.010101010101010102
FNNスーパータイム||1976||1976||3||3||0.0015182186234817814||0.0015182186234817814
朝ズバッ!||1976||1976||21||21||0.01062753036437247||0.01062753036437247
宇多田ヒカル||1975||1975||20||20||0.010126582278481013||0.010126582278481013
Hey! Say! JUMP||1975||1975||48||48||0.02430379746835443||0.02430379746835443
野球道 (フジテレビ系列)||1974||1974||2||2||0.0010131712259371835||0.0010131712259371835
千葉テレビ放送||1973||1973||2||2||0.0010136847440446021||0.0010136847440446021
ポケットモンスターSPECIALの登場人物||1972||1972||9||9||0.004563894523326572||0.004563894523326572
男性差別||1969||1969||78||78||0.03961401726764855||0.03961401726764855
ニッポン放送||1967||1967||2||2||0.0010167768174885613||0.0010167768174885613
自由民主党 (日本)||1967||1967||34||34||0.01728520589730554||0.01728520589730554
天元突破グレンラガン||1964||1964||12||12||0.006109979633401222||0.006109979633401222
広島テレビ放送||1962||1962||5||5||0.0025484199796126403||0.0025484199796126403
釘宮理恵||1953||1953||24||24||0.01228878648233487||0.01228878648233487
サザエさんの登場人物||1952||1952||57||57||0.02920081967213115||0.02920081967213115
サザエさん (テレビアニメ)||1952||1952||39||39||0.019979508196721313||0.019979508196721313
モヤモヤさまぁ〜ず2||1951||1951||25||25||0.012813941568426449||0.012813941568426449
在日韓国・朝鮮人||1949||1949||140||140||0.07183170856849666||0.07183170856849666
ザ・キング・オブ・ファイターズ||1946||1946||4||4||0.0020554984583761563||0.0020554984583761563
マスコットキャラクター一覧||1946||1946||6||6||0.003083247687564234||0.003083247687564234
国鉄113系電車||1940||1940||27||27||0.013917525773195877||0.013917525773195877
杉田智和||1940||1940||38||38||0.01958762886597938||0.01958762886597938
東北楽天ゴールデンイーグルス||1940||1940||19||19||0.00979381443298969||0.00979381443298969
武装錬金||1937||1937||5||5||0.002581311306143521||0.002581311306143521
ビートルズ||1937||1937||29||29||0.014971605575632421||0.014971605575632421
浪川大輔||1935||1935||13||13||0.006718346253229974||0.006718346253229974
都市伝説||1933||1933||15||15||0.007759958613554061||0.007759958613554061
日本語||1930||1930||60||60||0.031088082901554404||0.031088082901554404
アップダウンクイズ||1929||1929||7||7||0.0036288232244686366||0.0036288232244686366
ACジャパン||1928||1928||28||28||0.014522821576763486||0.014522821576763486
はねるのトびら||1928||1928||8||8||0.004149377593360996||0.004149377593360996
2ちゃんねるの歴史||1928||1928||16||16||0.008298755186721992||0.008298755186721992
戦国BASARA||1926||1926||24||24||0.012461059190031152||0.012461059190031152
NTTドコモ||1923||1923||21||21||0.0109204368174727||0.0109204368174727
2ちゃんねる||1923||1923||16||16||0.008320332813312533||0.008320332813312533
Perfume||1922||1922||74||74||0.03850156087408949||0.03850156087408949
ウルトラマンティガの登場怪獣||1921||1921||18||18||0.009370119729307652||0.009370119729307652
法政大学の人物一覧||1916||1916||4||4||0.0020876826722338203||0.0020876826722338203
東京都出身の人物一覧||1913||1913||4||4||0.0020909566126502874||0.0020909566126502874
ウエンツ瑛士||1913||1913||9||9||0.004704652378463147||0.004704652378463147
ボボボーボ・ボーボボ||1912||1912||13||13||0.006799163179916318||0.006799163179916318
一関学院高等学校||1909||1909||10||10||0.005238344683080147||0.005238344683080147
神谷浩史||1907||1907||15||15||0.007865757734661772||0.007865757734661772
日本テレビ制作局制作番組の分野別一覧||1906||1906||2||2||0.001049317943336831||0.001049317943336831
清原和博||1904||1904||24||24||0.012605042016806723||0.012605042016806723
史上最強の弟子ケンイチの登場人物||1898||1898||25||25||0.013171759747102213||0.013171759747102213
くりぃむしちゅーのオールナイトニッポン||1896||1896||13||13||0.006856540084388186||0.006856540084388186
踊る大捜査線||1895||1895||9||9||0.00474934036939314||0.00474934036939314
諏訪部順一||1894||1894||9||9||0.004751847940865892||0.004751847940865892
爆笑オンエアバトル||1893||1893||9||9||0.004754358161648178||0.004754358161648178
全日本空輸||1893||1893||7||7||0.0036978341257263604||0.0036978341257263604
岡田有希子||1891||1891||42||42||0.0222104706504495||0.0222104706504495
ダウンタウンのガキの使いやあらへんで!!の企画||1890||1890||2||2||0.0010582010582010583||0.0010582010582010583
アメリカ合衆国||1886||1886||25||25||0.013255567338282079||0.013255567338282079
若本規夫||1885||1885||22||22||0.011671087533156498||0.011671087533156498
FNNスーパーニュース||1882||1882||9||9||0.004782146652497344||0.004782146652497344
小野大輔||1879||1879||14||14||0.007450771687067589||0.007450771687067589
仮面ライダー||1877||1877||26||26||0.013851891315929675||0.013851891315929675
ハヤテのごとく! (アニメ)||1877||1877||41||41||0.02184336707511987||0.02184336707511987
東海テレビ放送||1875||1875||7||7||0.0037333333333333333||0.0037333333333333333
こちら葛飾区亀有公園前派出所の登場人物||1875||1875||36||36||0.0192||0.0192
中村俊輔||1874||1874||105||105||0.056029882604055496||0.056029882604055496
林原めぐみ||1874||1874||39||39||0.0208110992529349||0.0208110992529349
リンカーン (テレビ番組)||1871||1871||9||9||0.004810261892036344||0.004810261892036344
アンパンマン||1871||1871||20||20||0.010689470871191877||0.010689470871191877
青森テレビ||1870||1870||0||0||0.0||0.0
戦国BASARAの登場人物||1870||1870||14||14||0.0074866310160427805||0.0074866310160427805
いきものがかり||1869||1869||98||98||0.052434456928838954||0.052434456928838954
魔法戦隊マジレンジャー||1867||1867||11||11||0.0058918050348152114||0.0058918050348152114
PlayStation Portable||1863||1863||24||24||0.01288244766505636||0.01288244766505636
JR東日本E231系電車||1863||1863||63||63||0.033816425120772944||0.033816425120772944
沢城みゆき||1860||1860||38||38||0.02043010752688172||0.02043010752688172
西日本旅客鉄道||1859||1859||27||27||0.014523937600860678||0.014523937600860678
ポケットモンスター||1858||1858||38||38||0.02045209903121636||0.02045209903121636
緑川光||1855||1855||15||15||0.008086253369272238||0.008086253369272238
千葉県||1855||1855||26||26||0.014016172506738544||0.014016172506738544
F-15 (戦闘機)||1852||1852||24||24||0.012958963282937365||0.012958963282937365
学園アリス||1848||1848||4||4||0.0021645021645021645||0.0021645021645021645
テイルズ オブ ヴェスペリア||1848||1848||51||51||0.027597402597402596||0.027597402597402596
東海道本線||1847||1847||25||25||0.01353546291283162||0.01353546291283162
MOTHER3||1845||1845||5||5||0.0027100271002710027||0.0027100271002710027
アニメ作品一覧||1843||1843||1||1||5.425935973955507E-4||5.425935973955507E-4
保志総一朗||1835||1835||15||15||0.008174386920980926||0.008174386920980926
帰ってきたウルトラマン||1835||1835||26||26||0.014168937329700272||0.014168937329700272
韓国起源説||1829||1829||109||109||0.059595407326407876||0.059595407326407876
アイシールド21の登場人物||1827||1827||10||10||0.005473453749315818||0.005473453749315818
関ジャニ∞||1827||1827||16||16||0.00875752599890531||0.00875752599890531
Saku saku||1826||1826||7||7||0.0038335158817086527||0.0038335158817086527
おたく||1822||1822||65||65||0.03567508232711306||0.03567508232711306
魔法先生ネギま!の登場人物||1819||1819||22||22||0.012094557449147883||0.012094557449147883
モンキー・D・ルフィ||1818||1818||84||84||0.0462046204620462||0.0462046204620462
札幌市||1818||1818||76||76||0.041804180418041806||0.041804180418041806
風林火山 (NHK大河ドラマ)||1816||1816||29||29||0.015969162995594713||0.015969162995594713
松田聖子||1813||1813||38||38||0.020959735245449532||0.020959735245449532
絶対可憐チルドレン||1810||1810||21||21||0.011602209944751382||0.011602209944751382
ドラゴンクエストV 天空の花嫁||1806||1806||14||14||0.007751937984496124||0.007751937984496124
島田紳助||1803||1803||64||64||0.03549639489739324||0.03549639489739324
神戸市||1802||1802||19||19||0.010543840177580466||0.010543840177580466
ダウンタウン (お笑いコンビ)||1799||1799||19||19||0.010561423012784881||0.010561423012784881
めだかボックス||1798||1798||59||59||0.03281423804226919||0.03281423804226919
Mr.Children||1798||1798||31||31||0.017241379310344827||0.017241379310344827
本田技研工業||1795||1795||17||17||0.00947075208913649||0.00947075208913649
テレビ朝日||1795||1795||11||11||0.006128133704735376||0.006128133704735376
グルメチキンレース・ゴチになります!||1793||1793||15||15||0.008365867261572783||0.008365867261572783
ゲゲゲの鬼太郎の登場キャラクター/history20190113||1792||1792||8||8||0.004464285714285714||0.004464285714285714
戦国無双シリーズ||1792||1792||6||6||0.0033482142857142855||0.0033482142857142855
渋谷駅||1790||1790||16||16||0.008938547486033519||0.008938547486033519
アドルフ・ヒトラー||1787||1787||26||26||0.014549524342473419||0.014549524342473419
日本プロ野球||1786||1786||31||31||0.017357222844344905||0.017357222844344905
東京都立日比谷高等学校||1786||1786||15||15||0.0083986562150056||0.0083986562150056
日本大学||1784||1784||32||32||0.017937219730941704||0.017937219730941704
野比のび太||1782||1782||50||50||0.028058361391694726||0.028058361391694726
マリオ (ゲームキャラクター)||1782||1782||23||23||0.012906846240179574||0.012906846240179574
横浜駅||1780||1780||16||16||0.008988764044943821||0.008988764044943821
中川翔子||1779||1779||60||60||0.03372681281618887||0.03372681281618887
東京箱根間往復大学駅伝競走||1778||1778||9||9||0.005061867266591676||0.005061867266591676
小池徹平||1778||1778||11||11||0.006186726659167604||0.006186726659167604
新庄剛志||1778||1778||16||16||0.008998875140607425||0.008998875140607425
クイズマジックアカデミー||1776||1776||11||11||0.006193693693693694||0.006193693693693694
おかあさんといっしょ||1775||1775||30||30||0.016901408450704224||0.016901408450704224
仮面ライダーディケイド||1775||1775||69||69||0.038873239436619716||0.038873239436619716
シャーリー・テンプル||1773||1773||0||0||0.0||0.0
八王子市||1772||1772||11||11||0.006207674943566591||0.006207674943566591
常磐線||1771||1771||14||14||0.007905138339920948||0.007905138339920948
ハートキャッチプリキュア!||1765||1765||40||40||0.0226628895184136||0.0226628895184136
FOMA||1763||1763||1||1||5.672149744753262E-4||5.672149744753262E-4
ICOCA||1760||1760||31||31||0.017613636363636363||0.017613636363636363
戊辰戦争||1760||1760||36||36||0.020454545454545454||0.020454545454545454
福島第一原子力発電所事故||1759||1759||41||41||0.023308698123934053||0.023308698123934053
近畿日本鉄道||1758||1758||18||18||0.010238907849829351||0.010238907849829351
福山雅治||1757||1757||24||24||0.013659647125782584||0.013659647125782584
松本潤||1752||1752||45||45||0.025684931506849314||0.025684931506849314
宮野真守||1752||1752||12||12||0.00684931506849315||0.00684931506849315
龍馬伝||1749||1749||73||73||0.04173813607775872||0.04173813607775872
BB戦士三国伝||1748||1748||25||25||0.014302059496567507||0.014302059496567507
MAJOR||1745||1745||17||17||0.009742120343839542||0.009742120343839542
東急東横線||1745||1745||43||43||0.02464183381088825||0.02464183381088825
名古屋鉄道||1745||1745||16||16||0.009169054441260744||0.009169054441260744
訃報 2009年||1745||1745||8||8||0.004584527220630372||0.004584527220630372
名古屋テレビ放送||1743||1743||1||1||5.737234652897303E-4||5.737234652897303E-4
テイルズ オブ シンフォニア||1743||1743||7||7||0.004016064257028112||0.004016064257028112
暴れん坊将軍||1742||1742||7||7||0.004018369690011481||0.004018369690011481
長澤まさみ||1742||1742||60||60||0.03444316877152698||0.03444316877152698
とんねるずのみなさんのおかげでした||1741||1741||7||7||0.00402067777139575||0.00402067777139575
スーパー戦隊シリーズ登場敵対勢力一覧||1741||1741||66||66||0.03790924755887421||0.03790924755887421
中村悠一||1740||1740||24||24||0.013793103448275862||0.013793103448275862
実況パワフルプロ野球||1737||1737||12||12||0.0069084628670120895||0.0069084628670120895
吉本総合芸能学院||1737||1737||5||5||0.0028785261945883708||0.0028785261945883708
2ちゃんねらー||1736||1736||32||32||0.018433179723502304||0.018433179723502304
中央線快速||1736||1736||26||26||0.014976958525345621||0.014976958525345621
るろうに剣心 -明治剣客浪漫譚-の登場人物一覧||1735||1735||26||26||0.014985590778097982||0.014985590778097982
手塚治虫||1731||1731||19||19||0.01097631426920855||0.01097631426920855
アダルトゲーム一覧||1731||1731||5||5||0.0028885037550548816||0.0028885037550548816
タモリ倶楽部||1730||1730||5||5||0.002890173410404624||0.002890173410404624
ウルトラマンティガ||1729||1729||17||17||0.009832272990167727||0.009832272990167727
ディープインパクト (競走馬)||1728||1728||25||25||0.014467592592592593||0.014467592592592593
テレビ北海道||1726||1726||10||10||0.005793742757821553||0.005793742757821553
広島東洋カープ||1725||1725||39||39||0.022608695652173914||0.022608695652173914
徳光和夫||1724||1724||18||18||0.010440835266821345||0.010440835266821345
アニメシャワー||1720||1720||2||2||0.0011627906976744186||0.0011627906976744186
HUNTER×HUNTERの登場人物||1719||1719||16||16||0.009307737056428156||0.009307737056428156
オリックス・バファローズ||1715||1715||14||14||0.00816326530612245||0.00816326530612245
飛田展男||1714||1714||20||20||0.011668611435239206||0.011668611435239206
賭博黙示録カイジ||1714||1714||14||14||0.008168028004667444||0.008168028004667444
関智一||1713||1713||19||19||0.011091652072387624||0.011091652072387624
茨城県||1713||1713||34||34||0.0198482194979568||0.0198482194979568
ポケットモンスターSPECIAL||1712||1712||26||26||0.015186915887850467||0.015186915887850467
上地雄輔||1712||1712||52||52||0.030373831775700934||0.030373831775700934
昭和天皇||1711||1711||15||15||0.008766803039158387||0.008766803039158387
サザンオールスターズ||1707||1707||19||19||0.011130638547158758||0.011130638547158758
バカとテストと召喚獣||1707||1707||22||22||0.012888107791446984||0.012888107791446984
東京メトロポリタンテレビジョン||1706||1706||9||9||0.005275498241500586||0.005275498241500586
L'Arc〜en〜Ciel||1704||1704||14||14||0.008215962441314555||0.008215962441314555
岸尾だいすけ||1703||1703||4||4||0.002348796241926013||0.002348796241926013
笑点Jr.||1703||1703||9||9||0.005284791544333529||0.005284791544333529
モンスターハンター||1702||1702||41||41||0.02408930669800235||0.02408930669800235
きらりん☆レボリューション||1700||1700||16||16||0.009411764705882352||0.009411764705882352
あぶない刑事||1699||1699||3||3||0.0017657445556209534||0.0017657445556209534
テイルズ オブ シリーズの術技形態||1699||1699||2||2||0.0011771630370806356||0.0011771630370806356
ドラえもんの登場人物一覧||1697||1697||28||28||0.016499705362404242||0.016499705362404242
星野仙一||1695||1695||28||28||0.016519174041297935||0.016519174041297935
中居正広||1694||1694||36||36||0.021251475796930343||0.021251475796930343
大泉洋||1692||1692||20||20||0.01182033096926714||0.01182033096926714
ひだまりスケッチ||1692||1692||25||25||0.014775413711583925||0.014775413711583925
イチロー||1692||1692||74||74||0.04373522458628842||0.04373522458628842
池袋駅||1692||1692||14||14||0.008274231678486997||0.008274231678486997
ロンドンハーツ||1691||1691||12||12||0.007096392667060911||0.007096392667060911
地上デジタルテレビ放送||1689||1689||14||14||0.008288928359976317||0.008288928359976317
中日ドラゴンズ||1688||1688||15||15||0.008886255924170616||0.008886255924170616
ムヒョとロージーの魔法律相談事務所||1688||1688||6||6||0.0035545023696682463||0.0035545023696682463
スッキリ (テレビ番組)||1688||1688||8||8||0.004739336492890996||0.004739336492890996
機動戦士ガンダムSEEDの登場人物||1688||1688||13||13||0.007701421800947867||0.007701421800947867
東方Projectの登場人物||1688||1688||68||68||0.04028436018957346||0.04028436018957346
鋼の錬金術師||1687||1687||39||39||0.023117960877296978||0.023117960877296978
自殺||1687||1687||29||29||0.017190278601066984||0.017190278601066984
ASIAN KUNG-FU GENERATION||1682||1682||9||9||0.00535077288941736||0.00535077288941736
魔人探偵脳噛ネウロの登場人物||1681||1681||6||6||0.003569303985722784||0.003569303985722784
仮面ライダー龍騎||1679||1679||17||17||0.01012507444907683||0.01012507444907683
JR西日本223系電車||1679||1679||34||34||0.02025014889815366||0.02025014889815366
日本の高校野球||1679||1679||27||27||0.016081000595592615||0.016081000595592615
帝京大学||1677||1677||16||16||0.009540846750149075||0.009540846750149075
コンビニATM||1675||1675||5||5||0.0029850746268656717||0.0029850746268656717
仮面ライダークウガ||1674||1674||27||27||0.016129032258064516||0.016129032258064516
クイズ$ミリオネア||1673||1673||8||8||0.004781829049611476||0.004781829049611476
夜のヒットスタジオ||1673||1673||2||2||0.001195457262402869||0.001195457262402869
日本大学の人物一覧||1672||1672||5||5||0.0029904306220095694||0.0029904306220095694
山寺宏一||1669||1669||13||13||0.007789095266626723||0.007789095266626723
福井放送||1668||1668||3||3||0.0017985611510791368||0.0017985611510791368
札幌テレビ放送||1667||1667||6||6||0.003599280143971206||0.003599280143971206
初音ミク||1666||1666||70||70||0.04201680672268908||0.04201680672268908
スーパー戦隊Vシネマ||1663||1663||13||13||0.007817197835237523||0.007817197835237523
大塚明夫||1663||1663||6||6||0.0036079374624173183||0.0036079374624173183
京阪本線||1662||1662||13||13||0.007821901323706379||0.007821901323706379
中国放送||1662||1662||0||0||0.0||0.0
一橋大学の人物一覧||1662||1662||10||10||0.006016847172081829||0.006016847172081829
ふたりはプリキュア||1661||1661||30||30||0.018061408789885613||0.018061408789885613
鳥人戦隊ジェットマン||1660||1660||16||16||0.00963855421686747||0.00963855421686747
仮面ライダーSPIRITS||1659||1659||7||7||0.004219409282700422||0.004219409282700422
新日本プロレス/history20160321||1657||1657||3||3||0.0018105009052504525||0.0018105009052504525
スーパーJチャンネル||1655||1655||9||9||0.005438066465256798||0.005438066465256798
花ざかりの君たちへ||1654||1654||15||15||0.009068923821039904||0.009068923821039904
東條英機||1652||1652||40||40||0.024213075060532687||0.024213075060532687
テイルズ オブ シリーズ||1652||1652||30||30||0.018159806295399514||0.018159806295399514
オレたちひょうきん族||1651||1651||19||19||0.01150817686250757||0.01150817686250757
置鮎龍太郎||1650||1650||16||16||0.009696969696969697||0.009696969696969697
国鉄201系電車||1649||1649||58||58||0.0351728320194057||0.0351728320194057
バクマン。||1647||1647||39||39||0.023679417122040074||0.023679417122040074
福岡市||1647||1647||17||17||0.010321797207043109||0.010321797207043109
死刑存廃問題||1646||1646||26||26||0.015795868772782502||0.015795868772782502
鳩山由紀夫||1644||1644||99||99||0.060218978102189784||0.060218978102189784
おおきく振りかぶって||1642||1642||11||11||0.006699147381242387||0.006699147381242387
テレビ東京番組一覧||1642||1642||1||1||6.090133982947625E-4||6.090133982947625E-4
日本の城一覧||1641||1641||5||5||0.0030469226081657527||0.0030469226081657527
ザ・ベストテン||1641||1641||4||4||0.002437538086532602||0.002437538086532602
深夜アニメ||1641||1641||6||6||0.003656307129798903||0.003656307129798903
うたばん||1640||1640||20||20||0.012195121951219513||0.012195121951219513
讀賣テレビ放送||1638||1638||13||13||0.007936507936507936||0.007936507936507936
関西テレビ放送||1637||1637||6||6||0.0036652412950519244||0.0036652412950519244
脳内エステ IQサプリ||1637||1637||14||14||0.00855222968845449||0.00855222968845449
2009年新型インフルエンザの世界的流行||1637||1637||35||35||0.021380574221136223||0.021380574221136223
ゲームセンターCXの放送内容||1637||1637||11||11||0.006719609040928528||0.006719609040928528
橋下徹||1635||1635||39||39||0.023853211009174313||0.023853211009174313
太陽にほえろ!||1632||1632||4||4||0.0024509803921568627||0.0024509803921568627
ラグナロクオンライン||1632||1632||3||3||0.001838235294117647||0.001838235294117647
頭文字D||1630||1630||12||12||0.007361963190184049||0.007361963190184049
岐阜放送||1630||1630||5||5||0.003067484662576687||0.003067484662576687
新世紀エヴァンゲリオンの登場人物||1630||1630||13||13||0.007975460122699387||0.007975460122699387
ソウルイーター||1630||1630||11||11||0.006748466257668712||0.006748466257668712
SMAP×SMAP||1629||1629||10||10||0.006138735420503376||0.006138735420503376
天地人 (NHK大河ドラマ)||1629||1629||58||58||0.03560466543891958||0.03560466543891958
パナソニック||1629||1629||20||20||0.012277470841006752||0.012277470841006752
伊集院光||1625||1625||3||3||0.0018461538461538461||0.0018461538461538461
静岡放送||1624||1624||6||6||0.003694581280788177||0.003694581280788177
メインページ||1624||1624||5||5||0.003078817733990148||0.003078817733990148
松浦亜弥||1623||1623||25||25||0.015403573629081947||0.015403573629081947
瀬戸内海放送||1622||1622||5||5||0.0030826140567200987||0.0030826140567200987
日本の女優一覧||1622||1622||7||7||0.004315659679408138||0.004315659679408138
朝鮮民主主義人民共和国||1620||1620||76||76||0.04691358024691358||0.04691358024691358
ORANGE RANGE||1620||1620||49||49||0.030246913580246913||0.030246913580246913
ザ・キング・オブ・ファイターズの登場人物||1618||1618||7||7||0.004326328800988875||0.004326328800988875
北日本放送||1616||1616||10||10||0.006188118811881188||0.006188118811881188
日本のラジオパーソナリティ一覧||1616||1616||4||4||0.0024752475247524753||0.0024752475247524753
鋼の錬金術師の主要な登場人物||1614||1614||49||49||0.030359355638166045||0.030359355638166045
ウルトラマンメビウスの登場怪獣||1614||1614||2||2||0.0012391573729863693||0.0012391573729863693
大塚愛||1613||1613||52||52||0.032238065716057036||0.032238065716057036
ONE PIECE||1612||1612||186||186||0.11538461538461539||0.11538461538461539
JR東日本209系電車||1611||1611||98||98||0.06083178150217256||0.06083178150217256
小笠原道大||1609||1609||45||45||0.027967681789931635||0.027967681789931635
テレビ愛知||1607||1607||10||10||0.006222775357809583||0.006222775357809583
エア・ギア||1607||1607||3||3||0.001866832607342875||0.001866832607342875
日立 世界・ふしぎ発見!||1607||1607||17||17||0.010578718108276292||0.010578718108276292
FAIRY TAILの登場人物||1607||1607||41||41||0.02551337896701929||0.02551337896701929
ラジオ・チャリティー・ミュージックソン||1607||1607||4||4||0.002489110143123833||0.002489110143123833
テレビ大阪||1606||1606||8||8||0.0049813200498132005||0.0049813200498132005
ニコニコ動画||1603||1603||33||33||0.020586400499064253||0.020586400499064253
2010年のテレビ (日本)||1603||1603||7||7||0.004366812227074236||0.004366812227074236
るろうに剣心 -明治剣客浪漫譚-||1601||1601||8||8||0.004996876951905059||0.004996876951905059
井上喜久子||1600||1600||14||14||0.00875||0.00875
レミオロメン||1599||1599||21||21||0.013133208255159476||0.013133208255159476
京阪電気鉄道||1599||1599||14||14||0.008755472170106316||0.008755472170106316
横浜市||1599||1599||19||19||0.011882426516572859||0.011882426516572859
兵庫県出身の人物一覧||1598||1598||6||6||0.0037546933667083854||0.0037546933667083854
仮面ライダー剣||1597||1597||21||21||0.013149655604257984||0.013149655604257984
ローゼンメイデンの登場人物一覧||1595||1595||26||26||0.016300940438871474||0.016300940438871474
安倍晋三||1595||1595||30||30||0.018808777429467086||0.018808777429467086
天皇||1594||1594||57||57||0.035759096612296114||0.035759096612296114
萌え||1594||1594||28||28||0.01756587202007528||0.01756587202007528
コードギアスシリーズの登場人物||1594||1594||8||8||0.005018820577164366||0.005018820577164366
ニンテンドーDSのゲームタイトル一覧||1593||1593||9||9||0.005649717514124294||0.005649717514124294
チュートリアル (お笑いコンビ)||1591||1591||8||8||0.00502828409805154||0.00502828409805154
News zero||1591||1591||34||34||0.021370207416719043||0.021370207416719043
ニート||1591||1591||12||12||0.00754242614707731||0.00754242614707731
トヨタ・カローラ||1590||1590||15||15||0.009433962264150943||0.009433962264150943
くりぃむナントカ||1588||1588||7||7||0.004408060453400504||0.004408060453400504
小室哲哉||1588||1588||14||14||0.008816120906801008||0.008816120906801008
テレビ埼玉||1587||1587||7||7||0.004410838059231254||0.004410838059231254
中田英寿||1586||1586||21||21||0.013240857503152586||0.013240857503152586
ゆず (音楽グループ)||1585||1585||14||14||0.008832807570977918||0.008832807570977918
東京国際空港||1585||1585||28||28||0.017665615141955835||0.017665615141955835
ARIA (漫画)||1579||1579||21||21||0.013299556681443952||0.013299556681443952
安田章大||1579||1579||2||2||0.001266624445851805||0.001266624445851805
アメリカ同時多発テロ事件||1577||1577||18||18||0.011414077362079899||0.011414077362079899
デビルメイクライシリーズ||1577||1577||16||16||0.010145846544071021||0.010145846544071021
ネコ||1577||1577||66||66||0.04185161699429296||0.04185161699429296
立命館大学||1577||1577||31||31||0.019657577679137603||0.019657577679137603
熊本市||1577||1577||22||22||0.013950538998097653||0.013950538998097653
Suica||1575||1575||47||47||0.029841269841269842||0.029841269841269842
相模原市||1575||1575||14||14||0.008888888888888889||0.008888888888888889
豊臣秀吉||1574||1574||51||51||0.032401524777636595||0.032401524777636595
トランスフォーマー/リベンジ||1573||1573||14||14||0.008900190718372537||0.008900190718372537
仮面ライダーアギト||1572||1572||20||20||0.01272264631043257||0.01272264631043257
井上聡||1571||1571||14||14||0.008911521323997454||0.008911521323997454
北九州市||1569||1569||26||26||0.0165710643722116||0.0165710643722116
盛岡市||1565||1565||5||5||0.003194888178913738||0.003194888178913738
前田敦子||1565||1565||156||156||0.09968051118210862||0.09968051118210862
金沢市||1562||1562||8||8||0.005121638924455826||0.005121638924455826
ラーメン||1562||1562||35||35||0.02240717029449424||0.02240717029449424
SKET DANCE||1562||1562||39||39||0.02496798975672215||0.02496798975672215
北斗の拳の登場人物一覧||1561||1561||6||6||0.003843689942344651||0.003843689942344651
青森県出身の人物一覧||1561||1561||1||1||6.406149903907751E-4||6.406149903907751E-4
江頭2:50||1556||1556||31||31||0.01992287917737789||0.01992287917737789
リンカーンの企画・コーナー||1555||1555||1||1||6.430868167202572E-4||6.430868167202572E-4
1982年||1553||1553||3||3||0.0019317450096587251||0.0019317450096587251
大阪府||1553||1553||33||33||0.021249195106245976||0.021249195106245976
GANTZ||1551||1551||19||19||0.012250161186331399||0.012250161186331399
護廷十三隊||1551||1551||15||15||0.009671179883945842||0.009671179883945842
東京ドーム||1550||1550||19||19||0.012258064516129033||0.012258064516129033
堂本光一||1550||1550||8||8||0.005161290322580645||0.005161290322580645
豊橋市||1550||1550||15||15||0.00967741935483871||0.00967741935483871
川澄綾子||1549||1549||13||13||0.008392511297611363||0.008392511297611363
クレヨンしんちゃん (アニメ)||1546||1546||26||26||0.016817593790426907||0.016817593790426907
ローソン||1545||1545||5||5||0.003236245954692557||0.003236245954692557
ウルトラマンダイナの登場怪獣||1545||1545||8||8||0.005177993527508091||0.005177993527508091
東武伊勢崎線||1543||1543||14||14||0.009073233959818535||0.009073233959818535
真選組||1542||1542||4||4||0.0025940337224383916||0.0025940337224383916
広島ホームテレビ||1538||1538||1||1||6.501950585175553E-4||6.501950585175553E-4
PASMO||1538||1538||32||32||0.02080624187256177||0.02080624187256177
カードキャプターさくら||1537||1537||23||23||0.014964216005204945||0.014964216005204945
ウルトラマンタロウ||1534||1534||16||16||0.010430247718383311||0.010430247718383311
電脳コイル||1533||1533||10||10||0.006523157208088715||0.006523157208088715
ニンテンドーDS||1532||1532||21||21||0.01370757180156658||0.01370757180156658
ウルトラセブン||1531||1531||26||26||0.016982364467668192||0.016982364467668192
松本市||1530||1530||9||9||0.0058823529411764705||0.0058823529411764705
創価学会||1530||1530||146||146||0.09542483660130718||0.09542483660130718
魔法少女まどか☆マギカ||1529||1529||64||64||0.041857423152387184||0.041857423152387184
RSK山陽放送||1528||1528||2||2||0.0013089005235602095||0.0013089005235602095
ベトナム戦争||1526||1526||12||12||0.007863695937090432||0.007863695937090432
山口勝平||1526||1526||18||18||0.011795543905635648||0.011795543905635648
日本のアナウンサー一覧||1526||1526||6||6||0.003931847968545216||0.003931847968545216
太平洋戦争||1525||1525||34||34||0.022295081967213116||0.022295081967213116
電車でGO!||1523||1523||27||27||0.01772816808929744||0.01772816808929744
エフエム東京||1522||1522||0||0||0.0||0.0
上杉謙信||1522||1522||57||57||0.03745072273324573||0.03745072273324573
逸見政孝||1520||1520||3||3||0.001973684210526316||0.001973684210526316
ドイツ||1519||1519||32||32||0.02106649111257406||0.02106649111257406
中京テレビ放送||1518||1518||5||5||0.0032938076416337285||0.0032938076416337285
蒼天航路||1517||1517||70||70||0.04614370468029005||0.04614370468029005
水戸黄門 (第31-38部)||1517||1517||22||22||0.014502307185234015||0.014502307185234015
おはスタ||1515||1515||16||16||0.010561056105610561||0.010561056105610561
ルパン三世||1513||1513||13||13||0.008592200925313946||0.008592200925313946
Oha!4 NEWS LIVE||1513||1513||12||12||0.007931262392597489||0.007931262392597489
釧路市||1513||1513||4||4||0.0026437541308658294||0.0026437541308658294
美少女戦士セーラームーンの登場人物||1512||1512||11||11||0.007275132275132275||0.007275132275132275
サンフレッチェ広島F.C||1511||1511||13||13||0.008603573792190603||0.008603573792190603
日本の男優一覧||1511||1511||7||7||0.004632693580410324||0.004632693580410324
ポーランド||1507||1507||5||5||0.0033178500331785005||0.0033178500331785005
堂本剛||1507||1507||6||6||0.003981420039814201||0.003981420039814201
必殺シリーズ||1504||1504||16||16||0.010638297872340425||0.010638297872340425
24 -TWENTY FOUR-||1503||1503||10||10||0.00665335994677312||0.00665335994677312
三木眞一郎||1501||1501||7||7||0.004663557628247834||0.004663557628247834
コサキンDEワァオ!||1500||1500||5||5||0.0033333333333333335||0.0033333333333333335
MAR (漫画)||1500||1500||7||7||0.004666666666666667||0.004666666666666667
日産・スカイライン||1500||1500||16||16||0.010666666666666666||0.010666666666666666
みつどもえ||1499||1499||14||14||0.009339559706470981||0.009339559706470981
玄田哲章||1497||1497||16||16||0.01068804275217101||0.01068804275217101
国鉄115系電車||1497||1497||27||27||0.018036072144288578||0.018036072144288578
山口放送||1494||1494||3||3||0.002008032128514056||0.002008032128514056
吉本興業||1493||1493||19||19||0.012726054922973878||0.012726054922973878
中井正広のブラックバラエティ||1492||1492||3||3||0.0020107238605898124||0.0020107238605898124
東北新幹線||1492||1492||22||22||0.014745308310991957||0.014745308310991957
遊☆戯☆王デュエルモンスターズGX||1492||1492||12||12||0.00804289544235925||0.00804289544235925
とんねるず||1491||1491||8||8||0.0053655264922870555||0.0053655264922870555
山陽新幹線||1491||1491||18||18||0.012072434607645875||0.012072434607645875
小西克幸||1490||1490||13||13||0.0087248322147651||0.0087248322147651
金妍兒||1489||1489||136||136||0.0913364674278039||0.0913364674278039
仮面ライダー響鬼||1488||1488||9||9||0.006048387096774193||0.006048387096774193
NEWS23||1487||1487||29||29||0.019502353732347006||0.019502353732347006
ゲイ用語||1485||1485||6||6||0.00404040404040404||0.00404040404040404
Fate/stay night||1484||1484||13||13||0.00876010781671159||0.00876010781671159
ロザリオとバンパイア||1480||1480||40||40||0.02702702702702703||0.02702702702702703
名探偵コナン||1478||1478||17||17||0.011502029769959404||0.011502029769959404
ちびまる子ちゃん||1476||1476||23||23||0.015582655826558265||0.015582655826558265
阪和線||1475||1475||22||22||0.014915254237288136||0.014915254237288136
朴ロ美||1475||1475||21||21||0.01423728813559322||0.01423728813559322
京成電鉄||1475||1475||17||17||0.01152542372881356||0.01152542372881356
岡村隆史||1475||1475||11||11||0.007457627118644068||0.007457627118644068
埼玉県出身の人物一覧||1475||1475||8||8||0.005423728813559322||0.005423728813559322
涼宮ハルヒシリーズの登場人物||1475||1475||82||82||0.05559322033898305||0.05559322033898305
西武鉄道||1471||1471||19||19||0.01291638341264446||0.01291638341264446
日本の女性専用車両||1468||1468||40||40||0.027247956403269755||0.027247956403269755
日本||1468||1468||194||194||0.13215258855585832||0.13215258855585832
福島テレビ||1467||1467||3||3||0.002044989775051125||0.002044989775051125
筋肉番付シリーズ||1466||1466||2||2||0.001364256480218281||0.001364256480218281
CLAYMORE||1466||1466||0||0||0.0||0.0
武豊||1466||1466||37||37||0.0252387448840382||0.0252387448840382
クロノス (テレビ番組)||1464||1464||6||6||0.004098360655737705||0.004098360655737705
伊藤静||1464||1464||18||18||0.012295081967213115||0.012295081967213115
同性愛||1464||1464||58||58||0.03961748633879782||0.03961748633879782
NON STYLE||1463||1463||33||33||0.022556390977443608||0.022556390977443608
小林ゆう||1462||1462||34||34||0.023255813953488372||0.023255813953488372
To LOVEる -とらぶる-||1460||1460||27||27||0.018493150684931507||0.018493150684931507
エホバの証人||1460||1460||51||51||0.03493150684931507||0.03493150684931507
松任谷由実||1459||1459||9||9||0.00616860863605209||0.00616860863605209
ビートたけし||1458||1458||31||31||0.021262002743484224||0.021262002743484224
宮崎駿||1457||1457||20||20||0.013726835964310227||0.013726835964310227
戯言シリーズ||1456||1456||10||10||0.006868131868131868||0.006868131868131868
NARUTO -ナルト-の術||1456||1456||17||17||0.011675824175824176||0.011675824175824176
ドラゴンクエストIX 星空の守り人||1456||1456||30||30||0.020604395604395604||0.020604395604395604
テイルズ オブ デスティニー||1453||1453||4||4||0.0027529249827942187||0.0027529249827942187
ビーイング||1452||1452||11||11||0.007575757575757576||0.007575757575757576
ナインティナイン||1451||1451||18||18||0.012405237767057202||0.012405237767057202
一覧の一覧||1450||1450||6||6||0.004137931034482759||0.004137931034482759
新垣結衣||1450||1450||60||60||0.041379310344827586||0.041379310344827586
連続テレビ小説||1447||1447||9||9||0.006219765031098825||0.006219765031098825
福岡県||1447||1447||15||15||0.010366275051831375||0.010366275051831375
ZARD||1447||1447||13||13||0.008984105044920525||0.008984105044920525
地獄少女||1445||1445||17||17||0.011764705882352941||0.011764705882352941
小田急小田原線||1444||1444||18||18||0.012465373961218837||0.012465373961218837
大倉忠義||1444||1444||8||8||0.00554016620498615||0.00554016620498615
高崎市||1444||1444||5||5||0.0034626038781163434||0.0034626038781163434
東海旅客鉄道||1444||1444||25||25||0.01731301939058172||0.01731301939058172
キリスト教||1443||1443||38||38||0.026334026334026334||0.026334026334026334
ハンセン病||1443||1443||4||4||0.002772002772002772||0.002772002772002772
やじうまプラス||1443||1443||9||9||0.006237006237006237||0.006237006237006237
手越祐也||1443||1443||20||20||0.01386001386001386||0.01386001386001386
近畿方言||1443||1443||27||27||0.018711018711018712||0.018711018711018712
埼玉県||1443||1443||17||17||0.01178101178101178||0.01178101178101178
クイズプレゼンバラエティー Qさま!!||1442||1442||2||2||0.0013869625520110957||0.0013869625520110957
小清水亜美||1442||1442||30||30||0.020804438280166437||0.020804438280166437
ONE PIECEの用語一覧||1441||1441||103||103||0.07147814018043026||0.07147814018043026
ウルトラマンレオ||1440||1440||31||31||0.021527777777777778||0.021527777777777778
国鉄205系電車||1440||1440||61||61||0.04236111111111111||0.04236111111111111
鉄道ファン||1440||1440||27||27||0.01875||0.01875
特殊急襲部隊||1437||1437||11||11||0.007654836464857342||0.007654836464857342
XXXHOLiC||1437||1437||7||7||0.0048712595685455815||0.0048712595685455815
日本レコード大賞||1436||1436||11||11||0.00766016713091922||0.00766016713091922
ヴィジュアル系||1436||1436||17||17||0.011838440111420613||0.011838440111420613
長寿番組の一覧||1435||1435||8||8||0.005574912891986063||0.005574912891986063
ヨシフ・スターリン||1434||1434||10||10||0.00697350069735007||0.00697350069735007
岩手県出身の人物一覧||1433||1433||0||0||0.0||0.0
宝塚歌劇団||1432||1432||9||9||0.006284916201117319||0.006284916201117319
テレビせとうち||1432||1432||1||1||6.983240223463687E-4||6.983240223463687E-4
読売ジャイアンツの選手一覧||1432||1432||27||27||0.018854748603351956||0.018854748603351956
犬夜叉||1432||1432||24||24||0.01675977653631285||0.01675977653631285
笑福亭鶴瓶||1430||1430||15||15||0.01048951048951049||0.01048951048951049
のだめカンタービレ||1430||1430||9||9||0.006293706293706294||0.006293706293706294
群馬県||1429||1429||5||5||0.0034989503149055285||0.0034989503149055285
西城秀樹||1428||1428||12||12||0.008403361344537815||0.008403361344537815
UVERworld||1427||1427||21||21||0.014716187806587245||0.014716187806587245
幽☆遊☆白書の登場人物一覧||1426||1426||4||4||0.002805049088359046||0.002805049088359046
井上真央||1426||1426||39||39||0.0273492286115007||0.0273492286115007
旭川市||1424||1424||6||6||0.004213483146067416||0.004213483146067416
バンプレストオリジナル||1424||1424||1||1||7.022471910112359E-4||7.022471910112359E-4
法政大学||1422||1422||24||24||0.016877637130801686||0.016877637130801686
お笑いタレント||1421||1421||8||8||0.005629838142153413||0.005629838142153413
訃報 2008年||1420||1420||5||5||0.0035211267605633804||0.0035211267605633804
デジモンクロスウォーズ||1420||1420||12||12||0.008450704225352112||0.008450704225352112
神奈川県出身の人物一覧||1418||1418||6||6||0.004231311706629055||0.004231311706629055
ベガルタ仙台||1417||1417||7||7||0.004940014114326041||0.004940014114326041
ジャッキー・チェン||1417||1417||12||12||0.008468595624558928||0.008468595624558928
落第忍者乱太郎の登場人物||1417||1417||3||3||0.002117148906139732||0.002117148906139732
杉原千畝||1416||1416||5||5||0.0035310734463276836||0.0035310734463276836
香港||1416||1416||12||12||0.00847457627118644||0.00847457627118644
キャプテン翼の登場人物||1414||1414||23||23||0.016265912305516265||0.016265912305516265
フジテレビ番組一覧||1413||1413||3||3||0.0021231422505307855||0.0021231422505307855
FCバルセロナ||1412||1412||4||4||0.0028328611898017||0.0028328611898017
機動戦士ガンダムSEED||1407||1407||25||25||0.017768301350390904||0.017768301350390904
8時だョ!全員集合||1407||1407||7||7||0.004975124378109453||0.004975124378109453
FNSの日||1407||1407||25||25||0.017768301350390904||0.017768301350390904
桑島法子||1404||1404||10||10||0.007122507122507123||0.007122507122507123
東京都||1404||1404||21||21||0.014957264957264958||0.014957264957264958
三重テレビ放送||1403||1403||6||6||0.0042765502494654314||0.0042765502494654314
太田市||1401||1401||3||3||0.0021413276231263384||0.0021413276231263384
小田急電鉄||1400||1400||22||22||0.015714285714285715||0.015714285714285715
JR東日本E233系電車||1400||1400||88||88||0.06285714285714286||0.06285714285714286
熊野神社 (四街道市亀崎)||1400||1400||18||18||0.012857142857142857||0.012857142857142857
大宮駅 (埼玉県)||1399||1399||23||23||0.016440314510364547||0.016440314510364547
BLOODY MONDAY||1399||1399||26||26||0.01858470335954253||0.01858470335954253
東海ラジオ放送||1397||1397||2||2||0.0014316392269148174||0.0014316392269148174
AKBINGO!||1397||1397||61||61||0.043664996420901936||0.043664996420901936
北海道コンサドーレ札幌||1396||1396||18||18||0.012893982808022923||0.012893982808022923
SKE48||1396||1396||58||58||0.04154727793696275||0.04154727793696275
坂本真綾||1394||1394||26||26||0.018651362984218076||0.018651362984218076
To LOVEる -とらぶる-の登場人物||1393||1393||18||18||0.012921751615218953||0.012921751615218953
ニッポン放送番組一覧||1392||1392||5||5||0.0035919540229885057||0.0035919540229885057
テレビ朝日番組一覧||1392||1392||9||9||0.00646551724137931||0.00646551724137931
WWE||1391||1391||5||5||0.0035945363048166786||0.0035945363048166786
レアル・マドリード||1388||1388||15||15||0.010806916426512969||0.010806916426512969
1985年||1387||1387||14||14||0.010093727469358327||0.010093727469358327
魔法少女リリカルなのはシリーズの登場人物||1387||1387||11||11||0.007930785868781542||0.007930785868781542
Blu-ray Disc||1386||1386||10||10||0.007215007215007215||0.007215007215007215
青森朝日放送||1386||1386||0||0||0.0||0.0
志村けん||1386||1386||9||9||0.006493506493506494||0.006493506493506494
2010年||1385||1385||119||119||0.08592057761732852||0.08592057761732852
岡山市||1384||1384||18||18||0.01300578034682081||0.01300578034682081
田中理恵 (声優)||1384||1384||38||38||0.02745664739884393||0.02745664739884393
内村プロデュース||1384||1384||11||11||0.007947976878612716||0.007947976878612716
イギリス||1383||1383||49||49||0.035430224150397684||0.035430224150397684
忍たま乱太郎||1382||1382||10||10||0.00723589001447178||0.00723589001447178
ゼロの使い魔||1381||1381||12||12||0.008689355539464157||0.008689355539464157
つるの剛士||1379||1379||12||12||0.00870195794053662||0.00870195794053662
ファイナルファンタジーXII||1378||1378||9||9||0.006531204644412192||0.006531204644412192
NNN Newsリアルタイム||1377||1377||4||4||0.002904865649963689||0.002904865649963689
横山やすし||1375||1375||5||5||0.0036363636363636364||0.0036363636363636364
東芝||1375||1375||6||6||0.004363636363636364||0.004363636363636364
山手線||1375||1375||18||18||0.01309090909090909||0.01309090909090909
中華人民共和国||1373||1373||17||17||0.012381646030589949||0.012381646030589949
FAIRY TAIL||1373||1373||34||34||0.024763292061179897||0.024763292061179897
仮面ライダーフォーゼ||1372||1372||39||39||0.028425655976676383||0.028425655976676383
森喜朗||1371||1371||25||25||0.01823486506199854||0.01823486506199854
フランス||1371||1371||39||39||0.028446389496717725||0.028446389496717725
岡山放送||1370||1370||1||1||7.2992700729927E-4||7.2992700729927E-4
テレビ山口||1370||1370||3||3||0.0021897810218978104||0.0021897810218978104
金曜ロードSHOW!||1370||1370||8||8||0.00583941605839416||0.00583941605839416
松山市||1369||1369||18||18||0.013148283418553688||0.013148283418553688
水曜どうでしょうの企画||1369||1369||1||1||7.304601899196494E-4||7.304601899196494E-4
交響詩篇エウレカセブン||1369||1369||5||5||0.003652300949598247||0.003652300949598247
中森明菜||1369||1369||28||28||0.020452885317750184||0.020452885317750184
日本三大一覧||1368||1368||23||23||0.016812865497076022||0.016812865497076022
BoA||1368||1368||14||14||0.01023391812865497||0.01023391812865497
メダロット一覧||1368||1368||3||3||0.0021929824561403508||0.0021929824561403508
ツバサ-RESERVoir CHRoNiCLE-||1368||1368||24||24||0.017543859649122806||0.017543859649122806
秋葉原||1368||1368||17||17||0.012426900584795321||0.012426900584795321
ミュージックステーションスーパーライブ||1367||1367||7||7||0.005120702267739576||0.005120702267739576
神のみぞ知るセカイ||1367||1367||29||29||0.02121433796634967||0.02121433796634967
三浦知良||1365||1365||10||10||0.007326007326007326||0.007326007326007326
プロ野球中継||1365||1365||0||0||0.0||0.0
里田まい||1365||1365||43||43||0.0315018315018315||0.0315018315018315
ウルトラマンA||1364||1364||29||29||0.02126099706744868||0.02126099706744868
メイプルストーリー||1364||1364||25||25||0.018328445747800588||0.018328445747800588
ちりとてちん (テレビドラマ)||1364||1364||15||15||0.010997067448680353||0.010997067448680353
VIERA||1363||1363||6||6||0.004402054292002935||0.004402054292002935
ぬらりひょんの孫||1363||1363||11||11||0.008070432868672046||0.008070432868672046
朝日新聞||1362||1362||64||64||0.04698972099853157||0.04698972099853157
埼玉西武ライオンズ||1361||1361||14||14||0.010286554004408524||0.010286554004408524
中央本線||1361||1361||18||18||0.01322556943423953||0.01322556943423953
西日本放送||1360||1360||3||3||0.0022058823529411764||0.0022058823529411764
クラシック音楽の曲名一覧||1359||1359||0||0||0.0||0.0
YouTube||1359||1359||46||46||0.03384841795437822||0.03384841795437822
サザエさん||1359||1359||33||33||0.024282560706401765||0.024282560706401765
NISSAN あ、安部礼司〜BEYOND THE AVERAGE||1358||1358||1||1||7.363770250368188E-4||7.363770250368188E-4
プロレスラー一覧||1357||1357||2||2||0.0014738393515106854||0.0014738393515106854
喫煙||1356||1356||48||48||0.035398230088495575||0.035398230088495575
薮宏太||1355||1355||18||18||0.013284132841328414||0.013284132841328414
四国放送||1354||1354||4||4||0.0029542097488921715||0.0029542097488921715
ベルセルク (漫画)||1354||1354||8||8||0.005908419497784343||0.005908419497784343
銀河英雄伝説||1352||1352||8||8||0.005917159763313609||0.005917159763313609
両津勘吉||1352||1352||38||38||0.028106508875739646||0.028106508875739646
鹿児島市||1351||1351||16||16||0.011843079200592153||0.011843079200592153
井上和彦 (声優)||1351||1351||7||7||0.0051813471502590676||0.0051813471502590676
東京スカイツリー||1351||1351||50||50||0.037009622501850484||0.037009622501850484
ツンデレ||1351||1351||30||30||0.02220577350111029||0.02220577350111029
長野県||1350||1350||20||20||0.014814814814814815||0.014814814814814815
名鉄特急||1350||1350||8||8||0.005925925925925926||0.005925925925925926
仲間由紀恵||1350||1350||7||7||0.005185185185185185||0.005185185185185185
小島よしお||1349||1349||50||50||0.037064492216456635||0.037064492216456635
ZIP!/history20181110||1349||1349||22||22||0.01630837657524092||0.01630837657524092
東武鉄道||1346||1346||15||15||0.011144130757800892||0.011144130757800892
檜山修之||1346||1346||33||33||0.02451708766716196||0.02451708766716196
小田和正||1346||1346||7||7||0.005200594353640416||0.005200594353640416
藤原啓治||1346||1346||7||7||0.005200594353640416||0.005200594353640416
千葉県出身の人物一覧||1346||1346||9||9||0.006686478454680535||0.006686478454680535
京都大学の人物一覧||1346||1346||4||4||0.0029717682020802376||0.0029717682020802376
桑田佳祐||1345||1345||22||22||0.016356877323420074||0.016356877323420074
ジョン・レノン||1343||1343||8||8||0.005956813104988831||0.005956813104988831
茅原実里||1343||1343||19||19||0.014147431124348473||0.014147431124348473
高橋広樹||1342||1342||1||1||7.451564828614009E-4||7.451564828614009E-4
日本のテレビドラマ一覧||1342||1342||1||1||7.451564828614009E-4||7.451564828614009E-4
背番号||1342||1342||30||30||0.022354694485842028||0.022354694485842028
日本選手権シリーズ||1340||1340||11||11||0.008208955223880597||0.008208955223880597
バイオハザードシリーズ||1340||1340||11||11||0.008208955223880597||0.008208955223880597
首都圏新都市鉄道つくばエクスプレス||1340||1340||24||24||0.01791044776119403||0.01791044776119403
大乱闘スマッシュブラザーズシリーズ||1339||1339||13||13||0.009708737864077669||0.009708737864077669
打ち切り||1339||1339||7||7||0.005227781926811053||0.005227781926811053
大田区||1339||1339||4||4||0.002987303958177745||0.002987303958177745
インド||1338||1338||21||21||0.01569506726457399||0.01569506726457399
関俊彦||1338||1338||12||12||0.008968609865470852||0.008968609865470852
A&G 超RADIO SHOW〜アニスパ!〜||1338||1338||9||9||0.006726457399103139||0.006726457399103139
視聴率争い||1338||1338||3||3||0.002242152466367713||0.002242152466367713
IS 〈インフィニット・ストラトス〉||1337||1337||33||33||0.02468212415856395||0.02468212415856395
プロレスリング・ノア||1335||1335||14||14||0.010486891385767791||0.010486891385767791
発車メロディ||1335||1335||6||6||0.0044943820224719105||0.0044943820224719105
零式艦上戦闘機||1334||1334||52||52||0.038980509745127435||0.038980509745127435
地球戦隊ファイブマン||1333||1333||8||8||0.006001500375093774||0.006001500375093774
キン肉マン||1332||1332||11||11||0.008258258258258258||0.008258258258258258
訃報 2011年||1332||1332||5||5||0.0037537537537537537||0.0037537537537537537
新幹線N700系電車||1331||1331||62||62||0.04658151765589782||0.04658151765589782
東北学院大学||1330||1330||2||2||0.0015037593984962407||0.0015037593984962407
真・三國無双シリーズ||1330||1330||21||21||0.015789473684210527||0.015789473684210527
秘密のケンミンSHOW||1328||1328||47||47||0.035391566265060244||0.035391566265060244
ネット右翼||1328||1328||138||138||0.10391566265060241||0.10391566265060241
みなみけ||1327||1327||17||17||0.01281085154483798||0.01281085154483798
ドラゴンボール改||1327||1327||70||70||0.05275056518462698||0.05275056518462698
埼京線||1327||1327||24||24||0.01808590806330068||0.01808590806330068
東北放送||1326||1326||6||6||0.004524886877828055||0.004524886877828055
戦え!超ロボット生命体トランスフォーマー||1326||1326||6||6||0.004524886877828055||0.004524886877828055
全国高校野球選手権大会中継||1326||1326||0||0||0.0||0.0
ダルビッシュ有||1326||1326||49||49||0.03695324283559578||0.03695324283559578
浜田雅功||1325||1325||18||18||0.013584905660377358||0.013584905660377358
北千住駅||1324||1324||14||14||0.010574018126888218||0.010574018126888218
全国高等学校野球選手権大会||1324||1324||8||8||0.006042296072507553||0.006042296072507553
倖田來未||1324||1324||12||12||0.00906344410876133||0.00906344410876133
〈物語〉シリーズ||1323||1323||43||43||0.03250188964474679||0.03250188964474679
ウルトラマンレオの登場怪獣||1322||1322||14||14||0.01059001512859304||0.01059001512859304
アイルトン・セナ||1321||1321||22||22||0.016654049962149888||0.016654049962149888
京都市||1321||1321||19||19||0.014383043149129448||0.014383043149129448
NARUTO -ナルト- 疾風伝||1321||1321||15||15||0.011355034065102196||0.011355034065102196
ゴジラ||1319||1319||11||11||0.008339651250947688||0.008339651250947688
西部警察||1319||1319||1||1||7.58150113722517E-4||7.58150113722517E-4
遊佐浩二||1319||1319||9||9||0.006823351023502654||0.006823351023502654
乃木坂春香の秘密||1319||1319||2||2||0.001516300227445034||0.001516300227445034
ポケットモンスターの登場人物||1319||1319||14||14||0.01061410159211524||0.01061410159211524
ドラゴンクエストIV 導かれし者たち||1318||1318||10||10||0.007587253414264037||0.007587253414264037
杉山紀彰||1318||1318||8||8||0.006069802731411229||0.006069802731411229
SIREN (ゲームソフト)||1317||1317||7||7||0.005315110098709187||0.005315110098709187
船橋市||1317||1317||10||10||0.007593014426727411||0.007593014426727411
中川昭一||1316||1316||51||51||0.03875379939209726||0.03875379939209726
あたしンち||1315||1315||16||16||0.012167300380228136||0.012167300380228136
午後は○○おもいッきりテレビ||1315||1315||5||5||0.0038022813688212928||0.0038022813688212928
シド (バンド)||1315||1315||1||1||7.604562737642585E-4||7.604562737642585E-4
川越市||1313||1313||10||10||0.007616146230007616||0.007616146230007616
公明党||1313||1313||19||19||0.014470677837014471||0.014470677837014471
結界師||1313||1313||11||11||0.008377760853008377||0.008377760853008377
風の谷のナウシカ||1313||1313||9||9||0.006854531607006854||0.006854531607006854
さんまのSUPERからくりTV||1312||1312||13||13||0.009908536585365854||0.009908536585365854
聖闘士星矢||1311||1311||15||15||0.011441647597254004||0.011441647597254004
ウルトラマンガイア||1311||1311||5||5||0.0038138825324180014||0.0038138825324180014
SLAM DUNK||1311||1311||9||9||0.006864988558352402||0.006864988558352402
井上麻里奈||1311||1311||24||24||0.018306636155606407||0.018306636155606407
政令指定都市||1310||1310||32||32||0.024427480916030534||0.024427480916030534
東京メトロ副都心線||1310||1310||40||40||0.030534351145038167||0.030534351145038167
2004年||1310||1310||32||32||0.024427480916030534||0.024427480916030534
爆竜戦隊アバレンジャー||1309||1309||7||7||0.0053475935828877||0.0053475935828877
布袋寅泰||1308||1308||18||18||0.013761467889908258||0.013761467889908258
IPhone||1308||1308||24||24||0.01834862385321101||0.01834862385321101
『ぷっ』すま||1307||1307||9||9||0.006885998469778117||0.006885998469778117
金色のガッシュ!!||1307||1307||2||2||0.001530221882172915||0.001530221882172915
仮面ライダーW FOREVER AtoZ/運命のガイアメモリ||1307||1307||20||20||0.015302218821729151||0.015302218821729151
新婚さんいらっしゃい!||1306||1306||0||0||0.0||0.0
ウルトラマンダイナ||1306||1306||13||13||0.009954058192955589||0.009954058192955589
東急5000系電車 (2代)||1306||1306||90||90||0.06891271056661562||0.06891271056661562
SDガンダムフルカラー劇場||1306||1306||0||0||0.0||0.0
ゼロの使い魔の登場人物||1306||1306||5||5||0.0038284839203675345||0.0038284839203675345
坂本龍馬||1305||1305||22||22||0.01685823754789272||0.01685823754789272
王様のブランチ||1305||1305||14||14||0.010727969348659003||0.010727969348659003
下野紘||1305||1305||12||12||0.009195402298850575||0.009195402298850575
クリスマスの約束||1305||1305||9||9||0.006896551724137931||0.006896551724137931
世にも奇妙な物語||1305||1305||10||10||0.007662835249042145||0.007662835249042145
サイヤ人||1303||1303||27||27||0.02072141212586339||0.02072141212586339
魚津市||1303||1303||9||9||0.006907137375287797||0.006907137375287797
宇都宮線||1303||1303||4||4||0.0030698388334612432||0.0030698388334612432
ウルトラ怪獣一覧||1302||1302||7||7||0.005376344086021506||0.005376344086021506
ゴルゴ13の登場人物||1302||1302||0||0||0.0||0.0
KARA||1302||1302||19||19||0.014592933947772658||0.014592933947772658
阪神甲子園球場||1300||1300||10||10||0.007692307692307693||0.007692307692307693
吉田拓郎||1299||1299||8||8||0.006158583525789068||0.006158583525789068
トランスフォーマー (2007年の映画)||1299||1299||6||6||0.004618937644341801||0.004618937644341801
高崎線||1298||1298||13||13||0.010015408320493066||0.010015408320493066
マリオシリーズ||1298||1298||15||15||0.011556240369799691||0.011556240369799691
ライフ (漫画)||1298||1298||19||19||0.014637904468412942||0.014637904468412942
DARKER THAN BLACK -黒の契約者-||1297||1297||15||15||0.01156515034695451||0.01156515034695451
曲名一覧||1296||1296||1||1||7.716049382716049E-4||7.716049382716049E-4
宮崎あおい||1295||1295||41||41||0.03166023166023166||0.03166023166023166
テレフォンショッキング||1293||1293||3||3||0.002320185614849188||0.002320185614849188
桂歌丸||1293||1293||25||25||0.019334880123743233||0.019334880123743233
京浜急行電鉄||1292||1292||15||15||0.011609907120743035||0.011609907120743035
機動警察パトレイバー||1292||1292||4||4||0.0030959752321981426||0.0030959752321981426
ドラゴンクエストIII そして伝説へ…||1291||1291||10||10||0.0077459333849728895||0.0077459333849728895
携帯電話||1291||1291||21||21||0.016266460108443067||0.016266460108443067
絶体絶命でんぢゃらすじーさん||1291||1291||10||10||0.0077459333849728895||0.0077459333849728895
LIAR GAME||1290||1290||7||7||0.005426356589147287||0.005426356589147287
ROOKIES||1289||1289||49||49||0.03801396431342126||0.03801396431342126
遊☆戯☆王の登場人物||1289||1289||9||9||0.0069821567106283944||0.0069821567106283944
英語||1288||1288||43||43||0.033385093167701864||0.033385093167701864
江〜姫たちの戦国〜||1287||1287||57||57||0.04428904428904429||0.04428904428904429
専修大学の人物一覧||1284||1284||6||6||0.004672897196261682||0.004672897196261682
中華民国||1283||1283||60||60||0.04676539360872954||0.04676539360872954
トヨタ・クラウン||1283||1283||11||11||0.00857365549493375||0.00857365549493375
さいたま市||1283||1283||13||13||0.010132501948558068||0.010132501948558068
ドラゴンクエストVI 幻の大地||1282||1282||26||26||0.0202808112324493||0.0202808112324493
斎賀みつき||1282||1282||2||2||0.0015600624024961||0.0015600624024961
郷里大輔||1282||1282||19||19||0.014820592823712949||0.014820592823712949
中央競馬||1282||1282||6||6||0.0046801872074883||0.0046801872074883
ウルトラマンガイアの登場怪獣||1282||1282||16||16||0.0124804992199688||0.0124804992199688
ジャパン・ニュース・ネットワーク||1281||1281||5||5||0.0039032006245121||0.0039032006245121
2ちゃんねる用語||1281||1281||15||15||0.0117096018735363||0.0117096018735363
機動戦士ガンダム00の登場人物||1281||1281||50||50||0.039032006245121||0.039032006245121
Misono||1281||1281||36||36||0.02810304449648712||0.02810304449648712
山田涼介||1281||1281||25||25||0.0195160031225605||0.0195160031225605
下関市||1280||1280||21||21||0.01640625||0.01640625
YOSHIKI||1280||1280||15||15||0.01171875||0.01171875
オリエンタルラジオ||1279||1279||10||10||0.007818608287724784||0.007818608287724784
松本人志||1278||1278||21||21||0.01643192488262911||0.01643192488262911
ウェザーニュースLiVE||1278||1278||21||21||0.01643192488262911||0.01643192488262911
TXNネットワーク||1277||1277||6||6||0.004698512137823023||0.004698512137823023
任天堂||1276||1276||13||13||0.01018808777429467||0.01018808777429467
台湾||1276||1276||43||43||0.03369905956112853||0.03369905956112853
あずまんが大王||1275||1275||10||10||0.00784313725490196||0.00784313725490196
東武東上本線||1275||1275||19||19||0.014901960784313726||0.014901960784313726
行政書士||1275||1275||22||22||0.017254901960784313||0.017254901960784313
おはよう朝日です||1274||1274||5||5||0.003924646781789639||0.003924646781789639
パチンコ||1273||1273||99||99||0.07776904948939513||0.07776904948939513
彩雲国物語||1273||1273||1||1||7.855459544383347E-4||7.855459544383347E-4
東国原英夫||1273||1273||22||22||0.01728201099764336||0.01728201099764336
スーパーモーニング||1272||1272||5||5||0.003930817610062893||0.003930817610062893
TOHOシネマズ||1272||1272||10||10||0.007861635220125786||0.007861635220125786

