
Page||Recent Revisions||Total Revisions||Recent Reverts||Total Reverts||Recent Contention||Total Contention
海賊戦隊ゴーカイジャー/log20120602||5041||5041||169||169||0.03352509422733584||0.03352509422733584
ONE PIECEの登場人物一覧/log||5010||5010||25||25||0.00499001996007984||0.00499001996007984
名探偵コナンの登場人物/history20180113||4913||4913||159||159||0.0323631182576837||0.0323631182576837
ちちんぷいぷい (テレビ番組)/history20180113||4852||4852||50||50||0.010305028854080791||0.010305028854080791
3年B組金八先生)/history20180113||4832||4832||83||83||0.017177152317880796||0.017177152317880796
SASUKE/history20180113||4826||4826||51||51||0.010567757977621219||0.010567757977621219
青森放送/history20180113||4820||4820||17||17||0.0035269709543568465||0.0035269709543568465
AKB48/log20110116||4789||4789||199||199||0.04155356024222176||0.04155356024222176
海賊 (ONE PIECE)/history20180113||4787||4787||291||291||0.060789638604554||0.060789638604554
イナズマイレブンの登場人物/history20150222||4752||4752||60||60||0.012626262626262626||0.012626262626262626
新日本プロレス/history20160321||4658||4658||32||32||0.006869901245169601||0.006869901245169601
ゲームセンターCX/history20160321||4614||4614||28||28||0.006068487212830516||0.006068487212830516
スーパー戦隊シリーズ/history20160321||4591||4591||77||77||0.016771945109997823||0.016771945109997823
AKB48/history20160321||4587||4587||468||468||0.10202746893394375||0.10202746893394375
相棒/history20150820||4577||4577||186||186||0.04063797247105091||0.04063797247105091
仮面ライダーフォーゼ||4551||4551||96||96||0.02109426499670402||0.02109426499670402
SMAP||4548||4548||195||195||0.04287598944591029||0.04287598944591029
仮面ライダーディケイド/log20091223||4546||4546||174||174||0.03827540695116586||0.03827540695116586
24時間テレビ 「愛は地球を救う」/history20160321||4527||4527||115||115||0.025403136735144688||0.025403136735144688
アニメ版ポケットモンスターの登場人物/history20160321||4513||4513||59||59||0.013073343673831155||0.013073343673831155
ZIP!/history20181110||4486||4486||79||79||0.01761034329023629||0.01761034329023629
仮面ライダー電王/log20080331||4485||4485||26||26||0.005797101449275362||0.005797101449275362
ONE PIECEの登場人物一覧||4398||4398||277||277||0.0629831741700773||0.0629831741700773
相棒の登場人物/history20190113||4389||4389||102||102||0.02323991797676008||0.02323991797676008
情報ライブ ミヤネ屋||4381||4381||57||57||0.013010728144259302||0.013010728144259302
オールスター感謝祭/history20190417||4370||4370||126||126||0.028832951945080093||0.028832951945080093
めざましテレビ/history20190417||4365||4365||61||61||0.013974799541809852||0.013974799541809852
トリコ||4358||4358||109||109||0.025011473152822396||0.025011473152822396
モーニング娘。||4339||4339||146||146||0.03364830606130445||0.03364830606130445
WWEに所属する人物一覧||4336||4336||14||14||0.0032287822878228783||0.0032287822878228783
読売ジャイアンツ||4324||4324||101||101||0.02335800185013876||0.02335800185013876
フジテレビジョン||4307||4307||72||72||0.016716972370559555||0.016716972370559555
銀魂 (アニメ)||4286||4286||20||20||0.004666355576294913||0.004666355576294913
BLEACHの登場人物||4279||4279||57||57||0.013320869362000467||0.013320869362000467
アニメ+/history20190113||4212||4212||20||20||0.004748338081671415||0.004748338081671415
阪神タイガース||4207||4207||123||123||0.029236985975754696||0.029236985975754696
福山潤||4198||4198||167||167||0.039780848022868034||0.039780848022868034
森田一義アワー 笑っていいとも!/log20130117||4178||4178||46||46||0.011010052656773576||0.011010052656773576
けいおん!/log20120612||4172||4172||309||309||0.07406519654841802||0.07406519654841802
Yes!プリキュア5||4156||4156||92||92||0.02213666987487969||0.02213666987487969
銀魂の登場人物一覧||4149||4149||59||59||0.014220294046758255||0.014220294046758255
テレビ東京||4137||4137||74||74||0.01788735798888083||0.01788735798888083
仮面ライダーシリーズ||4092||4092||132||132||0.03225806451612903||0.03225806451612903
舞-乙HiME/log20120619||4089||4089||2||2||4.891171435558817E-4||4.891171435558817E-4
仮面ライダー鎧武/ガイム||4089||4089||120||120||0.029347028613352897||0.029347028613352897
安倍晋三||4080||4080||389||389||0.09534313725490196||0.09534313725490196
めちゃ×2イケてるッ!||4054||4054||100||100||0.0246669955599408||0.0246669955599408
石原慎太郎||4033||4033||133||133||0.03297793206050087||0.03297793206050087
ジャニーズJr.||4025||4025||120||120||0.02981366459627329||0.02981366459627329
ドラゴンボールの登場人物||4007||4007||98||98||0.024457199900174694||0.024457199900174694
銀魂/log20081129||4001||4001||15||15||0.003749062734316421||0.003749062734316421
成田国際空港||3994||3994||58||58||0.014521782674011016||0.014521782674011016
パネルクイズ アタック25||3986||3986||78||78||0.019568489713998997||0.019568489713998997
中部国際空港||3975||3975||52||52||0.013081761006289308||0.013081761006289308
SKE48||3974||3974||189||189||0.04755913437342728||0.04755913437342728
トヨタ自動車||3930||3930||131||131||0.03333333333333333||0.03333333333333333
VS嵐||3928||3928||54||54||0.01374745417515275||0.01374745417515275
新世紀エヴァンゲリオン||3927||3927||113||113||0.028775146422205244||0.028775146422205244
水樹奈々||3894||3894||179||179||0.04596815613764766||0.04596815613764766
パワーパフガールズ||3891||3891||47||47||0.012079157029041377||0.012079157029041377
笑点/log20110201||3890||3890||19||19||0.004884318766066838||0.004884318766066838
2015年のテレビ (日本)||3885||3885||24||24||0.006177606177606178||0.006177606177606178
小沢一郎||3881||3881||157||157||0.04045349136820407||0.04045349136820407
BLEACH/log20080419||3877||3877||20||20||0.005158627805003869||0.005158627805003869
太鼓の達人||3851||3851||78||78||0.020254479356011424||0.020254479356011424
日本航空123便墜落事故||3850||3850||86||86||0.022337662337662337||0.022337662337662337
仮面ライダーW/log20110201||3843||3843||77||77||0.020036429872495445||0.020036429872495445
関西国際空港||3837||3837||38||38||0.009903570497784727||0.009903570497784727
国鉄485系電車||3831||3831||51||51||0.01331245105716523||0.01331245105716523
黒子のバスケ||3825||3825||86||86||0.022483660130718956||0.022483660130718956
奥州市||3804||3804||11||11||0.0028916929547844372||0.0028916929547844372
早稲田大学の人物一覧||3802||3802||28||28||0.007364544976328248||0.007364544976328248
NARUTO -ナルト-の登場人物/log20120612||3800||3800||87||87||0.022894736842105263||0.022894736842105263
アンパンマンの登場人物一覧/log20120613||3798||3798||69||69||0.018167456556082148||0.018167456556082148
ウルトラマンメビウス/log20100825||3792||3792||39||39||0.010284810126582278||0.010284810126582278
明石家さんま||3788||3788||98||98||0.02587117212249208||0.02587117212249208
東京都出身の人物一覧||3787||3787||18||18||0.004753102719831001||0.004753102719831001
ミュージックステーション/log20120615||3784||3784||15||15||0.003964059196617336||0.003964059196617336
モンスターハンターのモンスター一覧||3783||3783||48||48||0.012688342585249802||0.012688342585249802
EXILE/log 20120611||3778||3778||54||54||0.014293276866066702||0.014293276866066702
テレビ神奈川||3777||3777||25||25||0.006619009796134498||0.006619009796134498
平成||3770||3770||81||81||0.021485411140583555||0.021485411140583555
龍が如くシリーズの登場人物||3770||3770||31||31||0.008222811671087533||0.008222811671087533
スーパーJチャンネル||3767||3767||106||106||0.028139102734271303||0.028139102734271303
ナインティナインのオールナイトニッポン||3766||3766||27||27||0.007169410515135422||0.007169410515135422
ドラゴンボール||3764||3764||147||147||0.039054197662061634||0.039054197662061634
広島県出身の人物一覧||3763||3763||6||6||0.0015944724953494552||0.0015944724953494552
獣電戦隊キョウリュウジャー||3760||3760||121||121||0.032180851063829785||0.032180851063829785
明治大学||3758||3758||73||73||0.019425226184140502||0.019425226184140502
銀魂の登場人物一覧/log20080904||3752||3752||3||3||7.995735607675906E-4||7.995735607675906E-4
大喜利 (笑点)||3748||3748||128||128||0.03415154749199573||0.03415154749199573
愛知県出身の人物一覧||3744||3744||32||32||0.008547008547008548||0.008547008547008548
北海道日本ハムファイターズ||3730||3730||67||67||0.017962466487935657||0.017962466487935657
SAMURAI BASEBALL||3729||3729||37||37||0.009922231161169213||0.009922231161169213
サザエさんの登場人物||3723||3723||160||160||0.04297609454740801||0.04297609454740801
機動戦士ガンダム00||3722||3722||81||81||0.021762493283181087||0.021762493283181087
第二次世界大戦/log20120619||3712||3712||37||37||0.009967672413793104||0.009967672413793104
NARUTO -ナルト-||3711||3711||86||86||0.023174346537321477||0.023174346537321477
プリキュアシリーズ||3709||3709||177||177||0.0477217578862227||0.0477217578862227
アメリカ横断ウルトラクイズ||3708||3708||18||18||0.0048543689320388345||0.0048543689320388345
そこまで言って委員会NP||3699||3699||54||54||0.014598540145985401||0.014598540145985401
クイズダービー||3698||3698||73||73||0.019740400216333154||0.019740400216333154
ONE PIECE/log||3694||3694||29||29||0.00785056848944234||0.00785056848944234
ドラえもん||3682||3682||175||175||0.04752851711026616||0.04752851711026616
嵐 (グループ)||3681||3681||192||192||0.05215973920130399||0.05215973920130399
日本プロサッカーリーグ||3675||3675||85||85||0.02312925170068027||0.02312925170068027
クイズ!ヘキサゴンII/log20090401||3650||3650||31||31||0.008493150684931507||0.008493150684931507
櫻井孝宏||3643||3643||75||75||0.020587427944002194||0.020587427944002194
M-1グランプリ||3641||3641||30||30||0.008239494644328481||0.008239494644328481
鈴村健一||3640||3640||57||57||0.01565934065934066||0.01565934065934066
D.Gray-man||3622||3622||23||23||0.006350082827167311||0.006350082827167311
福岡県出身の人物一覧||3622||3622||47||47||0.012976256212037547||0.012976256212037547
コードギアス 反逆のルルーシュ/log20080407||3610||3610||21||21||0.005817174515235457||0.005817174515235457
B'z||3609||3609||151||151||0.04183984483236353||0.04183984483236353
静岡市||3601||3601||41||41||0.011385726187170231||0.011385726187170231
日本/log20090827||3601||3601||74||74||0.02054984726464871||0.02054984726464871
仮面ライダーシリーズ登場怪人一覧||3595||3595||271||271||0.07538247566063978||0.07538247566063978
家庭教師ヒットマンREBORN!/log20100415||3591||3591||128||128||0.03564466722361459||0.03564466722361459
クレヨンしんちゃん||3590||3590||37||37||0.010306406685236769||0.010306406685236769
テニスの王子様の登場人物/log20120614||3586||3586||11||11||0.003067484662576687||0.003067484662576687
大韓民国||3573||3573||195||195||0.054575986565911||0.054575986565911
日本共産党||3568||3568||161||161||0.04512331838565022||0.04512331838565022
こちら葛飾区亀有公園前派出所||3553||3553||47||47||0.013228257810301155||0.013228257810301155
グルメチキンレース・ゴチになります!||3549||3549||43||43||0.012116089039165962||0.012116089039165962
プレイステーション3/log20100415||3548||3548||50||50||0.014092446448703494||0.014092446448703494
二宮和也||3547||3547||169||169||0.047645897941922755||0.047645897941922755
仮面ライダーオーズ/OOO/log20120616||3547||3547||81||81||0.022836199605300252||0.022836199605300252
天装戦隊ゴセイジャー||3540||3540||98||98||0.02768361581920904||0.02768361581920904
福岡ソフトバンクホークス||3533||3533||65||65||0.018397962071893575||0.018397962071893575
TBSテレビ||3530||3530||108||108||0.03059490084985836||0.03059490084985836
NHK紅白歌合戦||3528||3528||117||117||0.03316326530612245||0.03316326530612245
浦和レッドダイヤモンズ||3514||3514||73||73||0.020774046670461014||0.020774046670461014
ネプリーグ/log20091026||3501||3501||10||10||0.0028563267637817767||0.0028563267637817767
涼宮ハルヒシリーズ/log20090701||3492||3492||76||76||0.021764032073310423||0.021764032073310423
破面||3490||3490||24||24||0.006876790830945559||0.006876790830945559
ハピネスチャージプリキュア!||3487||3487||147||147||0.04215658158875824||0.04215658158875824
エンタの神様/log20091223||3480||3480||28||28||0.008045977011494253||0.008045977011494253
2017年のテレビ (日本)||3468||3468||24||24||0.006920415224913495||0.006920415224913495
創価学会||3467||3467||310||310||0.08941447937698298||0.08941447937698298
週刊少年ジャンプ||3464||3464||73||73||0.02107390300230947||0.02107390300230947
日本体育大学||3444||3444||8||8||0.0023228803716608595||0.0023228803716608595
ケロロ軍曹の登場人物一覧/log20090210||3436||3436||5||5||0.0014551804423748546||0.0014551804423748546
毎日放送||3427||3427||31||31||0.00904581266413773||0.00904581266413773
Hey! Say! JUMP||3423||3423||176||176||0.05141688577271399||0.05141688577271399
水戸黄門 (パナソニック ドラマシアター)||3414||3414||15||15||0.004393673110720563||0.004393673110720563
DEATH NOTEの登場人物||3411||3411||17||17||0.004983875696276752||0.004983875696276752
おかあさんといっしょ||3394||3394||36||36||0.01060695344725987||0.01060695344725987
麻生太郎||3394||3394||136||136||0.040070713022981735||0.040070713022981735
仙台市||3389||3389||48||48||0.01416347005016229||0.01416347005016229
中部日本放送||3387||3387||14||14||0.004133451431945674||0.004133451431945674
Axis powers ヘタリア||3385||3385||47||47||0.013884785819793206||0.013884785819793206
横浜DeNAベイスターズ||3378||3378||91||91||0.026939017169923033||0.026939017169923033
3DCGソフトウェア||3373||3373||5||5||0.0014823599169878447||0.0014823599169878447
2016年のテレビ (日本)||3373||3373||22||22||0.006522383634746516||0.006522383634746516
日本テレビ放送網||3368||3368||38||38||0.011282660332541567||0.011282660332541567
UHFアニメ||3361||3361||11||11||0.0032728354656352274||0.0032728354656352274
日本の漫画家一覧||3353||3353||3||3||8.94721145243066E-4||8.94721145243066E-4
千葉ロッテマリーンズ||3351||3351||83||83||0.024768725753506415||0.024768725753506415
ちびまる子ちゃんの登場人物||3351||3351||129||129||0.03849597135183527||0.03849597135183527
帝京大学||3347||3347||78||78||0.023304451747833882||0.023304451747833882
全日本プロレス||3344||3344||12||12||0.0035885167464114833||0.0035885167464114833
逆転裁判||3338||3338||45||45||0.01348112642300779||0.01348112642300779
スーパーベースボール (テレビ朝日系列)||3334||3334||14||14||0.004199160167966407||0.004199160167966407
ジャニーズ事務所||3334||3334||91||91||0.027294541091781643||0.027294541091781643
海軍 (ONE PIECE)||3331||3331||242||242||0.07265085559891925||0.07265085559891925
ハロー!プロジェクト||3329||3329||58||58||0.01742264944427756||0.01742264944427756
モヤモヤさまぁ〜ず2||3328||3328||30||30||0.009014423076923076||0.009014423076923076
宇宙戦艦ヤマト2199||3324||3324||25||25||0.007521058965102286||0.007521058965102286
おはスタ||3320||3320||46||46||0.013855421686746987||0.013855421686746987
仮面ライダードライブ||3320||3320||154||154||0.0463855421686747||0.0463855421686747
水曜どうでしょう||3315||3315||22||22||0.006636500754147813||0.006636500754147813
ケロロ軍曹||3314||3314||21||21||0.006336753168376584||0.006336753168376584
鹿島アントラーズ||3294||3294||58||58||0.017607771706132362||0.017607771706132362
石田彰||3285||3285||33||33||0.01004566210045662||0.01004566210045662
とある魔術の禁書目録||3279||3279||150||150||0.04574565416285453||0.04574565416285453
東京大学の人物一覧||3272||3272||24||24||0.007334963325183374||0.007334963325183374
Fun!BASEBALL!!||3271||3271||15||15||0.0045857535921736475||0.0045857535921736475
野球道 (フジテレビ系列)||3263||3263||16||16||0.004903463070793748||0.004903463070793748
仮面ライダーエグゼイド||3256||3256||111||111||0.03409090909090909||0.03409090909090909
オールナイトニッポン||3250||3250||37||37||0.011384615384615385||0.011384615384615385
ズームイン!!SUPER/log20091228||3247||3247||8||8||0.0024638127502309825||0.0024638127502309825
クイズ!ヘキサゴンII||3242||3242||132||132||0.040715607649599014||0.040715607649599014
杉田智和||3236||3236||89||89||0.02750309023485785||0.02750309023485785
慶應義塾大学の人物一覧||3236||3236||53||53||0.016378244746600743||0.016378244746600743
仮面ライダーカブト||3222||3222||59||59||0.01831160769708256||0.01831160769708256
森川智之||3215||3215||42||42||0.013063763608087092||0.013063763608087092
FAIRY TAILの登場人物||3207||3207||130||130||0.04053632678515747||0.04053632678515747
マイケル・ジャクソン||3206||3206||99||99||0.030879600748596383||0.030879600748596383
日本放送協会||3206||3206||101||101||0.03150343106674985||0.03150343106674985
DEATH NOTE||3204||3204||48||48||0.0149812734082397||0.0149812734082397
宮野真守||3201||3201||82||82||0.025616994689159636||0.025616994689159636
吉本総合芸能学院||3190||3190||30||30||0.009404388714733543||0.009404388714733543
AKB48のオールナイトニッポン||3189||3189||155||155||0.04860457823769207||0.04860457823769207
ドラえもん (1979年のテレビアニメ)||3188||3188||51||51||0.015997490589711418||0.015997490589711418
スッキリ (テレビ番組)||3176||3176||36||36||0.011335012594458438||0.011335012594458438
織田信長||3170||3170||147||147||0.04637223974763407||0.04637223974763407
スマイルプリキュア!||3170||3170||146||146||0.04605678233438486||0.04605678233438486
北海道出身の人物一覧||3168||3168||35||35||0.011047979797979798||0.011047979797979798
サザエさん (テレビアニメ)||3166||3166||150||150||0.047378395451674035||0.047378395451674035
国鉄103系電車||3160||3160||46||46||0.014556962025316455||0.014556962025316455
沢城みゆき||3160||3160||89||89||0.028164556962025317||0.028164556962025317
東京駅||3160||3160||96||96||0.030379746835443037||0.030379746835443037
ウルトラマン||3159||3159||104||104||0.03292181069958848||0.03292181069958848
関ジャニ∞||3155||3155||79||79||0.02503961965134707||0.02503961965134707
仮面ライダーウィザード||3153||3153||111||111||0.035204567078972404||0.035204567078972404
浪川大輔||3151||3151||58||58||0.018406854966677245||0.018406854966677245
神谷浩史||3146||3146||82||82||0.026064844246662427||0.026064844246662427
クレヨンしんちゃんの登場人物一覧||3143||3143||84||84||0.026726057906458798||0.026726057906458798
新庄剛志||3139||3139||24||24||0.007645747053201656||0.007645747053201656
手塚治虫||3136||3136||35||35||0.011160714285714286||0.011160714285714286
探偵!ナイトスクープ||3109||3109||33||33||0.01061434544869733||0.01061434544869733
機動戦士ガンダム 鉄血のオルフェンズ||3103||3103||110||110||0.03544956493715759||0.03544956493715759
連続テレビ小説||3099||3099||90||90||0.02904162633107454||0.02904162633107454
Dr.スランプ||3097||3097||43||43||0.013884404262189216||0.013884404262189216
全国高等学校クイズ選手権||3081||3081||72||72||0.023369036027263874||0.023369036027263874
東京放送ホールディングス||3078||3078||40||40||0.01299545159194282||0.01299545159194282
獣拳戦隊ゲキレンジャー||3064||3064||80||80||0.02610966057441253||0.02610966057441253
自由民主党 (日本)||3063||3063||125||125||0.04080966372837088||0.04080966372837088
ケロロ軍曹 (アニメ)||3061||3061||34||34||0.01110748121528912||0.01110748121528912
東北楽天ゴールデンイーグルス||3059||3059||73||73||0.02386400784570121||0.02386400784570121
堀江由衣||3055||3055||48||48||0.015711947626841243||0.015711947626841243
広島東洋カープ||3048||3048||94||94||0.03083989501312336||0.03083989501312336
小野大輔||3048||3048||49||49||0.016076115485564306||0.016076115485564306
世界一の一覧||3047||3047||41||41||0.013455858221201182||0.013455858221201182
クイズ世界はSHOW by ショーバイ!!||3047||3047||17||17||0.005579258286839514||0.005579258286839514
キン肉マンの登場人物||3042||3042||22||22||0.007232084155161078||0.007232084155161078
侍戦隊シンケンジャー||3042||3042||75||75||0.02465483234714004||0.02465483234714004
大阪府出身の人物一覧||3038||3038||16||16||0.005266622778143515||0.005266622778143515
ダウンタウンのガキの使いやあらへんで!||3021||3021||39||39||0.012909632571996028||0.012909632571996028
とある魔術の禁書目録の登場人物||3019||3019||159||159||0.05266644584299437||0.05266644584299437
イチロー||3017||3017||150||150||0.04971826317533974||0.04971826317533974
金色のガッシュ!!の登場人物||3016||3016||16||16||0.005305039787798408||0.005305039787798408
ONE PIECE (アニメ)||3016||3016||84||84||0.027851458885941646||0.027851458885941646
王貞治||3014||3014||56||56||0.0185799601857996||0.0185799601857996
ハヤテのごとく!の登場人物||3012||3012||97||97||0.032204515272244355||0.032204515272244355
日産自動車||3010||3010||53||53||0.01760797342192691||0.01760797342192691
ガールズ&パンツァー||3009||3009||103||103||0.03423064140910601||0.03423064140910601
法政大学の人物一覧||3003||3003||15||15||0.004995004995004995||0.004995004995004995
Perfume||3002||3002||115||115||0.03830779480346436||0.03830779480346436
錦戸亮||3000||3000||71||71||0.023666666666666666||0.023666666666666666
SCHOOL OF LOCK!||2996||2996||30||30||0.010013351134846462||0.010013351134846462
2014年のテレビ (日本)||2992||2992||10||10||0.0033422459893048127||0.0033422459893048127
ドキドキ!プリキュア||2992||2992||73||73||0.024398395721925134||0.024398395721925134
世界平和統一家庭連合||2991||2991||97||97||0.032430625208960215||0.032430625208960215
徳川家康||2988||2988||144||144||0.04819277108433735||0.04819277108433735
大野智||2984||2984||117||117||0.03920911528150134||0.03920911528150134
NMB48||2980||2980||136||136||0.04563758389261745||0.04563758389261745
サザンオールスターズ||2973||2973||60||60||0.020181634712411706||0.020181634712411706
タモリ||2973||2973||134||134||0.04507231752438614||0.04507231752438614
暗殺教室||2973||2973||118||118||0.03969054826774302||0.03969054826774302
能登麻美子||2967||2967||51||51||0.017189079878665317||0.017189079878665317
AAA (音楽グループ)||2966||2966||75||75||0.02528658125421443||0.02528658125421443
ONE PIECE||2958||2958||364||364||0.12305611899932387||0.12305611899932387
松井秀喜||2956||2956||109||109||0.03687415426251692||0.03687415426251692
子安武人||2949||2949||36||36||0.012207527975584944||0.012207527975584944
ポケットモンスター (アニメ)||2949||2949||35||35||0.01186842997626314||0.01186842997626314
中日ドラゴンズ||2949||2949||63||63||0.021363173957273652||0.021363173957273652
Dr.スランプ アラレちゃん||2947||2947||30||30||0.01017984390906006||0.01017984390906006
釘宮理恵||2935||2935||86||86||0.0293015332197615||0.0293015332197615
日本航空||2934||2934||57||57||0.019427402862985686||0.019427402862985686
秋田放送||2931||2931||4||4||0.001364721937905152||0.001364721937905152
仮面ライダーゴースト||2931||2931||179||179||0.06107130672125555||0.06107130672125555
ポルノグラフィティ||2928||2928||55||55||0.01878415300546448||0.01878415300546448
魔人探偵脳噛ネウロ||2928||2928||10||10||0.0034153005464480873||0.0034153005464480873
轟轟戦隊ボウケンジャー||2926||2926||35||35||0.011961722488038277||0.011961722488038277
THE IDOLM@STERの登場人物||2926||2926||113||113||0.03861927546138073||0.03861927546138073
らき☆すた||2925||2925||35||35||0.011965811965811967||0.011965811965811967
Nスタ||2925||2925||42||42||0.014358974358974359||0.014358974358974359
古畑任三郎||2915||2915||23||23||0.007890222984562607||0.007890222984562607
菅直人||2914||2914||156||156||0.053534660260809885||0.053534660260809885
東京喰種トーキョーグール||2905||2905||24||24||0.008261617900172116||0.008261617900172116
前田敦子||2898||2898||352||352||0.12146307798481712||0.12146307798481712
新宿駅||2897||2897||49||49||0.01691404901622368||0.01691404901622368
Run for money 逃走中||2896||2896||74||74||0.025552486187845305||0.025552486187845305
ドラえもんの登場人物一覧||2888||2888||118||118||0.04085872576177285||0.04085872576177285
東京ヤクルトスワローズ||2886||2886||69||69||0.02390852390852391||0.02390852390852391
京都放送||2885||2885||20||20||0.006932409012131715||0.006932409012131715
オリックス・バファローズ||2872||2872||51||51||0.017757660167130918||0.017757660167130918
トリビアの泉 〜素晴らしきムダ知識〜||2870||2870||25||25||0.008710801393728223||0.008710801393728223
新潟市||2870||2870||37||37||0.01289198606271777||0.01289198606271777
こちら葛飾区亀有公園前派出所の登場人物||2867||2867||71||71||0.0247645622602023||0.0247645622602023
バンプレストオリジナルのキャラクター一覧||2863||2863||5||5||0.0017464198393293748||0.0017464198393293748
行列のできる法律相談所||2850||2850||112||112||0.03929824561403509||0.03929824561403509
ローゼンメイデン/history 20130917||2843||2843||43||43||0.015124868097080548||0.015124868097080548
FNNスーパーニュース||2841||2841||18||18||0.006335797254487857||0.006335797254487857
まれ||2834||2834||79||79||0.027875793930839804||0.027875793930839804
新幹線||2833||2833||68||68||0.02400282386163078||0.02400282386163078
桃太郎電鉄シリーズ||2832||2832||13||13||0.004590395480225989||0.004590395480225989
Fate/stay night||2832||2832||69||69||0.024364406779661018||0.024364406779661018
仮面ライダーディケイド||2831||2831||127||127||0.04486047333097845||0.04486047333097845
SLAM DUNKの登場人物||2827||2827||26||26||0.00919702865228157||0.00919702865228157
プロレスリング・ノア||2817||2817||28||28||0.009939652112176074||0.009939652112176074
今井麻美||2816||2816||72||72||0.02556818181818182||0.02556818181818182
SMAP×SMAP||2812||2812||38||38||0.013513513513513514||0.013513513513513514
2006年||2810||2810||50||50||0.017793594306049824||0.017793594306049824
魔法少女まどか☆マギカ||2809||2809||179||179||0.06372374510501957||0.06372374510501957
ダウンタウンのガキの使いやあらへんで!!の企画||2807||2807||25||25||0.008906305664410403||0.008906305664410403
北海道放送||2805||2805||9||9||0.0032085561497326204||0.0032085561497326204
マジカル頭脳パワー!!||2796||2796||37||37||0.013233190271816882||0.013233190271816882
ガンダムシリーズの登場機動兵器一覧||2796||2796||15||15||0.00536480686695279||0.00536480686695279
常磐線||2795||2795||54||54||0.01932021466905188||0.01932021466905188
東海道新幹線||2792||2792||71||71||0.0254297994269341||0.0254297994269341
中村悠一||2786||2786||86||86||0.030868628858578606||0.030868628858578606
浅田真央||2779||2779||82||82||0.029507016912558474||0.029507016912558474
ダンボール戦機||2777||2777||42||42||0.015124234785740008||0.015124234785740008
DDTプロレスリング||2770||2770||1||1||3.6101083032490973E-4||3.6101083032490973E-4
千葉テレビ放送||2761||2761||16||16||0.005795001810938066||0.005795001810938066
諏訪部順一||2759||2759||47||47||0.01703515766582095||0.01703515766582095
BUMP OF CHICKEN||2758||2758||79||79||0.02864394488759971||0.02864394488759971
東京大学||2757||2757||88||88||0.03191875226695684||0.03191875226695684
妖怪ウォッチ||2757||2757||60||60||0.02176278563656148||0.02176278563656148
Au (携帯電話)||2754||2754||51||51||0.018518518518518517||0.018518518518518517
機動戦士ガンダムAGE||2754||2754||97||97||0.03522149600580973||0.03522149600580973
クレヨンしんちゃん (アニメ)||2754||2754||89||89||0.03231663035584604||0.03231663035584604
AKBINGO!||2753||2753||119||119||0.043225572103160186||0.043225572103160186
進撃の巨人||2750||2750||71||71||0.025818181818181817||0.025818181818181817
MAJORの登場人物||2744||2744||37||37||0.01348396501457726||0.01348396501457726
GTO (漫画)||2741||2741||26||26||0.009485589201021525||0.009485589201021525
平野綾||2741||2741||167||167||0.06092666909886903||0.06092666909886903
日本||2738||2738||389||389||0.1420745069393718||0.1420745069393718
Kis-My-Ft2||2730||2730||156||156||0.05714285714285714||0.05714285714285714
声優||2729||2729||35||35||0.01282521069989007||0.01282521069989007
福山雅治||2727||2727||63||63||0.0231023102310231||0.0231023102310231
山下達郎||2725||2725||30||30||0.011009174311926606||0.011009174311926606
橋下徹||2722||2722||94||94||0.034533431300514325||0.034533431300514325
サトシ (アニメポケットモンスター)||2718||2718||40||40||0.014716703458425313||0.014716703458425313
植田佳奈||2718||2718||79||79||0.029065489330389993||0.029065489330389993
山下智久||2718||2718||122||122||0.044885945548197206||0.044885945548197206
静岡放送||2716||2716||45||45||0.016568483063328424||0.016568483063328424
GLAY||2714||2714||73||73||0.026897568165070006||0.026897568165070006
全日本空輸||2709||2709||29||29||0.010705057216685123||0.010705057216685123
暁 (NARUTO)||2708||2708||88||88||0.03249630723781388||0.03249630723781388
クイズタイムショック||2707||2707||20||20||0.007388252678241596||0.007388252678241596
国鉄115系電車||2699||2699||52||52||0.0192663949610967||0.0192663949610967
草なぎ剛||2689||2689||103||103||0.03830420230568985||0.03830420230568985
FNS27時間テレビ||2686||2686||21||21||0.00781831720029784||0.00781831720029784
山寺宏一||2682||2682||48||48||0.017897091722595078||0.017897091722595078
やしきたかじん||2679||2679||56||56||0.020903322135125045||0.020903322135125045
ちびまる子ちゃん||2677||2677||82||82||0.030631303698169594||0.030631303698169594
福山市||2672||2672||9||9||0.0033682634730538923||0.0033682634730538923
浜松市||2671||2671||40||40||0.01497566454511419||0.01497566454511419
コード・ブルー -ドクターヘリ緊急救命-||2667||2667||91||91||0.03412073490813648||0.03412073490813648
東北地方太平洋沖地震||2664||2664||83||83||0.031156156156156155||0.031156156156156155
めだかボックス||2663||2663||92||92||0.03454750281637251||0.03454750281637251
しゅごキャラ!||2662||2662||19||19||0.007137490608564989||0.007137490608564989
一橋大学の人物一覧||2657||2657||12||12||0.004516371847948814||0.004516371847948814
HUNTER×HUNTERの登場人物||2656||2656||47||47||0.017695783132530122||0.017695783132530122
ハートキャッチプリキュア!||2656||2656||95||95||0.03576807228915663||0.03576807228915663
2005年||2652||2652||31||31||0.011689291101055807||0.011689291101055807
中居正広||2651||2651||128||128||0.04828366654092795||0.04828366654092795
ゲームセンターCXの放送内容||2649||2649||14||14||0.005285013212533031||0.005285013212533031
アンパンマンの登場人物一覧||2647||2647||46||46||0.017378163959199094||0.017378163959199094
ポケットモンスターSPECIALの登場人物||2644||2644||15||15||0.0056732223903177||0.0056732223903177
乃木坂46||2644||2644||210||210||0.0794251134644478||0.0794251134644478
ゲゲゲの鬼太郎 (アニメ)||2643||2643||23||23||0.00870223231176693||0.00870223231176693
IBC岩手放送||2640||2640||24||24||0.00909090909090909||0.00909090909090909
特命戦隊ゴーバスターズ||2637||2637||62||62||0.023511566173682216||0.023511566173682216
関智一||2632||2632||58||58||0.022036474164133738||0.022036474164133738
近畿日本鉄道||2631||2631||40||40||0.015203344735841885||0.015203344735841885
名探偵コナン (アニメ)||2631||2631||71||71||0.026985936906119345||0.026985936906119345
清原和博||2628||2628||72||72||0.0273972602739726||0.0273972602739726
朝日放送グループホールディングス||2627||2627||34||34||0.012942519984773505||0.012942519984773505
戦国BASARAの登場人物||2627||2627||46||46||0.017510468214693566||0.017510468214693566
緑川光||2623||2623||29||29||0.01105604269919939||0.01105604269919939
野村克也||2619||2619||76||76||0.029018709431080564||0.029018709431080564
大塚明夫||2613||2613||26||26||0.009950248756218905||0.009950248756218905
笑ってはいけないシリーズ||2612||2612||27||27||0.010336906584992343||0.010336906584992343
発車メロディ||2611||2611||11||11||0.004212945231711987||0.004212945231711987
アニメシャワー||2610||2610||5||5||0.0019157088122605363||0.0019157088122605363
都市伝説一覧||2610||2610||43||43||0.016475095785440614||0.016475095785440614
井上麻里奈||2610||2610||100||100||0.038314176245210725||0.038314176245210725
日本の高校野球||2607||2607||58||58||0.022247794399693134||0.022247794399693134
朝ズバッ!||2607||2607||38||38||0.01457614115841964||0.01457614115841964
下野紘||2601||2601||122||122||0.04690503652441369||0.04690503652441369
仮面ライダー||2596||2596||88||88||0.03389830508474576||0.03389830508474576
花澤香菜||2594||2594||156||156||0.06013878180416345||0.06013878180416345
日本のラジオパーソナリティ一覧||2594||2594||5||5||0.0019275250578257518||0.0019275250578257518
西日本旅客鉄道||2586||2586||46||46||0.017788089713843776||0.017788089713843776
涼宮ハルヒの憂鬱 (アニメ)||2584||2584||93||93||0.035990712074303405||0.035990712074303405
NARUTO -ナルト- 疾風伝||2578||2578||54||54||0.02094647013188518||0.02094647013188518
名探偵コナン||2575||2575||69||69||0.02679611650485437||0.02679611650485437
モンキー・D・ルフィ||2574||2574||192||192||0.07459207459207459||0.07459207459207459
劇場版 仮面ライダーディケイド オールライダー対大ショッカー||2571||2571||115||115||0.044729677168416956||0.044729677168416956
DRAGON GATE||2568||2568||31||31||0.012071651090342679||0.012071651090342679
八王子市||2566||2566||22||22||0.00857365549493375||0.00857365549493375
家庭教師ヒットマンREBORN!の登場人物||2563||2563||34||34||0.013265704252828716||0.013265704252828716
SoftBank (携帯電話)||2561||2561||22||22||0.008590394377196407||0.008590394377196407
灼眼のシャナ||2561||2561||28||28||0.010933229207340883||0.010933229207340883
林原めぐみ||2560||2560||46||46||0.01796875||0.01796875
2011年のテレビ (日本)||2559||2559||13||13||0.005080109417741305||0.005080109417741305
ICOCA||2557||2557||45||45||0.01759874853343762||0.01759874853343762
在日韓国・朝鮮人||2551||2551||209||209||0.08192865542924344||0.08192865542924344
渋谷駅||2551||2551||54||54||0.021168169345354763||0.021168169345354763
スイートプリキュア♪||2550||2550||106||106||0.04156862745098039||0.04156862745098039
横浜駅||2547||2547||37||37||0.014526894385551629||0.014526894385551629
エホバの証人||2544||2544||98||98||0.03852201257861635||0.03852201257861635
小泉純一郎||2538||2538||63||63||0.024822695035460994||0.024822695035460994
読売ジャイアンツの選手一覧||2534||2534||90||90||0.035516969218626675||0.035516969218626675
ダウンタウン (お笑いコンビ)||2533||2533||31||31||0.012238452427951046||0.012238452427951046
戦国BASARA||2526||2526||29||29||0.011480601741884403||0.011480601741884403
とんねるずのみなさんのおかげでした||2523||2523||23||23||0.009116131589377725||0.009116131589377725
東海テレビ放送||2522||2522||17||17||0.0067406819984139575||0.0067406819984139575
岡山放送||2520||2520||11||11||0.004365079365079365||0.004365079365079365
阪神・淡路大震災||2519||2519||48||48||0.019055180627233027||0.019055180627233027
ニッポン放送||2517||2517||22||22||0.00874056416368693||0.00874056416368693
中川翔子||2516||2516||108||108||0.04292527821939587||0.04292527821939587
FAIRY TAIL||2514||2514||65||65||0.025855210819411296||0.025855210819411296
日本テレビ制作局制作番組の分野別一覧||2512||2512||5||5||0.0019904458598726115||0.0019904458598726115
嫌韓||2510||2510||110||110||0.043824701195219126||0.043824701195219126
白鵬翔||2510||2510||63||63||0.0250996015936255||0.0250996015936255
東京箱根間往復大学駅伝競走||2508||2508||16||16||0.006379585326953748||0.006379585326953748
デジモン一覧||2507||2507||7||7||0.002792181890706023||0.002792181890706023
HUNTER×HUNTER||2499||2499||76||76||0.03041216486594638||0.03041216486594638
ゲームセンターCX 有野の挑戦||2497||2497||42||42||0.01682018422106528||0.01682018422106528
東京スカイツリー||2490||2490||122||122||0.04899598393574297||0.04899598393574297
仮面ライダークウガ||2489||2489||107||107||0.042989152269987944||0.042989152269987944
機動戦士ガンダム00シリーズの登場兵器||2489||2489||93||93||0.037364403374849336||0.037364403374849336
朝鮮民主主義人民共和国||2486||2486||165||165||0.06637168141592921||0.06637168141592921
福島第一原子力発電所事故||2485||2485||81||81||0.032595573440643864||0.032595573440643864
史上最強の弟子ケンイチの登場人物||2482||2482||40||40||0.016116035455278||0.016116035455278
若本規夫||2480||2480||31||31||0.0125||0.0125
ももいろクローバーZ||2478||2478||94||94||0.037933817594834544||0.037933817594834544
中国放送||2477||2477||24||24||0.009689140088817117||0.009689140088817117
テレビ朝日||2476||2476||50||50||0.020193861066235864||0.020193861066235864
東日本大震災||2476||2476||89||89||0.03594507269789984||0.03594507269789984
Mr.Children||2472||2472||57||57||0.023058252427184466||0.023058252427184466
青森テレビ||2470||2470||15||15||0.006072874493927126||0.006072874493927126
サンテレビジョン||2467||2467||14||14||0.005674908796108634||0.005674908796108634
東急田園都市線||2467||2467||61||61||0.024726388325901905||0.024726388325901905
Go!プリンセスプリキュア||2467||2467||116||116||0.047020672882042966||0.047020672882042966
News zero||2466||2466||42||42||0.0170316301703163||0.0170316301703163
志田未来||2464||2464||46||46||0.018668831168831168||0.018668831168831168
関口宏の東京フレンドパークII||2460||2460||40||40||0.016260162601626018||0.016260162601626018
アドルフ・ヒトラー||2460||2460||51||51||0.020731707317073172||0.020731707317073172
ACジャパン||2456||2456||50||50||0.02035830618892508||0.02035830618892508
ザ・キング・オブ・ファイターズ||2455||2455||8||8||0.003258655804480652||0.003258655804480652
悪魔の実||2452||2452||304||304||0.12398042414355628||0.12398042414355628
阿澄佳奈||2452||2452||105||105||0.042822185970636216||0.042822185970636216
遊☆戯☆王5D's||2451||2451||36||36||0.014687882496940025||0.014687882496940025
イナズマイレブン||2449||2449||38||38||0.01551653736218865||0.01551653736218865
KAT-TUN||2449||2449||48||48||0.019599836668027767||0.019599836668027767
テレビ東京番組一覧||2447||2447||10||10||0.004086636697997548||0.004086636697997548
秘密のケンミンSHOW||2447||2447||105||105||0.042909685328974254||0.042909685328974254
天皇||2447||2447||183||183||0.07478545157335513||0.07478545157335513
2007年||2446||2446||53||53||0.021668029435813575||0.021668029435813575
在日特権を許さない市民の会||2445||2445||202||202||0.08261758691206544||0.08261758691206544
帰ってきたウルトラマン||2443||2443||51||51||0.020875972165370446||0.020875972165370446
アイシールド21||2441||2441||22||22||0.009012699713232281||0.009012699713232281
宇多田ヒカル||2440||2440||45||45||0.018442622950819672||0.018442622950819672
ヤッターマン||2439||2439||19||19||0.007790077900779008||0.007790077900779008
松田聖子||2435||2435||77||77||0.03162217659137577||0.03162217659137577
玄田哲章||2433||2433||44||44||0.018084669132757913||0.018084669132757913
保志総一朗||2432||2432||23||23||0.009457236842105263||0.009457236842105263
日本一の一覧||2431||2431||37||37||0.015220074043603456||0.015220074043603456
FNNスーパータイム||2431||2431||28||28||0.011517893870835048||0.011517893870835048
ゆず (音楽グループ)||2430||2430||37||37||0.015226337448559672||0.015226337448559672
マリオ (ゲームキャラクター)||2429||2429||70||70||0.02881844380403458||0.02881844380403458
王下七武海||2429||2429||300||300||0.12350761630300536||0.12350761630300536
D.Gray-manの登場人物||2423||2423||30||30||0.012381345439537762||0.012381345439537762
アンパンマン||2423||2423||87||87||0.035905901774659514||0.035905901774659514
仮面ライダー×仮面ライダー W&ディケイド MOVIE大戦2010||2423||2423||66||66||0.02723895996698308||0.02723895996698308
パナソニック||2421||2421||55||55||0.02271788517141677||0.02271788517141677
2ちゃんねる||2419||2419||76||76||0.03141794129805705||0.03141794129805705
東京国際空港||2418||2418||46||46||0.01902398676592225||0.01902398676592225
野比のび太||2410||2410||114||114||0.04730290456431535||0.04730290456431535
日本語||2409||2409||103||103||0.042756330427563306||0.042756330427563306
さいたま市||2407||2407||60||60||0.024927295388450354||0.024927295388450354
ダイヤのA||2404||2404||15||15||0.006239600665557404||0.006239600665557404
ウルトラマンティガ||2402||2402||79||79||0.03288925895087427||0.03288925895087427
兵庫県出身の人物一覧||2402||2402||16||16||0.006661115736885929||0.006661115736885929
紙兎ロペ||2402||2402||10||10||0.004163197335553705||0.004163197335553705
ボウリング革命 P★League||2400||2400||21||21||0.00875||0.00875
日本大学||2398||2398||61||61||0.02543786488740617||0.02543786488740617
あまちゃん||2398||2398||46||46||0.019182652210175146||0.019182652210175146
いきものがかり||2395||2395||113||113||0.04718162839248434||0.04718162839248434
神戸市||2394||2394||28||28||0.011695906432748537||0.011695906432748537
スーパー戦隊シリーズ登場戦士一覧||2393||2393||33||33||0.013790221479314668||0.013790221479314668
レアル・マドリード||2392||2392||32||32||0.013377926421404682||0.013377926421404682
ビートたけし||2383||2383||85||85||0.03566932438103231||0.03566932438103231
ゲゲゲの鬼太郎の登場キャラクター/history20190113||2381||2381||23||23||0.009659806803863923||0.009659806803863923
ONE PIECEの用語一覧||2380||2380||181||181||0.07605042016806722||0.07605042016806722
テニスの王子様||2377||2377||49||49||0.020614219604543543||0.020614219604543543
Suica||2374||2374||63||63||0.02653748946925021||0.02653748946925021
瀬戸内海放送||2372||2372||16||16||0.006745362563237774||0.006745362563237774
任天堂||2371||2371||92||92||0.0388021931674399||0.0388021931674399
ハヤテのごとく!||2371||2371||34||34||0.01433994095318431||0.01433994095318431
埼玉西武ライオンズ||2368||2368||50||50||0.021114864864864864||0.021114864864864864
スーパーロボット大戦シリーズ||2368||2368||20||20||0.008445945945945946||0.008445945945945946
井上喜久子||2367||2367||44||44||0.018588931136459652||0.018588931136459652
札幌市||2367||2367||106||106||0.04478242501056189||0.04478242501056189
岸尾だいすけ||2366||2366||24||24||0.01014370245139476||0.01014370245139476
テレビ北海道||2365||2365||35||35||0.014799154334038054||0.014799154334038054
NTTドコモ||2363||2363||33||33||0.01396529834955565||0.01396529834955565
広島テレビ放送||2363||2363||10||10||0.004231908590774439||0.004231908590774439
名古屋テレビ放送||2362||2362||20||20||0.00846740050804403||0.00846740050804403
コロンビア大学||2361||2361||13||13||0.005506141465480729||0.005506141465480729
島田紳助||2359||2359||120||120||0.05086901229334464||0.05086901229334464
CLANNAD (ゲーム)||2359||2359||72||72||0.03052140737600678||0.03052140737600678
タモリ倶楽部||2353||2353||18||18||0.00764980875478113||0.00764980875478113
太陽にほえろ!||2352||2352||7||7||0.002976190476190476||0.002976190476190476
戦国無双シリーズ||2352||2352||8||8||0.003401360544217687||0.003401360544217687
秘密結社鷹の爪||2351||2351||10||10||0.004253509145044662||0.004253509145044662
神奈川県出身の人物一覧||2351||2351||22||22||0.009357720119098255||0.009357720119098255
杉原千畝||2350||2350||60||60||0.02553191489361702||0.02553191489361702
埼玉県出身の人物一覧||2349||2349||18||18||0.007662835249042145||0.007662835249042145
着信御礼!ケータイ大喜利||2345||2345||14||14||0.005970149253731343||0.005970149253731343
昭和天皇||2343||2343||71||71||0.030303030303030304||0.030303030303030304
ポケットモンスター||2342||2342||67||67||0.02860802732707088||0.02860802732707088
ウルトラマンタロウ||2341||2341||66||66||0.028193079880392994||0.028193079880392994
るろうに剣心 -明治剣客浪漫譚-の登場人物一覧||2340||2340||38||38||0.01623931623931624||0.01623931623931624
男性差別||2340||2340||129||129||0.05512820512820513||0.05512820512820513
ゲート 自衛隊 彼の地にて、斯く戦えり||2338||2338||55||55||0.02352437981180496||0.02352437981180496
小室哲哉||2338||2338||16||16||0.006843455945252352||0.006843455945252352
ビートルズ||2337||2337||42||42||0.01797175866495507||0.01797175866495507
バイキング (テレビ番組)||2337||2337||36||36||0.01540436456996149||0.01540436456996149
ポケットモンスターSPECIAL||2336||2336||61||61||0.026113013698630137||0.026113013698630137
News every.||2336||2336||49||49||0.020976027397260275||0.020976027397260275
ふたりはプリキュア||2333||2333||52||52||0.022288898414059153||0.022288898414059153
ディープインパクト (競走馬)||2332||2332||40||40||0.017152658662092625||0.017152658662092625
大江戸捜査網||2332||2332||7||7||0.003001715265866209||0.003001715265866209
東海大学||2330||2330||31||31||0.013304721030042918||0.013304721030042918
三木眞一郎||2328||2328||24||24||0.010309278350515464||0.010309278350515464
ザ・ベストテン||2328||2328||29||29||0.01245704467353952||0.01245704467353952
20世紀少年||2328||2328||46||46||0.019759450171821305||0.019759450171821305
さよなら絶望先生||2325||2325||26||26||0.011182795698924731||0.011182795698924731
上地雄輔||2324||2324||67||67||0.02882960413080895||0.02882960413080895
東急東横線||2322||2322||64||64||0.02756244616709733||0.02756244616709733
ウルトラマンティガの登場怪獣||2321||2321||34||34||0.014648858250753986||0.014648858250753986
東京メトロポリタンテレビジョン||2319||2319||30||30||0.0129366106080207||0.0129366106080207
マスコットキャラクター一覧||2317||2317||8||8||0.0034527406128614588||0.0034527406128614588
小林ゆう||2317||2317||65||65||0.028053517479499353||0.028053517479499353
サイヤ人||2316||2316||75||75||0.03238341968911917||0.03238341968911917
喜多村英梨||2315||2315||70||70||0.03023758099352052||0.03023758099352052
アメリカ合衆国||2315||2315||43||43||0.018574514038876888||0.018574514038876888
豊臣秀吉||2312||2312||112||112||0.04844290657439446||0.04844290657439446
マクロスF||2306||2306||35||35||0.015177797051170859||0.015177797051170859
UVERworld||2305||2305||62||62||0.026898047722342732||0.026898047722342732
岡田有希子||2301||2301||74||74||0.03215993046501521||0.03215993046501521
池袋駅||2300||2300||43||43||0.018695652173913044||0.018695652173913044
ロンドンハーツ||2299||2299||37||37||0.016093953892996955||0.016093953892996955
鋼の錬金術師の登場人物一覧/history 20120609||2299||2299||20||20||0.008699434536755112||0.008699434536755112
日立 世界・ふしぎ発見!||2297||2297||38||38||0.01654331737048324||0.01654331737048324
慶應義塾大学/history20130405||2294||2294||68||68||0.02964254577157803||0.02964254577157803
関西テレビ放送||2294||2294||45||45||0.01961639058413252||0.01961639058413252
IS 〈インフィニット・ストラトス〉||2294||2294||65||65||0.02833478639930253||0.02833478639930253
ガンダムビルドファイターズ||2294||2294||33||33||0.014385353095030515||0.014385353095030515
テレビ愛知||2293||2293||19||19||0.008286088094199739||0.008286088094199739
ひぐらしのなく頃に||2293||2293||31||31||0.013519406890536415||0.013519406890536415
東武伊勢崎線||2291||2291||37||37||0.016150152771715408||0.016150152771715408
鉄拳の登場人物||2291||2291||54||54||0.02357049323439546||0.02357049323439546
置鮎龍太郎||2290||2290||33||33||0.014410480349344978||0.014410480349344978
国鉄113系電車||2288||2288||36||36||0.015734265734265736||0.015734265734265736
江戸川コナン||2287||2287||60||60||0.026235242675994752||0.026235242675994752
おそ松くん||2287||2287||91||91||0.03979011805859204||0.03979011805859204
遊☆戯☆王デュエルモンスターズGXの登場人物||2287||2287||14||14||0.006121556624398776||0.006121556624398776
名古屋市||2283||2283||52||52||0.022777047744196234||0.022777047744196234
千葉県||2282||2282||52||52||0.022787028921998246||0.022787028921998246
東海ラジオ放送||2279||2279||5||5||0.002193944712593243||0.002193944712593243
イナズマイレブンGO||2278||2278||36||36||0.015803336259877086||0.015803336259877086
NARUTO -ナルト-の術||2273||2273||29||29||0.012758468983721953||0.012758468983721953
近鉄特急||2271||2271||50||50||0.022016732716864818||0.022016732716864818
小西克幸||2266||2266||79||79||0.03486319505736982||0.03486319505736982
バカとテストと召喚獣||2265||2265||28||28||0.012362030905077263||0.012362030905077263
たまごっち!||2265||2265||59||59||0.026048565121412803||0.026048565121412803
藤原啓治||2264||2264||45||45||0.01987632508833922||0.01987632508833922
南京事件論争||2262||2262||89||89||0.03934571175950486||0.03934571175950486
初音ミク||2262||2262||141||141||0.0623342175066313||0.0623342175066313
鳩山由紀夫||2262||2262||198||198||0.08753315649867374||0.08753315649867374
東海道本線||2261||2261||41||41||0.01813356921716055||0.01813356921716055
鉄道事故||2259||2259||21||21||0.009296148738379814||0.009296148738379814
魔法つかいプリキュア!||2259||2259||141||141||0.06241699867197875||0.06241699867197875
NHKのアナウンサー一覧||2258||2258||23||23||0.010186005314437556||0.010186005314437556
クイズマジックアカデミー||2257||2257||13||13||0.0057598582188746125||0.0057598582188746125
日本のプロ野球選手一覧||2256||2256||12||12||0.005319148936170213||0.005319148936170213
日本大学の人物一覧||2256||2256||19||19||0.008421985815602837||0.008421985815602837
ベトナム戦争||2255||2255||30||30||0.013303769401330377||0.013303769401330377
FCバルセロナ||2255||2255||16||16||0.007095343680709534||0.007095343680709534
JR東日本E231系電車||2255||2255||84||84||0.03725055432372506||0.03725055432372506
西武鉄道||2253||2253||37||37||0.016422547714158898||0.016422547714158898
JR東日本E233系電車||2248||2248||132||132||0.05871886120996441||0.05871886120996441
ロケみつ||2247||2247||38||38||0.016911437472185136||0.016911437472185136
飛田展男||2246||2246||51||51||0.022707034728406055||0.022707034728406055
中央線快速||2246||2246||52||52||0.02315227070347284||0.02315227070347284
みんなが出るテレビ||2244||2244||5||5||0.0022281639928698753||0.0022281639928698753
おたく||2243||2243||126||126||0.05617476593847526||0.05617476593847526
東芝||2242||2242||30||30||0.013380909901873328||0.013380909901873328
北斗の拳||2239||2239||22||22||0.00982581509602501||0.00982581509602501
渡辺麻友||2238||2238||271||271||0.12109025915996426||0.12109025915996426
〈物語〉シリーズ||2237||2237||67||67||0.029950827000447027||0.029950827000447027
ニコニコ動画||2237||2237||82||82||0.03665623603039785||0.03665623603039785
京阪本線||2234||2234||28||28||0.012533572068039392||0.012533572068039392
日本お笑い史||2233||2233||16||16||0.007165248544558889||0.007165248544558889
深夜アニメ||2232||2232||10||10||0.004480286738351254||0.004480286738351254
プロレスラー一覧||2231||2231||4||4||0.0017929179740026895||0.0017929179740026895
アップダウンクイズ||2231||2231||12||12||0.005378753922008068||0.005378753922008068
BSテレビ東京||2231||2231||61||61||0.02734199910354101||0.02734199910354101
夫婦別姓||2230||2230||39||39||0.01748878923766816||0.01748878923766816
2012年のテレビ (日本)||2230||2230||12||12||0.0053811659192825115||0.0053811659192825115
北日本放送||2229||2229||25||25||0.011215791834903545||0.011215791834903545
仮面ライダーアギト||2226||2226||64||64||0.028751123090745734||0.028751123090745734
中京テレビ放送||2226||2226||19||19||0.008535489667565139||0.008535489667565139
盛岡市||2226||2226||20||20||0.008984725965858042||0.008984725965858042
一関学院高等学校||2224||2224||10||10||0.0044964028776978415||0.0044964028776978415
魔法先生ネギま!の登場人物||2223||2223||25||25||0.011246063877642825||0.011246063877642825
FNSの日||2221||2221||86||86||0.03872129671319226||0.03872129671319226
小諸藩牧野氏の家臣団||2219||2219||1||1||4.506534474988734E-4||4.506534474988734E-4
蛭子能収||2218||2218||19||19||0.008566275924256087||0.008566275924256087
茅原実里||2216||2216||56||56||0.02527075812274368||0.02527075812274368
ユニバーサル・スタジオ・ジャパン||2216||2216||31||31||0.013989169675090252||0.013989169675090252
スーパー戦隊シリーズ登場敵対勢力一覧||2214||2214||79||79||0.03568202348690153||0.03568202348690153
アメリカ横断ウルトラクイズの各大会の詳細||2212||2212||11||11||0.004972875226039783||0.004972875226039783
朴ロ美||2208||2208||52||52||0.02355072463768116||0.02355072463768116
森一夫||2208||2208||12||12||0.005434782608695652||0.005434782608695652
トヨタ・カローラ||2207||2207||30||30||0.01359311282283643||0.01359311282283643
京阪電気鉄道||2203||2203||35||35||0.015887426236949616||0.015887426236949616
鳥人戦隊ジェットマン||2200||2200||37||37||0.01681818181818182||0.01681818181818182
三島由紀夫||2199||2199||40||40||0.018190086402910415||0.018190086402910415
Saku saku||2199||2199||22||22||0.010004547521600727||0.010004547521600727
福岡市||2198||2198||40||40||0.018198362147406732||0.018198362147406732
機動戦士ガンダムUC||2195||2195||60||60||0.02733485193621868||0.02733485193621868
さよなら絶望先生の登場人物||2195||2195||24||24||0.010933940774487472||0.010933940774487472
リンカーンの企画・コーナー||2194||2194||9||9||0.004102096627164996||0.004102096627164996
福井放送||2190||2190||10||10||0.0045662100456621||0.0045662100456621
大原大次郎||2190||2190||31||31||0.014155251141552512||0.014155251141552512
九州王朝説||2190||2190||35||35||0.01598173515981735||0.01598173515981735
L'Arc〜en〜Ciel||2188||2188||58||58||0.026508226691042046||0.026508226691042046
日笠陽子||2188||2188||92||92||0.04204753199268738||0.04204753199268738
星野仙一||2187||2187||65||65||0.029721079103795154||0.029721079103795154
指原莉乃||2186||2186||195||195||0.08920402561756634||0.08920402561756634
大宮駅 (埼玉県)||2185||2185||52||52||0.02379862700228833||0.02379862700228833
妖怪ウォッチの登場キャラクター||2185||2185||34||34||0.015560640732265447||0.015560640732265447
Wii/history 20130210||2184||2184||18||18||0.008241758241758242||0.008241758241758242
ひるおび!||2184||2184||40||40||0.018315018315018316||0.018315018315018316
梶裕貴||2183||2183||37||37||0.01694915254237288||0.01694915254237288
ハヤテのごとく! (アニメ)||2180||2180||42||42||0.01926605504587156||0.01926605504587156
烈車戦隊トッキュウジャー||2180||2180||60||60||0.027522935779816515||0.027522935779816515
全国高校野球選手権大会中継||2179||2179||7||7||0.0032124827902707664||0.0032124827902707664
山口放送||2178||2178||16||16||0.0073461891643709825||0.0073461891643709825
パナソニックショップ||2178||2178||33||33||0.015151515151515152||0.015151515151515152
山口勝平||2177||2177||65||65||0.029857602204869087||0.029857602204869087
テレビせとうち||2176||2176||52||52||0.02389705882352941||0.02389705882352941
スカパー! チャンネル一覧||2172||2172||173||173||0.07965009208103131||0.07965009208103131
デュエル・マスターズ (漫画)||2172||2172||30||30||0.013812154696132596||0.013812154696132596
北海道コンサドーレ札幌||2170||2170||40||40||0.018433179723502304||0.018433179723502304
大乱闘スマッシュブラザーズシリーズ||2169||2169||62||62||0.02858460119870908||0.02858460119870908
ディズニー・ヴィランズ||2169||2169||32||32||0.01475334255417243||0.01475334255417243
柿原徹也||2169||2169||39||39||0.017980636237897647||0.017980636237897647
東北新幹線||2168||2168||45||45||0.020756457564575646||0.020756457564575646
HiGH&LOW〜THE STORY OF S.W.O.R.D.〜||2168||2168||5||5||0.0023062730627306273||0.0023062730627306273
信越放送||2164||2164||34||34||0.015711645101663587||0.015711645101663587
日本プロ野球||2162||2162||34||34||0.01572617946345976||0.01572617946345976
名古屋鉄道||2162||2162||24||24||0.011100832562442183||0.011100832562442183
フレッシュプリキュア!||2160||2160||76||76||0.03518518518518519||0.03518518518518519
動物戦隊ジュウオウジャー||2160||2160||139||139||0.06435185185185185||0.06435185185185185
幽☆遊☆白書の登場人物一覧||2157||2157||13||13||0.00602688919796013||0.00602688919796013
それいけ!アンパンマン||2157||2157||107||107||0.04960593416782568||0.04960593416782568
鳥海浩輔||2156||2156||29||29||0.013450834879406308||0.013450834879406308
キラキラ☆プリキュアアラモード||2152||2152||69||69||0.032063197026022304||0.032063197026022304
中村俊輔||2150||2150||122||122||0.05674418604651163||0.05674418604651163
浪曲||2149||2149||5||5||0.002326663564448581||0.002326663564448581
JR西日本223系電車||2147||2147||56||56||0.02608290638099674||0.02608290638099674
本田技研工業||2146||2146||29||29||0.013513513513513514||0.013513513513513514
川澄綾子||2144||2144||27||27||0.012593283582089552||0.012593283582089552
はねるのトびら||2144||2144||19||19||0.008861940298507462||0.008861940298507462
大阪府||2144||2144||56||56||0.026119402985074626||0.026119402985074626
天元突破グレンラガン||2143||2143||15||15||0.006999533364442371||0.006999533364442371
仮面ライダー龍騎||2140||2140||57||57||0.02663551401869159||0.02663551401869159
ゴッドタン||2140||2140||46||46||0.02149532710280374||0.02149532710280374
ローソン||2138||2138||17||17||0.007951356407857811||0.007951356407857811
韓国起源説||2138||2138||133||133||0.06220767072029935||0.06220767072029935
小清水亜美||2134||2134||96||96||0.04498594189315839||0.04498594189315839
真田丸 (NHK大河ドラマ)||2133||2133||125||125||0.05860290670417253||0.05860290670417253
伊藤静||2132||2132||59||59||0.027673545966228893||0.027673545966228893
ラジかるッ||2131||2131||4||4||0.0018770530267480056||0.0018770530267480056
茨城県||2129||2129||76||76||0.035697510568341945||0.035697510568341945
千葉県出身の人物一覧||2128||2128||22||22||0.010338345864661654||0.010338345864661654
ソードアート・オンライン||2125||2125||96||96||0.0451764705882353||0.0451764705882353
テイルズ オブ ヴェスペリア||2124||2124||60||60||0.02824858757062147||0.02824858757062147
頭文字D||2122||2122||26||26||0.012252591894439209||0.012252591894439209
あぶない刑事||2122||2122||7||7||0.003298774740810556||0.003298774740810556
賭博黙示録カイジ||2122||2122||19||19||0.008953817153628653||0.008953817153628653
ネット右翼||2120||2120||269||269||0.1268867924528302||0.1268867924528302
大泉洋||2117||2117||44||44||0.020784128483703354||0.020784128483703354
朝日新聞||2116||2116||157||157||0.07419659735349717||0.07419659735349717
IPhone||2116||2116||75||75||0.03544423440453686||0.03544423440453686
踊る大捜査線||2115||2115||19||19||0.008983451536643027||0.008983451536643027
ドリフ大爆笑||2115||2115||7||7||0.003309692671394799||0.003309692671394799
木村拓哉||2115||2115||133||133||0.06288416075650118||0.06288416075650118
明治大学の人物一覧||2114||2114||54||54||0.02554399243140965||0.02554399243140965
とんねるず||2112||2112||37||37||0.017518939393939392||0.017518939393939392
ハイスクールD×D||2112||2112||15||15||0.007102272727272727||0.007102272727272727
札幌テレビ放送||2109||2109||16||16||0.007586533902323376||0.007586533902323376
School Days||2107||2107||42||42||0.019933554817275746||0.019933554817275746
リンカーン (テレビ番組)||2107||2107||14||14||0.006644518272425249||0.006644518272425249
仮面ライダーSPIRITS||2106||2106||8||8||0.003798670465337132||0.003798670465337132
MBSベースボールパーク||2104||2104||6||6||0.0028517110266159697||0.0028517110266159697
Oha!4 NEWS LIVE||2104||2104||18||18||0.008555133079847909||0.008555133079847909
高橋みなみ||2102||2102||155||155||0.07373929590865842||0.07373929590865842
坂本真綾||2100||2100||43||43||0.020476190476190478||0.020476190476190478
自殺||2098||2098||54||54||0.025738798856053385||0.025738798856053385
魔法戦隊マジレンジャー||2095||2095||19||19||0.009069212410501194||0.009069212410501194
WWE||2093||2093||10||10||0.004777830864787387||0.004777830864787387
北陸新幹線||2092||2092||61||61||0.029158699808795412||0.029158699808795412
忍たま乱太郎||2091||2091||39||39||0.018651362984218076||0.018651362984218076
讀賣テレビ放送||2091||2091||20||20||0.009564801530368245||0.009564801530368245
銀魂||2089||2089||83||83||0.03973192915270465||0.03973192915270465
2ちゃんねるの歴史||2088||2088||24||24||0.011494252873563218||0.011494252873563218
秋元康||2087||2087||106||106||0.05079060852898898||0.05079060852898898
ウルトラセブン||2087||2087||77||77||0.03689506468615237||0.03689506468615237
F-15 (戦闘機)||2087||2087||35||35||0.016770483948251078||0.016770483948251078
大阪市||2085||2085||64||64||0.030695443645083934||0.030695443645083934
金田一少年の事件簿の犯罪者||2080||2080||24||24||0.011538461538461539||0.011538461538461539
山陽新幹線||2080||2080||39||39||0.01875||0.01875
蒼穹のファフナー||2079||2079||11||11||0.005291005291005291||0.005291005291005291
北九州市||2079||2079||43||43||0.02068302068302068||0.02068302068302068
小田急小田原線||2078||2078||27||27||0.012993262752646775||0.012993262752646775
宝塚歌劇団||2078||2078||21||21||0.01010587102983638||0.01010587102983638
国鉄205系電車||2076||2076||89||89||0.042870905587668595||0.042870905587668595
熊本市||2076||2076||48||48||0.023121387283236993||0.023121387283236993
護廷十三隊||2076||2076||24||24||0.011560693641618497||0.011560693641618497
博士と助手〜細かすぎて伝わらないモノマネ選手権〜||2075||2075||8||8||0.0038554216867469878||0.0038554216867469878
東條英機||2074||2074||68||68||0.03278688524590164||0.03278688524590164
To LOVEる -とらぶる-||2072||2072||57||57||0.02750965250965251||0.02750965250965251
長澤まさみ||2072||2072||66||66||0.03185328185328185||0.03185328185328185
NHKニュースおはよう日本||2069||2069||26||26||0.012566457225712905||0.012566457225712905
高橋広樹||2064||2064||10||10||0.0048449612403100775||0.0048449612403100775
江原正士||2062||2062||22||22||0.01066925315227934||0.01066925315227934
慰安婦||2061||2061||98||98||0.04754973313925279||0.04754973313925279
モンスターハンター||2060||2060||52||52||0.02524271844660194||0.02524271844660194
小笠原道大||2059||2059||103||103||0.05002428363283147||0.05002428363283147
KARA||2059||2059||51||51||0.02476930548810102||0.02476930548810102
ボボボーボ・ボーボボ||2058||2058||17||17||0.00826044703595724||0.00826044703595724
バカリズム||2057||2057||60||60||0.02916869227029655||0.02916869227029655
フジテレビ番組一覧||2057||2057||4||4||0.0019445794846864365||0.0019445794846864365
ウルトラマンレオ||2056||2056||92||92||0.04474708171206226||0.04474708171206226
横浜市||2056||2056||38||38||0.01848249027237354||0.01848249027237354
桑島法子||2054||2054||74||74||0.03602726387536514||0.03602726387536514
伊集院光||2053||2053||23||23||0.011203117389186557||0.011203117389186557
風林火山 (NHK大河ドラマ)||2053||2053||67||67||0.03263516804676084||0.03263516804676084
熊本地震 (2016年)||2053||2053||106||106||0.051631758402338045||0.051631758402338045
岐阜放送||2052||2052||10||10||0.004873294346978557||0.004873294346978557
美少女戦士セーラームーンの登場人物||2052||2052||54||54||0.02631578947368421||0.02631578947368421
武装錬金||2050||2050||17||17||0.008292682926829269||0.008292682926829269
ネコ||2050||2050||112||112||0.054634146341463415||0.054634146341463415
PlayStation Portable||2049||2049||30||30||0.014641288433382138||0.014641288433382138
実況パワフルプロ野球||2048||2048||17||17||0.00830078125||0.00830078125
きかんしゃトーマス シーズン毎制作史||2048||2048||52||52||0.025390625||0.025390625
爆笑オンエアバトル||2045||2045||11||11||0.0053789731051344745||0.0053789731051344745
手裏剣戦隊ニンニンジャー||2044||2044||138||138||0.0675146771037182||0.0675146771037182
ペルソナ4||2043||2043||58||58||0.028389623103279492||0.028389623103279492
夜のヒットスタジオ||2039||2039||2||2||9.80872976949485E-4||9.80872976949485E-4
都市伝説||2039||2039||19||19||0.009318293281020108||0.009318293281020108
SKET DANCE||2038||2038||59||59||0.028949950932286556||0.028949950932286556
中華民国||2037||2037||176||176||0.08640157093765341||0.08640157093765341
学園アリス||2034||2034||9||9||0.004424778761061947||0.004424778761061947
ラーメン||2034||2034||66||66||0.032448377581120944||0.032448377581120944
竹島 (島根県)||2033||2033||63||63||0.030988686669945892||0.030988686669945892
ウエンツ瑛士||2031||2031||13||13||0.006400787789266372||0.006400787789266372
HKT48||2031||2031||141||141||0.06942392909896603||0.06942392909896603
笑っていいとも!レギュラー出演者一覧||2028||2028||24||24||0.011834319526627219||0.011834319526627219
長寿番組の一覧||2022||2022||23||23||0.011374876360039565||0.011374876360039565
ラブライブ!||2019||2019||88||88||0.04358593363051015||0.04358593363051015
四国放送||2017||2017||27||27||0.013386217154189391||0.013386217154189391
ドラゴンクエストV 天空の花嫁||2016||2016||26||26||0.012896825396825396||0.012896825396825396
学園黙示録 HIGHSCHOOL OF THE DEAD||2016||2016||74||74||0.03670634920634921||0.03670634920634921
ORANGE RANGE||2014||2014||57||57||0.02830188679245283||0.02830188679245283
ASIAN KUNG-FU GENERATION||2012||2012||16||16||0.007952286282306162||0.007952286282306162
徳光和夫||2011||2011||28||28||0.0139234211834908||0.0139234211834908
NARUTO -ナルト-の登場人物||2007||2007||127||127||0.06327852516193323||0.06327852516193323
福島テレビ||2006||2006||16||16||0.007976071784646061||0.007976071784646061
くりぃむしちゅーのオールナイトニッポン||2006||2006||19||19||0.009471585244267198||0.009471585244267198
安室奈美恵||2003||2003||12||12||0.005991013479780329||0.005991013479780329
特別攻撃隊||2002||2002||20||20||0.00999000999000999||0.00999000999000999
アニメ作品一覧||2001||2001||3||3||0.0014992503748125937||0.0014992503748125937
南京事件||2001||2001||280||280||0.13993003498250875||0.13993003498250875
京都市||2000||2000||35||35||0.0175||0.0175
金沢市||2000||2000||20||20||0.01||0.01
東京ドーム||1999||1999||40||40||0.02001000500250125||0.02001000500250125
山田涼介||1999||1999||109||109||0.054527263631815905||0.054527263631815905
公明党||1998||1998||58||58||0.02902902902902903||0.02902902902902903
テイルズ オブ シンフォニア||1998||1998||12||12||0.006006006006006006||0.006006006006006006
ウルトラマンA||1995||1995||70||70||0.03508771929824561||0.03508771929824561
法政大学||1995||1995||34||34||0.017042606516290727||0.017042606516290727
アイカツ!||1995||1995||21||21||0.010526315789473684||0.010526315789473684
太平洋戦争||1994||1994||74||74||0.037111334002006016||0.037111334002006016
長崎放送||1993||1993||4||4||0.002007024586051179||0.002007024586051179
宮崎駿||1992||1992||62||62||0.03112449799196787||0.03112449799196787
中華人民共和国||1991||1991||80||80||0.04018081366147665||0.04018081366147665
NHK放送センター||1991||1991||28||28||0.014063284781516826||0.014063284781516826
ザ・キング・オブ・ファイターズの登場人物||1991||1991||11||11||0.0055248618784530384||0.0055248618784530384
MOTHER3||1989||1989||8||8||0.004022121669180492||0.004022121669180492
ルパン三世||1988||1988||30||30||0.015090543259557344||0.015090543259557344
クリスマスの約束||1988||1988||10||10||0.005030181086519115||0.005030181086519115
東京都||1987||1987||78||78||0.03925515853044791||0.03925515853044791
日本の女優一覧||1986||1986||12||12||0.006042296072507553||0.006042296072507553
ビーイング||1986||1986||11||11||0.0055387713997985906||0.0055387713997985906
東京急行電鉄||1985||1985||45||45||0.022670025188916875||0.022670025188916875
鋼の錬金術師||1985||1985||90||90||0.04534005037783375||0.04534005037783375
きかんしゃトーマス・汽車のえほんの登場キャラクター||1985||1985||42||42||0.02115869017632242||0.02115869017632242
ひだまりスケッチ||1984||1984||33||33||0.01663306451612903||0.01663306451612903
台湾||1984||1984||72||72||0.036290322580645164||0.036290322580645164
TVQ九州放送||1983||1983||7||7||0.0035300050428643467||0.0035300050428643467
広島ホームテレビ||1983||1983||3||3||0.0015128593040847202||0.0015128593040847202
松本潤||1983||1983||60||60||0.030257186081694403||0.030257186081694403
金妍兒||1982||1982||175||175||0.08829465186680122||0.08829465186680122
井上和彦 (声優)||1980||1980||26||26||0.013131313131313131||0.013131313131313131
遊☆戯☆王ARC-V||1980||1980||107||107||0.05404040404040404||0.05404040404040404
鹿児島県出身の人物一覧||1979||1979||22||22||0.011116725618999495||0.011116725618999495
GANTZ||1974||1974||29||29||0.014690982776089158||0.014690982776089158
爆竜戦隊アバレンジャー||1973||1973||44||44||0.022301064368981247||0.022301064368981247
アイドルマスター シンデレラガールズ||1973||1973||82||82||0.04156107450582869||0.04156107450582869
戊辰戦争||1971||1971||44||44||0.022323693556570268||0.022323693556570268
絶対可憐チルドレン||1971||1971||39||39||0.0197869101978691||0.0197869101978691
テレビ朝日番組一覧||1970||1970||12||12||0.006091370558375634||0.006091370558375634
暴れん坊将軍||1970||1970||11||11||0.005583756345177665||0.005583756345177665
NEWS23||1969||1969||39||39||0.019807008633824275||0.019807008633824275
アイシールド21の登場人物||1967||1967||12||12||0.006100660904931368||0.006100660904931368
真・三國無双シリーズ||1967||1967||47||47||0.02389425521098119||0.02389425521098119
王様のブランチ||1966||1966||30||30||0.015259409969481181||0.015259409969481181
東日本旅客鉄道||1965||1965||46||46||0.02340966921119593||0.02340966921119593
サンフレッチェ広島F.C||1962||1962||25||25||0.0127420998980632||0.0127420998980632
釧路市||1961||1961||40||40||0.02039775624681285||0.02039775624681285
日本の城一覧||1960||1960||12||12||0.006122448979591836||0.006122448979591836
仮面ライダー剣||1960||1960||57||57||0.029081632653061223||0.029081632653061223
シャーリー・テンプル||1959||1959||2||2||0.0010209290454313426||0.0010209290454313426
おはよう朝日です||1959||1959||17||17||0.008677896886166412||0.008677896886166412
ちい散歩||1959||1959||34||34||0.017355793772332824||0.017355793772332824
神のみぞ知るセカイ||1958||1958||50||50||0.02553626149131767||0.02553626149131767
BB戦士三国伝||1957||1957||29||29||0.01481859989780276||0.01481859989780276
郷里大輔||1955||1955||81||81||0.04143222506393862||0.04143222506393862
東京都立日比谷高等学校||1954||1954||23||23||0.011770726714431934||0.011770726714431934
地獄先生ぬ〜べ〜の登場人物||1953||1953||12||12||0.006144393241167435||0.006144393241167435
ウルトラマンガイア||1949||1949||57||57||0.029245767060030785||0.029245767060030785
死刑存廃問題||1948||1948||36||36||0.018480492813141684||0.018480492813141684
杉山紀彰||1947||1947||14||14||0.007190549563430919||0.007190549563430919
櫻井翔||1946||1946||162||162||0.08324768756423433||0.08324768756423433
テレビ埼玉||1946||1946||13||13||0.006680369989722507||0.006680369989722507
黒の組織||1946||1946||105||105||0.0539568345323741||0.0539568345323741
広島電鉄||1944||1944||26||26||0.013374485596707819||0.013374485596707819
香港||1944||1944||40||40||0.0205761316872428||0.0205761316872428
To LOVEる -とらぶる-の登場人物||1943||1943||39||39||0.02007205352547607||0.02007205352547607
アダルトゲーム一覧||1939||1939||5||5||0.0025786487880350697||0.0025786487880350697
阪和線||1937||1937||29||29||0.014971605575632421||0.014971605575632421
ニッポン放送番組一覧||1936||1936||11||11||0.005681818181818182||0.005681818181818182
ニート||1935||1935||56||56||0.028940568475452195||0.028940568475452195
テイルズ オブ シリーズ||1933||1933||37||37||0.019141231246766685||0.019141231246766685
本田圭佑||1933||1933||106||106||0.05483704086911537||0.05483704086911537
ドイツ||1933||1933||64||64||0.03310915675116399||0.03310915675116399
2012年の日本競馬||1932||1932||3||3||0.0015527950310559005||0.0015527950310559005
エフエム東京||1931||1931||13||13||0.006732263076126359||0.006732263076126359
魔法科高校の劣等生||1931||1931||53||53||0.027446918694976695||0.027446918694976695
新垣結衣||1931||1931||99||99||0.05126877265665458||0.05126877265665458
文化放送ライオンズナイター||1930||1930||15||15||0.007772020725388601||0.007772020725388601
カードキャプターさくら||1928||1928||42||42||0.021784232365145227||0.021784232365145227
ウルトラマンダイナの登場怪獣||1928||1928||25||25||0.012966804979253113||0.012966804979253113
食戟のソーマ||1928||1928||105||105||0.05446058091286307||0.05446058091286307
フジテレビ月曜9時枠の連続ドラマ||1926||1926||33||33||0.017133956386292833||0.017133956386292833
ウルトラマンダイナ||1926||1926||49||49||0.02544132917964694||0.02544132917964694
宇宙戦隊キュウレンジャー||1926||1926||51||51||0.0264797507788162||0.0264797507788162
ACミラン||1925||1925||13||13||0.006753246753246753||0.006753246753246753
アメリカ同時多発テロ事件||1924||1924||36||36||0.018711018711018712||0.018711018711018712
オレたちひょうきん族||1924||1924||54||54||0.028066528066528068||0.028066528066528068
イギリス||1923||1923||107||107||0.05564222568902756||0.05564222568902756
豊橋市||1922||1922||29||29||0.015088449531737774||0.015088449531737774
東海旅客鉄道||1920||1920||37||37||0.019270833333333334||0.019270833333333334
BLAZBLUE||1920||1920||9||9||0.0046875||0.0046875
ラジオ・チャリティー・ミュージックソン||1919||1919||20||20||0.010422094841063054||0.010422094841063054
東京メトロ副都心線||1917||1917||66||66||0.03442879499217527||0.03442879499217527
YouTube||1917||1917||138||138||0.07198748043818466||0.07198748043818466
ウルトラマンメビウスの登場怪獣||1917||1917||11||11||0.005738132498695879||0.005738132498695879
天才てれびくんシリーズのドラマ||1915||1915||75||75||0.0391644908616188||0.0391644908616188
天皇賞||1912||1912||25||25||0.01307531380753138||0.01307531380753138
江頭2:50||1912||1912||59||59||0.03085774058577406||0.03085774058577406
艦隊これくしょん -艦これ-||1912||1912||145||145||0.075836820083682||0.075836820083682
1982年||1911||1911||12||12||0.006279434850863423||0.006279434850863423
インド||1910||1910||42||42||0.02198952879581152||0.02198952879581152
コードギアスシリーズの登場人物||1909||1909||16||16||0.008381351492928235||0.008381351492928235
少女時代 (音楽グループ)||1909||1909||70||70||0.03666841278156103||0.03666841278156103
激走戦隊カーレンジャー||1908||1908||55||55||0.028825995807127882||0.028825995807127882
森田成一||1908||1908||26||26||0.013626834381551363||0.013626834381551363
統合失調症||1906||1906||81||81||0.04249737670514166||0.04249737670514166
龍馬伝||1905||1905||74||74||0.03884514435695538||0.03884514435695538
2ちゃんねらー||1904||1904||43||43||0.022584033613445378||0.022584033613445378
ミュージックステーションスーパーライブ||1904||1904||22||22||0.011554621848739496||0.011554621848739496
佐藤利奈||1904||1904||44||44||0.023109243697478993||0.023109243697478993
青森県出身の人物一覧||1903||1903||53||53||0.027850761954808196||0.027850761954808196
モンスターストライク||1903||1903||77||77||0.04046242774566474||0.04046242774566474
ミュ〜コミ+プラス||1902||1902||9||9||0.00473186119873817||0.00473186119873817
アニメ関係者一覧||1901||1901||4||4||0.0021041557075223566||0.0021041557075223566
埼玉県||1901||1901||64||64||0.033666491320357705||0.033666491320357705
徹子の部屋||1900||1900||16||16||0.008421052631578947||0.008421052631578947
小池徹平||1898||1898||14||14||0.007376185458377239||0.007376185458377239
大塚愛||1897||1897||59||59||0.03110173958882446||0.03110173958882446
Pop'n musicの登場キャラクター||1897||1897||10||10||0.005271481286241434||0.005271481286241434
インテルナツィオナーレ・ミラノ||1896||1896||20||20||0.010548523206751054||0.010548523206751054
新世紀エヴァンゲリオンの登場人物||1896||1896||19||19||0.010021097046413503||0.010021097046413503
PASMO||1896||1896||41||41||0.021624472573839662||0.021624472573839662
社会民主党 (日本 1996-)||1894||1894||101||101||0.05332629355860612||0.05332629355860612
松任谷由実||1893||1893||19||19||0.010036978341257264||0.010036978341257264
過去に存在したダイエーの店舗||1893||1893||4||4||0.0021130480718436345||0.0021130480718436345
東武東上本線||1893||1893||32||32||0.016904384574749076||0.016904384574749076
Minecraft||1893||1893||100||100||0.05282620179609086||0.05282620179609086
相模原市||1891||1891||18||18||0.009518773135906928||0.009518773135906928
全国高等学校野球選手権大会||1889||1889||22||22||0.011646373742721016||0.011646373742721016
ジャッキー・チェン||1888||1888||30||30||0.015889830508474576||0.015889830508474576
宇都宮線||1888||1888||21||21||0.011122881355932203||0.011122881355932203
バクマン。||1888||1888||51||51||0.02701271186440678||0.02701271186440678
キリスト教||1887||1887||72||72||0.03815580286168521||0.03815580286168521
大島優子||1887||1887||174||174||0.09220985691573927||0.09220985691573927
電車でGO!||1886||1886||35||35||0.01855779427359491||0.01855779427359491
鹿児島テレビ放送||1884||1884||14||14||0.0074309978768577496||0.0074309978768577496
東京ディズニーランド||1884||1884||75||75||0.03980891719745223||0.03980891719745223
小山力也||1883||1883||36||36||0.019118428040361127||0.019118428040361127
ダルビッシュ有||1883||1883||98||98||0.05204460966542751||0.05204460966542751
日産・スカイライン||1882||1882||32||32||0.01700318809776833||0.01700318809776833
戸松遥||1882||1882||80||80||0.04250797024442083||0.04250797024442083
吉田拓郎||1881||1881||11||11||0.005847953216374269||0.005847953216374269
松本人志||1881||1881||102||102||0.05422647527910686||0.05422647527910686
金曜ロードSHOW!||1881||1881||17||17||0.009037745879851143||0.009037745879851143
ドラゴンボール改||1881||1881||103||103||0.05475810738968634||0.05475810738968634
テレビ大阪||1880||1880||24||24||0.01276595744680851||0.01276595744680851
日本の男優一覧||1880||1880||11||11||0.005851063829787234||0.005851063829787234
ソウルイーター||1880||1880||22||22||0.011702127659574468||0.011702127659574468
田中理恵 (声優)||1878||1878||52||52||0.027689030883919063||0.027689030883919063
日本三大一覧||1877||1877||85||85||0.045285029302077784||0.045285029302077784
自衛隊||1876||1876||65||65||0.03464818763326226||0.03464818763326226
ポーランド||1875||1875||16||16||0.008533333333333334||0.008533333333333334
バイオハザードシリーズ||1874||1874||42||42||0.022411953041622197||0.022411953041622197
ロウきゅーぶ!||1874||1874||56||56||0.029882604055496264||0.029882604055496264
山手線||1874||1874||36||36||0.0192102454642476||0.0192102454642476
立命館大学||1873||1873||41||41||0.02189001601708489||0.02189001601708489
零式艦上戦闘機||1872||1872||96||96||0.05128205128205128||0.05128205128205128
クイズ$ミリオネア||1871||1871||13||13||0.00694815606627472||0.00694815606627472
機動戦士ガンダムSEEDの登場人物||1871||1871||15||15||0.008017103153393906||0.008017103153393906
ごちそうさん (2013年のテレビドラマ)||1871||1871||30||30||0.016034206306787813||0.016034206306787813
香取慎吾||1868||1868||85||85||0.045503211991434686||0.045503211991434686
るろうに剣心 -明治剣客浪漫譚-||1867||1867||25||25||0.01339046598821639||0.01339046598821639
新幹線N700系電車||1865||1865||90||90||0.04825737265415549||0.04825737265415549
東武鉄道||1864||1864||29||29||0.01555793991416309||0.01555793991416309
1989年||1863||1863||23||23||0.012345679012345678||0.012345679012345678
キャプテン翼の登場人物||1863||1863||35||35||0.01878690284487386||0.01878690284487386
MAJOR||1862||1862||20||20||0.010741138560687433||0.010741138560687433
宮城県古川高等学校||1861||1861||24||24||0.012896292315959162||0.012896292315959162
立木文彦||1861||1861||15||15||0.008060182697474477||0.008060182697474477
志村けん||1861||1861||50||50||0.026867275658248254||0.026867275658248254
京成電鉄||1861||1861||28||28||0.015045674368619023||0.015045674368619023
有吉弘行||1860||1860||129||129||0.06935483870967742||0.06935483870967742
Dr.スランプの登場人物||1858||1858||51||51||0.02744886975242196||0.02744886975242196
うたばん||1857||1857||38||38||0.02046311254711901||0.02046311254711901
松本市||1857||1857||20||20||0.010770059235325794||0.010770059235325794
品川駅||1856||1856||46||46||0.02478448275862069||0.02478448275862069
ジョジョの奇妙な冒険||1855||1855||31||31||0.016711590296495958||0.016711590296495958
ローカル路線バス乗り継ぎの旅||1855||1855||31||31||0.016711590296495958||0.016711590296495958
小田急電鉄||1852||1852||30||30||0.016198704103671708||0.016198704103671708
頭文字Dの登場人物||1852||1852||5||5||0.0026997840172786176||0.0026997840172786176
鋼の錬金術師の主要な登場人物||1852||1852||61||61||0.032937365010799136||0.032937365010799136
RKB毎日放送||1850||1850||15||15||0.008108108108108109||0.008108108108108109
安田章大||1849||1849||17||17||0.009194159004867496||0.009194159004867496
笑福亭鶴瓶||1848||1848||23||23||0.012445887445887446||0.012445887445887446
豊崎愛生||1848||1848||113||113||0.061147186147186144||0.061147186147186144
逸見政孝||1846||1846||15||15||0.008125677139761646||0.008125677139761646
東方Projectの登場人物||1846||1846||79||79||0.04279523293607801||0.04279523293607801
GReeeeN||1846||1846||49||49||0.026543878656554713||0.026543878656554713
秋田テレビ||1845||1845||10||10||0.005420054200542005||0.005420054200542005
遊佐浩二||1845||1845||15||15||0.008130081300813009||0.008130081300813009
A&G 超RADIO SHOW〜アニスパ!〜||1844||1844||12||12||0.006507592190889371||0.006507592190889371
ぐるぐるナインティナイン||1843||1843||20||20||0.010851871947911014||0.010851871947911014
PON!||1842||1842||42||42||0.02280130293159609||0.02280130293159609
ワンワンパッコロ!キャラともワールド||1842||1842||31||31||0.016829533116178068||0.016829533116178068
北千住駅||1841||1841||32||32||0.017381857686040194||0.017381857686040194
堂本光一||1841||1841||18||18||0.00977729494839761||0.00977729494839761
脳内エステ IQサプリ||1840||1840||21||21||0.01141304347826087||0.01141304347826087
専修大学の人物一覧||1839||1839||11||11||0.005981511691136488||0.005981511691136488
1988年||1838||1838||25||25||0.013601741022850925||0.013601741022850925
8時だョ!全員集合||1838||1838||25||25||0.013601741022850925||0.013601741022850925
スーパー戦隊Vシネマ||1838||1838||31||31||0.016866158868335146||0.016866158868335146
大塚芳忠||1837||1837||25||25||0.013609145345672292||0.013609145345672292
はなかっぱ||1837||1837||28||28||0.015242242787152967||0.015242242787152967
国鉄201系電車||1836||1836||69||69||0.03758169934640523||0.03758169934640523
サントリー||1836||1836||12||12||0.006535947712418301||0.006535947712418301
あたしンち||1834||1834||30||30||0.016357688113413305||0.016357688113413305
しゃべくり007||1833||1833||35||35||0.019094380796508457||0.019094380796508457
JR東日本209系電車||1832||1832||116||116||0.06331877729257641||0.06331877729257641
FOMA||1828||1828||1||1||5.470459518599562E-4||5.470459518599562E-4
日本選手権シリーズ||1828||1828||20||20||0.010940919037199124||0.010940919037199124
ベガルタ仙台||1826||1826||10||10||0.00547645125958379||0.00547645125958379
東京タワー||1825||1825||40||40||0.021917808219178082||0.021917808219178082
1985年||1825||1825||36||36||0.019726027397260273||0.019726027397260273
ニセコイ||1825||1825||61||61||0.033424657534246574||0.033424657534246574
ウルトラマンネクサス||1823||1823||67||67||0.036752605595172794||0.036752605595172794
ガンバ大阪||1822||1822||64||64||0.03512623490669594||0.03512623490669594
檜山修之||1822||1822||45||45||0.02469813391877058||0.02469813391877058
青野武||1821||1821||35||35||0.019220208676551345||0.019220208676551345
浅野真澄||1821||1821||40||40||0.021965952773201538||0.021965952773201538
ウェザーニュースLiVE||1820||1820||25||25||0.013736263736263736||0.013736263736263736
中日ドラゴンズの選手一覧||1819||1819||46||46||0.025288620120945574||0.025288620120945574
フランス||1819||1819||100||100||0.05497526113249038||0.05497526113249038
消費税||1817||1817||40||40||0.02201430930104568||0.02201430930104568
中田英寿||1817||1817||33||33||0.018161805173362685||0.018161805173362685
絶体絶命でんぢゃらすじーさん||1817||1817||14||14||0.007705008255365988||0.007705008255365988

