
Page||Recent Revisions||Total Revisions||Recent Reverts||Total Reverts||Recent Contention||Total Contention
ZIP!/history20181110||5172||5172||103||103||0.01991492652745553||0.01991492652745553
海賊戦隊ゴーカイジャー/log20120602||5041||5041||169||169||0.03352509422733584||0.03352509422733584
ONE PIECEの登場人物一覧/log||5010||5010||25||25||0.00499001996007984||0.00499001996007984
名探偵コナンの登場人物/history20180113||4918||4918||159||159||0.03233021553477023||0.03233021553477023
アニメ+/history20190113||4896||4896||22||22||0.004493464052287581||0.004493464052287581
ゲゲゲの鬼太郎の登場キャラクター/history20190113||4892||4892||28||28||0.005723630417007359||0.005723630417007359
ちちんぷいぷい (テレビ番組)/history20180113||4878||4878||51||51||0.010455104551045511||0.010455104551045511
相棒の登場人物/history20190113||4848||4848||107||107||0.02207095709570957||0.02207095709570957
3年B組金八先生)/history20180113||4838||4838||83||83||0.01715584952459694||0.01715584952459694
SASUKE/history20180113||4830||4830||51||51||0.010559006211180125||0.010559006211180125
青森放送/history20180113||4827||4827||17||17||0.0035218562253987984||0.0035218562253987984
海賊 (ONE PIECE)/history20180113||4791||4791||291||291||0.06073888541014402||0.06073888541014402
AKB48/log20110116||4789||4789||199||199||0.04155356024222176||0.04155356024222176
めざましテレビ/history20190417||4781||4781||67||67||0.014013804643380047||0.014013804643380047
オールスター感謝祭/history20190417||4770||4770||134||134||0.028092243186582808||0.028092243186582808
イナズマイレブンの登場人物/history20150222||4752||4752||60||60||0.012626262626262626||0.012626262626262626
ONE PIECEの登場人物一覧||4715||4715||292||292||0.06193001060445387||0.06193001060445387
WWEに所属する人物一覧||4694||4694||14||14||0.002982530890498509||0.002982530890498509
新日本プロレス/history20160321||4658||4658||32||32||0.006869901245169601||0.006869901245169601
仮面ライダーフォーゼ||4645||4645||97||97||0.020882669537136706||0.020882669537136706
SMAP||4635||4635||211||211||0.04552319309600863||0.04552319309600863
情報ライブ ミヤネ屋||4630||4630||60||60||0.012958963282937365||0.012958963282937365
フジテレビジョン||4621||4621||89||89||0.01925990045444709||0.01925990045444709
ゲームセンターCX/history20160321||4614||4614||28||28||0.006068487212830516||0.006068487212830516
スーパー戦隊シリーズ/history20160321||4591||4591||77||77||0.016771945109997823||0.016771945109997823
AKB48/history20160321||4587||4587||468||468||0.10202746893394375||0.10202746893394375
相棒/history20150820||4577||4577||186||186||0.04063797247105091||0.04063797247105091
福山潤||4568||4568||195||195||0.04268826619964974||0.04268826619964974
仮面ライダーディケイド/log20091223||4546||4546||174||174||0.03827540695116586||0.03827540695116586
めちゃ×2イケてるッ!||4531||4531||121||121||0.026704921650849704||0.026704921650849704
24時間テレビ 「愛は地球を救う」/history20160321||4527||4527||115||115||0.025403136735144688||0.025403136735144688
アニメ版ポケットモンスターの登場人物/history20160321||4513||4513||59||59||0.013073343673831155||0.013073343673831155
モーニング娘。||4504||4504||153||153||0.03396980461811723||0.03396980461811723
読売ジャイアンツ||4503||4503||120||120||0.02664890073284477||0.02664890073284477
仮面ライダー電王/log20080331||4485||4485||26||26||0.005797101449275362||0.005797101449275362
銀魂 (アニメ)||4413||4413||23||23||0.005211874008610922||0.005211874008610922
プリキュアシリーズ||4400||4400||210||210||0.04772727272727273||0.04772727272727273
グルメチキンレース・ゴチになります!||4388||4388||62||62||0.014129443938012761||0.014129443938012761
仮面ライダー鎧武/ガイム||4388||4388||157||157||0.03577939835916135||0.03577939835916135
トリコ||4368||4368||109||109||0.024954212454212456||0.024954212454212456
BLEACHの登場人物||4360||4360||59||59||0.01353211009174312||0.01353211009174312
阪神タイガース||4327||4327||134||134||0.03096833834065172||0.03096833834065172
天才てれびくんシリーズのドラマ||4322||4322||85||85||0.01966682091624248||0.01966682091624248
成田国際空港||4320||4320||63||63||0.014583333333333334||0.014583333333333334
安倍晋三||4316||4316||430||430||0.09962928637627433||0.09962928637627433
テレビ東京||4273||4273||93||93||0.02176456821904985||0.02176456821904985
関西国際空港||4261||4261||54||54||0.012673081436282563||0.012673081436282563
龍が如くシリーズの登場人物||4249||4249||32||32||0.007531183807954813||0.007531183807954813
銀魂の登場人物一覧||4246||4246||59||59||0.013895430993876589||0.013895430993876589
ジャニーズJr.||4240||4240||138||138||0.032547169811320754||0.032547169811320754
Yes!プリキュア5||4234||4234||98||98||0.023145961265942372||0.023145961265942372
SKE48||4221||4221||198||198||0.046908315565031986||0.046908315565031986
仮面ライダーシリーズ||4213||4213||147||147||0.034892000949442205||0.034892000949442205
VS嵐||4189||4189||58||58||0.013845786583910242||0.013845786583910242
トヨタ自動車||4182||4182||136||136||0.032520325203252036||0.032520325203252036
森田一義アワー 笑っていいとも!/log20130117||4178||4178||46||46||0.011010052656773576||0.011010052656773576
けいおん!/log20120612||4172||4172||309||309||0.07406519654841802||0.07406519654841802
スーパーJチャンネル||4158||4158||126||126||0.030303030303030304||0.030303030303030304
中部国際空港||4154||4154||57||57||0.0137217140105922||0.0137217140105922
ドラゴンボール||4132||4132||158||158||0.03823814133591481||0.03823814133591481
ドラゴンボールの登場人物||4094||4094||104||104||0.025403028822667317||0.025403028822667317
水樹奈々||4089||4089||191||191||0.046710687209586696||0.046710687209586696
舞-乙HiME/log20120619||4089||4089||2||2||4.891171435558817E-4||4.891171435558817E-4
石原慎太郎||4084||4084||142||142||0.034769833496571985||0.034769833496571985
SAMURAI BASEBALL||4081||4081||49||49||0.012006861063464836||0.012006861063464836
パネルクイズ アタック25||4058||4058||80||80||0.019714144898965006||0.019714144898965006
新世紀エヴァンゲリオン||4050||4050||129||129||0.03185185185185185||0.03185185185185185
日本航空123便墜落事故||4035||4035||96||96||0.02379182156133829||0.02379182156133829
M-1グランプリ||4022||4022||34||34||0.008453505718547987||0.008453505718547987
銀魂/log20081129||4001||4001||15||15||0.003749062734316421||0.003749062734316421
早稲田大学の人物一覧||3986||3986||31||31||0.007777220270948319||0.007777220270948319
嵐 (グループ)||3982||3982||222||222||0.055750878955298844||0.055750878955298844
パワーパフガールズ||3977||3977||47||47||0.011817953231078702||0.011817953231078702
黒子のバスケ||3941||3941||95||95||0.024105556965237248||0.024105556965237248
奥州市||3934||3934||11||11||0.0027961362480935434||0.0027961362480935434
小沢一郎||3932||3932||161||161||0.040946083418107834||0.040946083418107834
太鼓の達人||3931||3931||103||103||0.026201984227931824||0.026201984227931824
東京都出身の人物一覧||3931||3931||20||20||0.005087763927753753||0.005087763927753753
平成||3914||3914||89||89||0.022738886050076648||0.022738886050076648
2015年のテレビ (日本)||3906||3906||24||24||0.006144393241167435||0.006144393241167435
国鉄485系電車||3897||3897||52||52||0.01334359763920965||0.01334359763920965
笑点/log20110201||3890||3890||19||19||0.004884318766066838||0.004884318766066838
広島県出身の人物一覧||3886||3886||11||11||0.0028306742151312406||0.0028306742151312406
日本プロサッカーリーグ||3882||3882||92||92||0.02369912416280268||0.02369912416280268
BLEACH/log20080419||3877||3877||20||20||0.005158627805003869||0.005158627805003869
明石家さんま||3876||3876||102||102||0.02631578947368421||0.02631578947368421
サザエさんの登場人物||3876||3876||173||173||0.04463364293085655||0.04463364293085655
明治大学||3872||3872||90||90||0.02324380165289256||0.02324380165289256
櫻井孝宏||3864||3864||86||86||0.022256728778467908||0.022256728778467908
モンスターハンターのモンスター一覧||3852||3852||54||54||0.014018691588785047||0.014018691588785047
獣電戦隊キョウリュウジャー||3852||3852||135||135||0.035046728971962614||0.035046728971962614
北海道日本ハムファイターズ||3849||3849||71||71||0.018446349701221096||0.018446349701221096
愛知県出身の人物一覧||3843||3843||33||33||0.00858704137392662||0.00858704137392662
仮面ライダーW/log20110201||3843||3843||77||77||0.020036429872495445||0.020036429872495445
大韓民国||3819||3819||251||251||0.06572401152134066||0.06572401152134066
テレビ神奈川||3817||3817||29||29||0.007597589730154571||0.007597589730154571
仮面ライダーシリーズ登場怪人一覧||3801||3801||281||281||0.07392791370691923||0.07392791370691923
NARUTO -ナルト-の登場人物/log20120612||3800||3800||87||87||0.022894736842105263||0.022894736842105263
大喜利 (笑点)||3800||3800||129||129||0.03394736842105263||0.03394736842105263
アンパンマンの登場人物一覧/log20120613||3798||3798||69||69||0.018167456556082148||0.018167456556082148
鈴村健一||3795||3795||67||67||0.017654808959156786||0.017654808959156786
NARUTO -ナルト-||3794||3794||91||91||0.023985239852398525||0.023985239852398525
ウルトラマンメビウス/log20100825||3792||3792||39||39||0.010284810126582278||0.010284810126582278
ミュージックステーション/log20120615||3784||3784||15||15||0.003964059196617336||0.003964059196617336
福岡県出身の人物一覧||3782||3782||50||50||0.013220518244315178||0.013220518244315178
ドラえもん||3782||3782||188||188||0.04970914859862507||0.04970914859862507
EXILE/log 20120611||3778||3778||54||54||0.014293276866066702||0.014293276866066702
そこまで言って委員会NP||3772||3772||58||58||0.015376458112407211||0.015376458112407211
ナインティナインのオールナイトニッポン||3771||3771||27||27||0.007159904534606206||0.007159904534606206
機動戦士ガンダム00||3765||3765||84||84||0.022310756972111555||0.022310756972111555
アメリカ横断ウルトラクイズ||3762||3762||19||19||0.005050505050505051||0.005050505050505051
クイズダービー||3754||3754||85||85||0.022642514651038892||0.022642514651038892
B'z||3752||3752||175||175||0.04664179104477612||0.04664179104477612
銀魂の登場人物一覧/log20080904||3752||3752||3||3||7.995735607675906E-4||7.995735607675906E-4
第二次世界大戦/log20120619||3712||3712||37||37||0.009967672413793104||0.009967672413793104
浦和レッドダイヤモンズ||3710||3710||87||87||0.02345013477088949||0.02345013477088949
創価学会||3710||3710||331||331||0.08921832884097035||0.08921832884097035
クレヨンしんちゃん||3704||3704||56||56||0.01511879049676026||0.01511879049676026
静岡市||3700||3700||43||43||0.011621621621621621||0.011621621621621621
ONE PIECE/log||3694||3694||29||29||0.00785056848944234||0.00785056848944234
二宮和也||3694||3694||179||179||0.0484569572279372||0.0484569572279372
TBSテレビ||3658||3658||118||118||0.03225806451612903||0.03225806451612903
クイズ!ヘキサゴンII/log20090401||3650||3650||31||31||0.008493150684931507||0.008493150684931507
週刊少年ジャンプ||3644||3644||83||83||0.022777167947310648||0.022777167947310648
D.Gray-man||3638||3638||26||26||0.007146783947223749||0.007146783947223749
福岡ソフトバンクホークス||3638||3638||76||76||0.020890599230346345||0.020890599230346345
日本共産党||3621||3621||170||170||0.046948356807511735||0.046948356807511735
Hey! Say! JUMP||3617||3617||194||194||0.053635609621233066||0.053635609621233066
NHK紅白歌合戦||3613||3613||118||118||0.032659839468585666||0.032659839468585666
コードギアス 反逆のルルーシュ/log20080407||3610||3610||21||21||0.005817174515235457||0.005817174515235457
こちら葛飾区亀有公園前派出所||3601||3601||50||50||0.013885031935573451||0.013885031935573451
日本/log20090827||3601||3601||74||74||0.02054984726464871||0.02054984726464871
野球道 (フジテレビ系列)||3594||3594||24||24||0.00667779632721202||0.00667779632721202
家庭教師ヒットマンREBORN!/log20100415||3591||3591||128||128||0.03564466722361459||0.03564466722361459
テニスの王子様の登場人物/log20120614||3586||3586||11||11||0.003067484662576687||0.003067484662576687
水戸黄門 (パナソニック ドラマシアター)||3585||3585||15||15||0.0041841004184100415||0.0041841004184100415
ハピネスチャージプリキュア!||3571||3571||157||157||0.04396527583309997||0.04396527583309997
天装戦隊ゴセイジャー||3566||3566||99||99||0.027762198541783512||0.027762198541783512
ちびまる子ちゃんの登場人物||3561||3561||140||140||0.03931479921370402||0.03931479921370402
ジャニーズ事務所||3554||3554||109||109||0.030669667979741137||0.030669667979741137
プレイステーション3/log20100415||3548||3548||50||50||0.014092446448703494||0.014092446448703494
仮面ライダーオーズ/OOO/log20120616||3547||3547||81||81||0.022836199605300252||0.022836199605300252
関ジャニ∞||3542||3542||90||90||0.025409373235460192||0.025409373235460192
2017年のテレビ (日本)||3536||3536||27||27||0.007635746606334841||0.007635746606334841
日本テレビ放送網||3525||3525||54||54||0.015319148936170212||0.015319148936170212
Fun!BASEBALL!!||3524||3524||23||23||0.0065266742338251985||0.0065266742338251985
3DCGソフトウェア||3523||3523||6||6||0.0017030939540164632||0.0017030939540164632
麻生太郎||3523||3523||157||157||0.04456429179676412||0.04456429179676412
おかあさんといっしょ||3522||3522||41||41||0.011641113003975015||0.011641113003975015
全日本プロレス||3522||3522||14||14||0.003975014196479273||0.003975014196479273
日本の漫画家一覧||3520||3520||4||4||0.0011363636363636363||0.0011363636363636363
毎日放送||3514||3514||32||32||0.00910643141718839||0.00910643141718839
クレヨンしんちゃんの登場人物一覧||3514||3514||102||102||0.02902675014228799||0.02902675014228799
モヤモヤさまぁ〜ず2||3514||3514||31||31||0.008821855435401251||0.008821855435401251
日本体育大学||3513||3513||11||11||0.0031312268716196983||0.0031312268716196983
Axis powers ヘタリア||3511||3511||49||49||0.013956137852463685||0.013956137852463685
スーパーベースボール (テレビ朝日系列)||3501||3501||18||18||0.005141388174807198||0.005141388174807198
ネプリーグ/log20091026||3501||3501||10||10||0.0028563267637817767||0.0028563267637817767
破面||3500||3500||24||24||0.006857142857142857||0.006857142857142857
スッキリ (テレビ番組)||3496||3496||49||49||0.014016018306636156||0.014016018306636156
涼宮ハルヒシリーズ/log20090701||3492||3492||76||76||0.021764032073310423||0.021764032073310423
横浜DeNAベイスターズ||3490||3490||97||97||0.027793696275071632||0.027793696275071632
杉田智和||3486||3486||107||107||0.030694205393000575||0.030694205393000575
千葉ロッテマリーンズ||3485||3485||92||92||0.026398852223816355||0.026398852223816355
エンタの神様/log20091223||3480||3480||28||28||0.008045977011494253||0.008045977011494253
2018年のテレビ (日本)||3475||3475||49||49||0.014100719424460431||0.014100719424460431
吉本総合芸能学院||3471||3471||31||31||0.008931143762604437||0.008931143762604437
DEATH NOTEの登場人物||3441||3441||19||19||0.005521650682941005||0.005521650682941005
ケロロ軍曹の登場人物一覧/log20090210||3436||3436||5||5||0.0014551804423748546||0.0014551804423748546
おはスタ||3431||3431||47||47||0.0136986301369863||0.0136986301369863
ハロー!プロジェクト||3430||3430||65||65||0.018950437317784258||0.018950437317784258
鹿島アントラーズ||3428||3428||69||69||0.020128354725787632||0.020128354725787632
仙台市||3427||3427||50||50||0.014590020426028597||0.014590020426028597
石田彰||3426||3426||43||43||0.012551079976649154||0.012551079976649154
帝京大学||3424||3424||81||81||0.023656542056074766||0.023656542056074766
海軍 (ONE PIECE)||3419||3419||247||247||0.07224334600760456||0.07224334600760456
逆転裁判||3416||3416||46||46||0.013466042154566744||0.013466042154566744
仮面ライダーエグゼイド||3410||3410||119||119||0.034897360703812316||0.034897360703812316
中部日本放送||3406||3406||14||14||0.004110393423370522||0.004110393423370522
森川智之||3405||3405||51||51||0.014977973568281937||0.014977973568281937
とある魔術の禁書目録||3400||3400||159||159||0.046764705882352944||0.046764705882352944
2016年のテレビ (日本)||3389||3389||22||22||0.006491590439657716||0.006491590439657716
宮野真守||3386||3386||97||97||0.028647371529828707||0.028647371529828707
UHFアニメ||3385||3385||11||11||0.0032496307237813884||0.0032496307237813884
AKB48のオールナイトニッポン||3384||3384||162||162||0.047872340425531915||0.047872340425531915
仮面ライダードライブ||3384||3384||156||156||0.04609929078014184||0.04609929078014184
織田信長||3382||3382||169||169||0.04997043169722058||0.04997043169722058
ゲゲゲの鬼太郎 (アニメ)||3381||3381||70||70||0.020703933747412008||0.020703933747412008
ガールズ&パンツァー||3377||3377||115||115||0.03405389398874741||0.03405389398874741
水曜どうでしょう||3376||3376||22||22||0.006516587677725118||0.006516587677725118
東京大学の人物一覧||3374||3374||25||25||0.007409602845287492||0.007409602845287492
乃木坂46||3368||3368||342||342||0.10154394299287411||0.10154394299287411
浪川大輔||3351||3351||62||62||0.01850193971948672||0.01850193971948672
オールナイトニッポン||3348||3348||40||40||0.011947431302270013||0.011947431302270013
神谷浩史||3347||3347||117||117||0.03495667762175082||0.03495667762175082
日本放送協会||3346||3346||129||129||0.03855349671249253||0.03855349671249253
沢城みゆき||3345||3345||96||96||0.028699551569506727||0.028699551569506727
ケロロ軍曹||3341||3341||26||26||0.007782101167315175||0.007782101167315175
慶應義塾大学の人物一覧||3338||3338||54||54||0.016177351707609346||0.016177351707609346
宇宙戦艦ヤマト2199||3338||3338||25||25||0.007489514679448772||0.007489514679448772
北海道出身の人物一覧||3330||3330||40||40||0.012012012012012012||0.012012012012012012
ONE PIECE (アニメ)||3302||3302||107||107||0.032404603270745||0.032404603270745
東京駅||3293||3293||105||105||0.031885818402672336||0.031885818402672336
サザエさん (テレビアニメ)||3285||3285||151||151||0.045966514459665146||0.045966514459665146
サザンオールスターズ||3279||3279||83||83||0.02531259530344617||0.02531259530344617
探偵!ナイトスクープ||3278||3278||37||37||0.011287370347773032||0.011287370347773032
一橋大学の人物一覧||3268||3268||12||12||0.0036719706242350062||0.0036719706242350062
FAIRY TAILの登場人物||3256||3256||134||134||0.041154791154791155||0.041154791154791155
仮面ライダーカブト||3255||3255||59||59||0.018125960061443933||0.018125960061443933
広島東洋カープ||3252||3252||108||108||0.033210332103321034||0.033210332103321034
ウルトラマン||3251||3251||115||115||0.035373731159643186||0.035373731159643186
ドラえもん (1979年のテレビアニメ)||3249||3249||52||52||0.01600492459218221||0.01600492459218221
クイズ!ヘキサゴンII||3248||3248||132||132||0.04064039408866995||0.04064039408866995
ズームイン!!SUPER/log20091228||3247||3247||8||8||0.0024638127502309825||0.0024638127502309825
DEATH NOTE||3247||3247||54||54||0.016630736064059133||0.016630736064059133
自由民主党 (日本)||3245||3245||156||156||0.04807395993836672||0.04807395993836672
連続テレビ小説||3237||3237||98||98||0.03027494593759654||0.03027494593759654
新庄剛志||3237||3237||24||24||0.0074142724745134385||0.0074142724745134385
東北楽天ゴールデンイーグルス||3236||3236||86||86||0.02657601977750309||0.02657601977750309
マイケル・ジャクソン||3236||3236||101||101||0.031211372064276884||0.031211372064276884
国鉄103系電車||3231||3231||49||49||0.015165583410708759||0.015165583410708759
スマイルプリキュア!||3229||3229||150||150||0.04645401052957572||0.04645401052957572
キン肉マンの登場人物||3224||3224||26||26||0.008064516129032258||0.008064516129032258
機動戦士ガンダム 鉄血のオルフェンズ||3224||3224||117||117||0.036290322580645164||0.036290322580645164
イチロー||3222||3222||168||168||0.0521415270018622||0.0521415270018622
日産自動車||3218||3218||68||68||0.02113113735239279||0.02113113735239279
仮面ライダーウィザード||3210||3210||113||113||0.03520249221183801||0.03520249221183801
小野大輔||3198||3198||55||55||0.01719824890556598||0.01719824890556598
手塚治虫||3197||3197||35||35||0.010947763528307789||0.010947763528307789
Nスタ||3188||3188||47||47||0.014742785445420327||0.014742785445420327
Dr.スランプ||3185||3185||43||43||0.013500784929356358||0.013500784929356358
大阪府出身の人物一覧||3184||3184||19||19||0.005967336683417085||0.005967336683417085
Dr.スランプ アラレちゃん||3181||3181||54||54||0.016975793775542283||0.016975793775542283
NMB48||3180||3180||150||150||0.04716981132075472||0.04716981132075472
東京喰種トーキョーグール||3153||3153||26||26||0.008246114811290834||0.008246114811290834
とある魔術の禁書目録の登場人物||3150||3150||159||159||0.05047619047619047||0.05047619047619047
堀江由衣||3142||3142||48||48||0.015276893698281349||0.015276893698281349
全国高等学校クイズ選手権||3137||3137||72||72||0.02295186483901817||0.02295186483901817
徳川家康||3136||3136||164||164||0.05229591836734694||0.05229591836734694
能登麻美子||3131||3131||57||57||0.01820504631108272||0.01820504631108272
ONE PIECE||3131||3131||382||382||0.12200574896199297||0.12200574896199297
AAA (音楽グループ)||3120||3120||82||82||0.026282051282051282||0.026282051282051282
子安武人||3117||3117||43||43||0.013795316008982997||0.013795316008982997
獣拳戦隊ゲキレンジャー||3116||3116||88||88||0.028241335044929396||0.028241335044929396
金色のガッシュ!!の登場人物||3112||3112||18||18||0.005784061696658098||0.005784061696658098
東京放送ホールディングス||3108||3108||40||40||0.01287001287001287||0.01287001287001287
法政大学の人物一覧||3104||3104||21||21||0.0067654639175257734||0.0067654639175257734
侍戦隊シンケンジャー||3104||3104||85||85||0.0273840206185567||0.0273840206185567
ダウンタウンのガキの使いやあらへんで!||3102||3102||40||40||0.012894906511927788||0.012894906511927788
錦戸亮||3102||3102||91||91||0.02933591231463572||0.02933591231463572
Perfume||3097||3097||124||124||0.04003874717468518||0.04003874717468518
秋田放送||3086||3086||7||7||0.002268308489954634||0.002268308489954634
今井麻美||3085||3085||73||73||0.02366288492706645||0.02366288492706645
ドラえもんの登場人物一覧||3084||3084||120||120||0.038910505836575876||0.038910505836575876
王貞治||3082||3082||61||61||0.019792342634652824||0.019792342634652824
クイズ世界はSHOW by ショーバイ!!||3081||3081||20||20||0.006491398896462187||0.006491398896462187
世界一の一覧||3080||3080||41||41||0.013311688311688311||0.013311688311688311
ポケットモンスター (アニメ)||3077||3077||41||41||0.013324666883327917||0.013324666883327917
ケロロ軍曹 (アニメ)||3073||3073||34||34||0.011064106736088514||0.011064106736088514
ドキドキ!プリキュア||3073||3073||77||77||0.025056947608200455||0.025056947608200455
暗殺教室||3069||3069||128||128||0.041707396546106223||0.041707396546106223
ハヤテのごとく!の登場人物||3067||3067||97||97||0.03162699706553636||0.03162699706553636
前田敦子||3065||3065||380||380||0.12398042414355628||0.12398042414355628
釘宮理恵||3064||3064||93||93||0.030352480417754568||0.030352480417754568
中日ドラゴンズ||3059||3059||73||73||0.02386400784570121||0.02386400784570121
大野智||3053||3053||127||127||0.041598427775958076||0.041598427775958076
松井秀喜||3050||3050||115||115||0.03770491803278689||0.03770491803278689
日本航空||3048||3048||60||60||0.01968503937007874||0.01968503937007874
世界平和統一家庭連合||3045||3045||105||105||0.034482758620689655||0.034482758620689655
東海道新幹線||3044||3044||87||87||0.028580814717477004||0.028580814717477004
仮面ライダーディケイド||3039||3039||151||151||0.04968739717012175||0.04968739717012175
タモリ||3036||3036||136||136||0.04479578392621871||0.04479578392621871
SCHOOL OF LOCK!||3024||3024||30||30||0.00992063492063492||0.00992063492063492
DDTプロレスリング||3017||3017||1||1||3.3145508783559825E-4||3.3145508783559825E-4
進撃の巨人||3015||3015||83||83||0.027529021558872307||0.027529021558872307
2014年のテレビ (日本)||3014||3014||11||11||0.0036496350364963502||0.0036496350364963502
ダウンタウンのガキの使いやあらへんで!!の企画||3011||3011||31||31||0.010295582862836267||0.010295582862836267
HUNTER×HUNTERの登場人物||3010||3010||58||58||0.019269102990033222||0.019269102990033222
新宿駅||3009||3009||55||55||0.018278497839813893||0.018278497839813893
Run for money 逃走中||3003||3003||75||75||0.024975024975024976||0.024975024975024976
仮面ライダーゴースト||2997||2997||202||202||0.06740073406740073||0.06740073406740073
Fate/stay night||2996||2996||73||73||0.024365821094793058||0.024365821094793058
諏訪部順一||2995||2995||63||63||0.021035058430717863||0.021035058430717863
菅直人||2990||2990||157||157||0.05250836120401338||0.05250836120401338
轟轟戦隊ボウケンジャー||2989||2989||48||48||0.01605888256942121||0.01605888256942121
ポルノグラフィティ||2983||2983||56||56||0.018773047267851155||0.018773047267851155
オリックス・バファローズ||2981||2981||55||55||0.01845018450184502||0.01845018450184502
日本||2967||2967||405||405||0.1365015166835187||0.1365015166835187
行列のできる法律相談所||2955||2955||114||114||0.03857868020304569||0.03857868020304569
名探偵コナン (アニメ)||2955||2955||77||77||0.026057529610829102||0.026057529610829102
中村悠一||2949||2949||93||93||0.03153611393692777||0.03153611393692777
らき☆すた||2946||2946||40||40||0.013577732518669382||0.013577732518669382
魔人探偵脳噛ネウロ||2946||2946||10||10||0.0033944331296673455||0.0033944331296673455
THE IDOLM@STERの登場人物||2945||2945||113||113||0.03837011884550085||0.03837011884550085
こちら葛飾区亀有公園前派出所の登場人物||2944||2944||77||77||0.026154891304347828||0.026154891304347828
東京ヤクルトスワローズ||2943||2943||76||76||0.02582398912674142||0.02582398912674142
古畑任三郎||2943||2943||23||23||0.00781515460414543||0.00781515460414543
新幹線||2939||2939||80||80||0.027220142905750255||0.027220142905750255
クレヨンしんちゃん (アニメ)||2936||2936||100||100||0.0340599455040872||0.0340599455040872
福山雅治||2935||2935||82||82||0.027938671209540033||0.027938671209540033
京都放送||2928||2928||24||24||0.00819672131147541||0.00819672131147541
新潟市||2927||2927||38||38||0.012982576016399043||0.012982576016399043
常磐線||2927||2927||56||56||0.019132217287324907||0.019132217287324907
プロレスリング・ノア||2926||2926||28||28||0.009569377990430622||0.009569377990430622
トリビアの泉 〜素晴らしきムダ知識〜||2922||2922||25||25||0.008555783709787816||0.008555783709787816
マジカル頭脳パワー!!||2917||2917||39||39||0.013369900582790539||0.013369900582790539
FNNスーパーニュース||2907||2907||19||19||0.006535947712418301||0.006535947712418301
AKBINGO!||2904||2904||124||124||0.04269972451790634||0.04269972451790634
MAJORの登場人物||2899||2899||44||44||0.015177647464642981||0.015177647464642981
静岡放送||2894||2894||47||47||0.01624049758120249||0.01624049758120249
コード・ブルー -ドクターヘリ緊急救命-||2894||2894||95||95||0.03282653766413269||0.03282653766413269
山寺宏一||2893||2893||54||54||0.018665744901486345||0.018665744901486345
BUMP OF CHICKEN||2883||2883||84||84||0.029136316337148804||0.029136316337148804
SLAM DUNKの登場人物||2882||2882||26||26||0.009021512838306732||0.009021512838306732
夫婦別姓||2882||2882||43||43||0.014920194309507287||0.014920194309507287
DRAGON GATE||2878||2878||31||31||0.010771369006254344||0.010771369006254344
桃太郎電鉄シリーズ||2877||2877||15||15||0.005213764337851929||0.005213764337851929
バンプレストオリジナルのキャラクター一覧||2874||2874||5||5||0.0017397355601948504||0.0017397355601948504
SMAP×SMAP||2872||2872||43||43||0.014972144846796657||0.014972144846796657
ももいろクローバーZ||2872||2872||130||130||0.04526462395543175||0.04526462395543175
笑ってはいけないシリーズ||2872||2872||27||27||0.009401114206128134||0.009401114206128134
News zero||2871||2871||53||53||0.018460466736328805||0.018460466736328805
全日本空輸||2864||2864||31||31||0.010824022346368716||0.010824022346368716
魔法少女まどか☆マギカ||2864||2864||186||186||0.06494413407821228||0.06494413407821228
山下智久||2864||2864||147||147||0.0513268156424581||0.0513268156424581
2006年||2859||2859||51||51||0.017838405036726127||0.017838405036726127
仮面ライダービルド||2859||2859||81||81||0.02833158447009444||0.02833158447009444
北海道放送||2849||2849||12||12||0.004212004212004212||0.004212004212004212
バイキング (テレビ番組)||2849||2849||39||39||0.01368901368901369||0.01368901368901369
まれ||2848||2848||80||80||0.028089887640449437||0.028089887640449437
妖怪ウォッチ||2846||2846||62||62||0.02178496134926212||0.02178496134926212
東京大学||2845||2845||91||91||0.031985940246045695||0.031985940246045695
ローゼンメイデン/history 20130917||2843||2843||43||43||0.015124868097080548||0.015124868097080548
News every.||2839||2839||67||67||0.023599859105318775||0.023599859105318775
Kis-My-Ft2||2838||2838||163||163||0.05743481324876674||0.05743481324876674
ガンダムシリーズの登場機動兵器一覧||2834||2834||15||15||0.00529287226534933||0.00529287226534933
植田佳奈||2832||2832||80||80||0.02824858757062147||0.02824858757062147
ちびまる子ちゃん||2817||2817||89||89||0.03159389421370252||0.03159389421370252
アンパンマンの登場人物一覧||2815||2815||69||69||0.024511545293072826||0.024511545293072826
平野綾||2814||2814||168||168||0.05970149253731343||0.05970149253731343
ゲームセンターCXの放送内容||2810||2810||15||15||0.005338078291814947||0.005338078291814947
草なぎ剛||2808||2808||112||112||0.039886039886039885||0.039886039886039885
ダンボール戦機||2807||2807||44||44||0.015675097969362308||0.015675097969362308
声優||2806||2806||38||38||0.0135424091233072||0.0135424091233072
機動戦士ガンダムAGE||2802||2802||101||101||0.036045681655960025||0.036045681655960025
クイズタイムショック||2798||2798||22||22||0.007862759113652609||0.007862759113652609
近畿日本鉄道||2798||2798||43||43||0.015368120085775554||0.015368120085775554
サトシ (アニメポケットモンスター)||2797||2797||44||44||0.015731140507686807||0.015731140507686807
千葉テレビ放送||2794||2794||22||22||0.007874015748031496||0.007874015748031496
浅田真央||2792||2792||82||82||0.029369627507163324||0.029369627507163324
GTO (漫画)||2778||2778||26||26||0.009359251259899209||0.009359251259899209
Au (携帯電話)||2776||2776||52||52||0.018731988472622477||0.018731988472622477
エホバの証人||2775||2775||106||106||0.0381981981981982||0.0381981981981982
橋下徹||2775||2775||94||94||0.033873873873873875||0.033873873873873875
仮面ライダーSPIRITS||2770||2770||33||33||0.011913357400722021||0.011913357400722021
国鉄115系電車||2769||2769||55||55||0.01986276634163958||0.01986276634163958
井上麻里奈||2766||2766||111||111||0.04013015184381779||0.04013015184381779
緑川光||2765||2765||52||52||0.018806509945750453||0.018806509945750453
西日本旅客鉄道||2762||2762||51||51||0.018464880521361332||0.018464880521361332
中居正広||2757||2757||139||139||0.050417120058034094||0.050417120058034094
福山市||2756||2756||11||11||0.0039912917271407835||0.0039912917271407835
大塚明夫||2756||2756||30||30||0.01088534107402032||0.01088534107402032
ゲームセンターCX 有野の挑戦||2754||2754||50||50||0.01815541031227306||0.01815541031227306
IBC岩手放送||2753||2753||29||29||0.010533962949509626||0.010533962949509626
発車メロディ||2752||2752||14||14||0.005087209302325582||0.005087209302325582
関智一||2751||2751||59||59||0.021446746637586334||0.021446746637586334
山下達郎||2750||2750||31||31||0.011272727272727273||0.011272727272727273
下野紘||2749||2749||131||131||0.0476536922517279||0.0476536922517279
アニメシャワー||2749||2749||6||6||0.0021826118588577663||0.0021826118588577663
GLAY||2748||2748||73||73||0.026564774381368266||0.026564774381368266
読売ジャイアンツの選手一覧||2748||2748||110||110||0.04002911208151383||0.04002911208151383
モンキー・D・ルフィ||2746||2746||221||221||0.08048069919883467||0.08048069919883467
浜松市||2745||2745||42||42||0.015300546448087432||0.015300546448087432
喜多村英梨||2741||2741||101||101||0.03684786574242977||0.03684786574242977
特命戦隊ゴーバスターズ||2738||2738||80||80||0.029218407596785977||0.029218407596785977
清原和博||2737||2737||78||78||0.028498355864084765||0.028498355864084765
FNS27時間テレビ||2734||2734||33||33||0.012070226773957572||0.012070226773957572
紙兎ロペ||2726||2726||10||10||0.003668378576669112||0.003668378576669112
暁 (NARUTO)||2723||2723||89||89||0.03268453911127433||0.03268453911127433
小室哲哉||2721||2721||23||23||0.008452774715178243||0.008452774715178243
日本の高校野球||2719||2719||59||59||0.021699154100772344||0.021699154100772344
やしきたかじん||2716||2716||58||58||0.021354933726067747||0.021354933726067747
朝日放送グループホールディングス||2715||2715||35||35||0.01289134438305709||0.01289134438305709
ハートキャッチプリキュア!||2707||2707||103||103||0.03804950129294422||0.03804950129294422
NHKのアナウンサー一覧||2706||2706||24||24||0.008869179600886918||0.008869179600886918
東北地方太平洋沖地震||2704||2704||88||88||0.03254437869822485||0.03254437869822485
ニッポン放送||2700||2700||27||27||0.01||0.01
2005年||2698||2698||34||34||0.012601927353595256||0.012601927353595256
とんねるずのみなさんのおかげでした||2694||2694||28||28||0.010393466963622866||0.010393466963622866
渋谷駅||2694||2694||59||59||0.02190051967334818||0.02190051967334818
花澤香菜||2691||2691||158||158||0.058714232627276104||0.058714232627276104
天皇||2688||2688||211||211||0.07849702380952381||0.07849702380952381
ICOCA||2687||2687||46||46||0.017119464086341647||0.017119464086341647
中国放送||2687||2687||35||35||0.013025679196129512||0.013025679196129512
ポケットモンスターSPECIALの登場人物||2687||2687||15||15||0.005582433941198363||0.005582433941198363
めだかボックス||2686||2686||97||97||0.03611317944899479||0.03611317944899479
名探偵コナン||2678||2678||73||73||0.02725914861837192||0.02725914861837192
野村克也||2675||2675||78||78||0.029158878504672896||0.029158878504672896
しゅごキャラ!||2671||2671||20||20||0.007487832272557095||0.007487832272557095
横浜駅||2666||2666||43||43||0.016129032258064516||0.016129032258064516
仮面ライダー||2665||2665||100||100||0.0375234521575985||0.0375234521575985
キラキラ☆プリキュアアラモード||2664||2664||77||77||0.028903903903903905||0.028903903903903905
八王子市||2662||2662||26||26||0.009767092411720512||0.009767092411720512
戦国BASARAの登場人物||2662||2662||50||50||0.018782870022539443||0.018782870022539443
林原めぐみ||2657||2657||47||47||0.017689123071132858||0.017689123071132858
レアル・マドリード||2652||2652||40||40||0.015082956259426848||0.015082956259426848
HUNTER×HUNTER||2644||2644||82||82||0.031013615733736764||0.031013615733736764
浪曲||2639||2639||6||6||0.0022735884804850324||0.0022735884804850324
都市伝説一覧||2632||2632||46||46||0.017477203647416412||0.017477203647416412
朝鮮民主主義人民共和国||2627||2627||179||179||0.06813856109630757||0.06813856109630757
NARUTO -ナルト- 疾風伝||2626||2626||57||57||0.021706016755521706||0.021706016755521706
白鵬翔||2625||2625||71||71||0.027047619047619046||0.027047619047619046
日本のラジオパーソナリティ一覧||2622||2622||8||8||0.0030511060259344014||0.0030511060259344014
在日韓国・朝鮮人||2617||2617||213||213||0.08139090561711884||0.08139090561711884
朝ズバッ!||2617||2617||38||38||0.014520443255636225||0.014520443255636225
日本テレビ制作局制作番組の分野別一覧||2615||2615||6||6||0.002294455066921606||0.002294455066921606
阪神・淡路大震災||2615||2615||55||55||0.021032504780114723||0.021032504780114723
東京箱根間往復大学駅伝競走||2614||2614||17||17||0.006503442999234889||0.006503442999234889
アドルフ・ヒトラー||2614||2614||70||70||0.026778882938026015||0.026778882938026015
東海テレビ放送||2612||2612||18||18||0.006891271056661562||0.006891271056661562
FAIRY TAIL||2612||2612||77||77||0.029479326186830017||0.029479326186830017
ダウンタウン (お笑いコンビ)||2611||2611||36||36||0.013787820758330141||0.013787820758330141
大江戸捜査網||2608||2608||7||7||0.0026840490797546013||0.0026840490797546013
東日本大震災||2607||2607||100||100||0.038358266206367474||0.038358266206367474
スイートプリキュア♪||2606||2606||113||113||0.04336147352264006||0.04336147352264006
中川翔子||2605||2605||117||117||0.04491362763915547||0.04491362763915547
涼宮ハルヒの憂鬱 (アニメ)||2598||2598||95||95||0.0365665896843726||0.0365665896843726
玄田哲章||2596||2596||56||56||0.02157164869029276||0.02157164869029276
帰ってきたウルトラマン||2596||2596||76||76||0.029275808936825885||0.029275808936825885
岡山放送||2595||2595||12||12||0.004624277456647399||0.004624277456647399
戦国BASARA||2595||2595||30||30||0.011560693641618497||0.011560693641618497
パナソニック||2594||2594||66||66||0.025443330763299923||0.025443330763299923
ゆず (音楽グループ)||2593||2593||44||44||0.016968762051677595||0.016968762051677595
劇場版 仮面ライダーディケイド オールライダー対大ショッカー||2591||2591||116||116||0.04477035893477422||0.04477035893477422
小泉純一郎||2591||2591||73||73||0.028174450019297567||0.028174450019297567
日本大学||2587||2587||100||100||0.038654812524159254||0.038654812524159254
HiGH&LOW〜THE STORY OF S.W.O.R.D.〜||2587||2587||7||7||0.002705836876691148||0.002705836876691148
東京スカイツリー||2584||2584||129||129||0.04992260061919505||0.04992260061919505
悪魔の実||2583||2583||316||316||0.12233836624080527||0.12233836624080527
家庭教師ヒットマンREBORN!の登場人物||2581||2581||34||34||0.0131731886865556||0.0131731886865556
SoftBank (携帯電話)||2580||2580||23||23||0.008914728682170543||0.008914728682170543
テレビ東京番組一覧||2580||2580||11||11||0.004263565891472868||0.004263565891472868
阿澄佳奈||2579||2579||116||116||0.04497867390461419||0.04497867390461419
嫌韓||2576||2576||116||116||0.04503105590062112||0.04503105590062112
2011年のテレビ (日本)||2575||2575||13||13||0.005048543689320388||0.005048543689320388
灼眼のシャナ||2572||2572||28||28||0.01088646967340591||0.01088646967340591
機動戦士ガンダム00シリーズの登場兵器||2568||2568||93||93||0.036214953271028034||0.036214953271028034
埼玉県出身の人物一覧||2557||2557||22||22||0.008603832616347283||0.008603832616347283
宇多田ヒカル||2556||2556||49||49||0.01917057902973396||0.01917057902973396
ザ・キング・オブ・ファイターズ||2556||2556||11||11||0.004303599374021909||0.004303599374021909
若本規夫||2556||2556||32||32||0.012519561815336464||0.012519561815336464
ソードアート・オンライン||2555||2555||120||120||0.046966731898238745||0.046966731898238745
Go!プリンセスプリキュア||2555||2555||124||124||0.04853228962818004||0.04853228962818004
テレビ朝日||2553||2553||54||54||0.021151586368977675||0.021151586368977675
仮面ライダークウガ||2552||2552||110||110||0.04310344827586207||0.04310344827586207
秘密のケンミンSHOW||2548||2548||108||108||0.0423861852433281||0.0423861852433281
Mr.Children||2546||2546||57||57||0.022388059701492536||0.022388059701492536
在日特権を許さない市民の会||2544||2544||217||217||0.08529874213836477||0.08529874213836477
ACジャパン||2543||2543||54||54||0.0212347620920173||0.0212347620920173
サイヤ人||2536||2536||87||87||0.03430599369085174||0.03430599369085174
さいたま市||2535||2535||66||66||0.02603550295857988||0.02603550295857988
東京国際空港||2535||2535||46||46||0.01814595660749507||0.01814595660749507
UVERworld||2534||2534||76||76||0.02999210734017364||0.02999210734017364
関口宏の東京フレンドパークII||2533||2533||41||41||0.016186340307935254||0.016186340307935254
神戸市||2531||2531||30||30||0.011853022520742789||0.011853022520742789
王下七武海||2530||2530||313||313||0.12371541501976284||0.12371541501976284
兵庫県出身の人物一覧||2528||2528||16||16||0.006329113924050633||0.006329113924050633
東急田園都市線||2528||2528||62||62||0.0245253164556962||0.0245253164556962
野比のび太||2526||2526||122||122||0.04829770387965162||0.04829770387965162
マリオ (ゲームキャラクター)||2520||2520||82||82||0.03253968253968254||0.03253968253968254
福島第一原子力発電所事故||2519||2519||81||81||0.03215561730845574||0.03215561730845574
サンテレビジョン||2512||2512||14||14||0.005573248407643312||0.005573248407643312
青森テレビ||2510||2510||19||19||0.007569721115537849||0.007569721115537849
デジモン一覧||2507||2507||7||7||0.002792181890706023||0.002792181890706023
任天堂||2506||2506||114||114||0.04549082202713488||0.04549082202713488
昭和天皇||2500||2500||100||100||0.04||0.04
井上喜久子||2500||2500||48||48||0.0192||0.0192
保志総一朗||2499||2499||25||25||0.010004001600640256||0.010004001600640256
コロンビア大学||2497||2497||13||13||0.005206247496996396||0.005206247496996396
ボウリング革命 P★League||2497||2497||21||21||0.00841009211053264||0.00841009211053264
2007年||2497||2497||58||58||0.023227873448137766||0.023227873448137766
島田紳助||2494||2494||139||139||0.05573376102646351||0.05573376102646351
ビートルズ||2494||2494||66||66||0.026463512429831595||0.026463512429831595
神奈川県出身の人物一覧||2494||2494||24||24||0.009623095429029671||0.009623095429029671
史上最強の弟子ケンイチの登場人物||2492||2492||40||40||0.016051364365971106||0.016051364365971106
松田聖子||2491||2491||81||81||0.03251706142111602||0.03251706142111602
FNNスーパータイム||2491||2491||28||28||0.011240465676435166||0.011240465676435166
日本一の一覧||2489||2489||40||40||0.016070711128967456||0.016070711128967456
アンパンマン||2489||2489||103||103||0.0413820811570912||0.0413820811570912
志田未来||2489||2489||46||46||0.018481317798312576||0.018481317798312576
るろうに剣心 -明治剣客浪漫譚-の登場人物一覧||2488||2488||41||41||0.01647909967845659||0.01647909967845659
妖怪ウォッチの登場キャラクター||2485||2485||40||40||0.01609657947686117||0.01609657947686117
ヤッターマン||2481||2481||25||25||0.01007658202337767||0.01007658202337767
太陽にほえろ!||2480||2480||28||28||0.01129032258064516||0.01129032258064516
イナズマイレブン||2479||2479||41||41||0.01653892698668818||0.01653892698668818
ビートたけし||2478||2478||89||89||0.035916061339790153||0.035916061339790153
ダイヤのA||2476||2476||17||17||0.006865912762520194||0.006865912762520194
ONE PIECEの用語一覧||2476||2476||190||190||0.07673667205169628||0.07673667205169628
大乱闘スマッシュブラザーズシリーズ||2475||2475||76||76||0.030707070707070707||0.030707070707070707
KAT-TUN||2475||2475||50||50||0.020202020202020204||0.020202020202020204
2ちゃんねる||2471||2471||79||79||0.03197086199919061||0.03197086199919061
遊☆戯☆王5D's||2469||2469||37||37||0.014985824220332119||0.014985824220332119
ウルトラマンティガ||2468||2468||83||83||0.033630470016207455||0.033630470016207455
アイシールド21||2468||2468||22||22||0.008914100486223663||0.008914100486223663
札幌市||2467||2467||112||112||0.04539927036886907||0.04539927036886907
日本語||2466||2466||114||114||0.046228710462287104||0.046228710462287104
20世紀少年||2466||2466||49||49||0.019870235198702353||0.019870235198702353
埼玉西武ライオンズ||2464||2464||55||55||0.022321428571428572||0.022321428571428572
三木眞一郎||2463||2463||26||26||0.010556232237109216||0.010556232237109216
日本大学の人物一覧||2463||2463||21||21||0.008526187576126675||0.008526187576126675
スーパー戦隊シリーズ登場戦士一覧||2461||2461||37||37||0.015034538805363673||0.015034538805363673
アメリカ合衆国||2461||2461||75||75||0.030475416497358798||0.030475416497358798
名古屋市||2460||2460||63||63||0.025609756097560974||0.025609756097560974
地獄先生ぬ〜べ〜の登場人物||2460||2460||12||12||0.004878048780487805||0.004878048780487805
豊臣秀吉||2460||2460||130||130||0.052845528455284556||0.052845528455284556
IS 〈インフィニット・ストラトス〉||2460||2460||73||73||0.02967479674796748||0.02967479674796748
渡辺麻友||2457||2457||286||286||0.1164021164021164||0.1164021164021164
岸尾だいすけ||2455||2455||33||33||0.013441955193482688||0.013441955193482688
ウルトラマンタロウ||2451||2451||72||72||0.02937576499388005||0.02937576499388005
広島テレビ放送||2451||2451||11||11||0.00448796409628723||0.00448796409628723
瀬戸内海放送||2451||2451||17||17||0.0069359445124439||0.0069359445124439
Suica||2449||2449||66||66||0.02694977541853818||0.02694977541853818
ザ・ベストテン||2448||2448||38||38||0.015522875816993464||0.015522875816993464
ふたりはプリキュア||2446||2446||80||80||0.032706459525756335||0.032706459525756335
星野仙一||2445||2445||101||101||0.04130879345603272||0.04130879345603272
仮面ライダー×仮面ライダー W&ディケイド MOVIE大戦2010||2444||2444||67||67||0.027414075286415714||0.027414075286415714
日笠陽子||2443||2443||92||92||0.03765861645517806||0.03765861645517806
小林ゆう||2442||2442||70||70||0.028665028665028666||0.028665028665028666
D.Gray-manの登場人物||2440||2440||31||31||0.012704918032786885||0.012704918032786885
名古屋テレビ放送||2436||2436||22||22||0.0090311986863711||0.0090311986863711
BSテレビ東京||2434||2434||71||71||0.029170090386195564||0.029170090386195564
置鮎龍太郎||2431||2431||37||37||0.015220074043603456||0.015220074043603456
HKT48||2425||2425||161||161||0.0663917525773196||0.0663917525773196
いきものがかり||2425||2425||113||113||0.046597938144329894||0.046597938144329894
鉄拳の登場人物||2425||2425||55||55||0.02268041237113402||0.02268041237113402
男性差別||2421||2421||144||144||0.05947955390334572||0.05947955390334572
あまちゃん||2420||2420||46||46||0.019008264462809916||0.019008264462809916
ディープインパクト (競走馬)||2419||2419||42||42||0.017362546506821||0.017362546506821
上地雄輔||2419||2419||69||69||0.028524183546920216||0.028524183546920216
杉原千畝||2417||2417||69||69||0.028547786512205214||0.028547786512205214
ポケットモンスター||2417||2417||73||73||0.030202730657840297||0.030202730657840297
FCバルセロナ||2416||2416||21||21||0.00869205298013245||0.00869205298013245
NTTドコモ||2414||2414||34||34||0.014084507042253521||0.014084507042253521
タモリ倶楽部||2414||2414||18||18||0.007456503728251864||0.007456503728251864
東海大学||2412||2412||37||37||0.015339966832504145||0.015339966832504145
西武鉄道||2407||2407||40||40||0.016618196925633568||0.016618196925633568
テレビ北海道||2405||2405||36||36||0.01496881496881497||0.01496881496881497
小西克幸||2402||2402||84||84||0.034970857618651124||0.034970857618651124
戦国無双シリーズ||2392||2392||8||8||0.0033444816053511705||0.0033444816053511705
蛭子能収||2389||2389||20||20||0.008371703641691083||0.008371703641691083
秘密結社鷹の爪||2389||2389||10||10||0.004185851820845542||0.004185851820845542
ゲート 自衛隊 彼の地にて、斯く戦えり||2387||2387||62||62||0.025974025974025976||0.025974025974025976
テニスの王子様||2386||2386||49||49||0.020536462699077954||0.020536462699077954
関西テレビ放送||2385||2385||47||47||0.019706498951781972||0.019706498951781972
藤原啓治||2383||2383||61||61||0.025597985732270248||0.025597985732270248
マスコットキャラクター一覧||2383||2383||9||9||0.0037767519932857744||0.0037767519932857744
近鉄特急||2379||2379||58||58||0.02437999159310635||0.02437999159310635
スーパーロボット大戦シリーズ||2379||2379||21||21||0.008827238335435058||0.008827238335435058
梶裕貴||2375||2375||45||45||0.018947368421052633||0.018947368421052633
デュエル・マスターズ (漫画)||2375||2375||34||34||0.01431578947368421||0.01431578947368421
ハヤテのごとく!||2373||2373||34||34||0.014327855035819638||0.014327855035819638
東京メトロポリタンテレビジョン||2372||2372||37||37||0.015598650927487353||0.015598650927487353
東武伊勢崎線||2371||2371||42||42||0.017714044706874738||0.017714044706874738
テレビ愛知||2371||2371||24||24||0.010122311261071278||0.010122311261071278
東急東横線||2370||2370||65||65||0.027426160337552744||0.027426160337552744
ウルトラマンティガの登場怪獣||2370||2370||37||37||0.015611814345991562||0.015611814345991562
CLANNAD (ゲーム)||2366||2366||72||72||0.030431107354184278||0.030431107354184278
着信御礼!ケータイ大喜利||2366||2366||14||14||0.005917159763313609||0.005917159763313609
幽☆遊☆白書の登場人物一覧||2366||2366||16||16||0.006762468300929839||0.006762468300929839
朴ロ美||2359||2359||56||56||0.02373887240356083||0.02373887240356083
池袋駅||2359||2359||45||45||0.01907587961000424||0.01907587961000424
魔法つかいプリキュア!||2358||2358||153||153||0.0648854961832061||0.0648854961832061
日立 世界・ふしぎ発見!||2357||2357||39||39||0.016546457361052185||0.016546457361052185
中央線快速||2356||2356||53||53||0.022495755517826826||0.022495755517826826
ひるおび!||2354||2354||45||45||0.019116397621070518||0.019116397621070518
江戸川コナン||2353||2353||64||64||0.027199320016999574||0.027199320016999574
ロンドンハーツ||2353||2353||38||38||0.016149596260093498||0.016149596260093498
ポケットモンスターSPECIAL||2351||2351||61||61||0.025946405784772437||0.025946405784772437
おそ松くん||2351||2351||95||95||0.040408336877924285||0.040408336877924285
NARUTO -ナルト-の術||2349||2349||32||32||0.01362281822051937||0.01362281822051937
台湾||2347||2347||86||86||0.036642522368981675||0.036642522368981675
山口勝平||2346||2346||95||95||0.04049445865302643||0.04049445865302643
飛田展男||2345||2345||52||52||0.022174840085287847||0.022174840085287847
東芝||2340||2340||33||33||0.014102564102564103||0.014102564102564103
東海道本線||2340||2340||42||42||0.017948717948717947||0.017948717948717947
JR東日本E231系電車||2338||2338||86||86||0.036783575705731396||0.036783575705731396
プロレスラー一覧||2337||2337||4||4||0.0017115960633290544||0.0017115960633290544
南京事件論争||2337||2337||89||89||0.03808301240907146||0.03808301240907146
千葉県||2336||2336||57||57||0.02440068493150685||0.02440068493150685
ニコニコ動画||2334||2334||93||93||0.03984575835475578||0.03984575835475578
トヨタ・カローラ||2332||2332||32||32||0.0137221269296741||0.0137221269296741
日本のプロ野球選手一覧||2331||2331||12||12||0.005148005148005148||0.005148005148005148
小田急小田原線||2331||2331||33||33||0.014157014157014158||0.014157014157014158
国鉄113系電車||2331||2331||39||39||0.01673101673101673||0.01673101673101673
マクロスF||2331||2331||36||36||0.015444015444015444||0.015444015444015444
京阪本線||2330||2330||30||30||0.012875536480686695||0.012875536480686695
ガンダムビルドファイターズ||2330||2330||36||36||0.015450643776824034||0.015450643776824034
柿原徹也||2328||2328||46||46||0.019759450171821305||0.019759450171821305
東海ラジオ放送||2327||2327||5||5||0.0021486892995272885||0.0021486892995272885
さよなら絶望先生||2327||2327||26||26||0.0111731843575419||0.0111731843575419
岡田有希子||2327||2327||76||76||0.03266007735281478||0.03266007735281478
福岡市||2325||2325||47||47||0.02021505376344086||0.02021505376344086
安室奈美恵||2325||2325||17||17||0.007311827956989247||0.007311827956989247
中京テレビ放送||2324||2324||22||22||0.00946643717728055||0.00946643717728055
ひぐらしのなく頃に||2323||2323||31||31||0.01334481274214378||0.01334481274214378
バカリズム||2323||2323||80||80||0.034438226431338786||0.034438226431338786
鳥海浩輔||2322||2322||33||33||0.014211886304909561||0.014211886304909561
茅原実里||2321||2321||58||58||0.024989228780697974||0.024989228780697974
信越放送||2320||2320||43||43||0.01853448275862069||0.01853448275862069
ベトナム戦争||2308||2308||32||32||0.01386481802426343||0.01386481802426343
全国高校野球選手権大会中継||2308||2308||9||9||0.00389948006932409||0.00389948006932409
北海道コンサドーレ札幌||2307||2307||44||44||0.01907238838318162||0.01907238838318162
初音ミク||2307||2307||153||153||0.06631989596879063||0.06631989596879063
クイズマジックアカデミー||2305||2305||13||13||0.005639913232104121||0.005639913232104121
北日本放送||2304||2304||26||26||0.011284722222222222||0.011284722222222222
九州王朝説||2304||2304||37||37||0.016059027777777776||0.016059027777777776
ハイスクールD×D||2304||2304||22||22||0.009548611111111112||0.009548611111111112
京阪電気鉄道||2303||2303||37||37||0.01606600086843248||0.01606600086843248
スーパー戦隊シリーズ登場敵対勢力一覧||2302||2302||79||79||0.03431798436142485||0.03431798436142485
斉木楠雄のΨ難||2302||2302||39||39||0.016941789748045177||0.016941789748045177
おたく||2301||2301||134||134||0.05823554976097349||0.05823554976097349
北斗の拳||2301||2301||29||29||0.012603215993046502||0.012603215993046502
JR東日本E233系電車||2301||2301||132||132||0.05736636245110821||0.05736636245110821
モンスターストライク||2301||2301||104||104||0.04519774011299435||0.04519774011299435
大宮駅 (埼玉県)||2299||2299||58||58||0.025228360156589823||0.025228360156589823
鋼の錬金術師の登場人物一覧/history 20120609||2299||2299||20||20||0.008699434536755112||0.008699434536755112
大阪府||2299||2299||73||73||0.031752936059156155||0.031752936059156155
それいけ!アンパンマン||2299||2299||114||114||0.049586776859504134||0.049586776859504134
鳩山由紀夫||2299||2299||207||207||0.0900391474554154||0.0900391474554154
遊☆戯☆王デュエルモンスターズGXの登場人物||2296||2296||16||16||0.006968641114982578||0.006968641114982578
大原大次郎||2295||2295||31||31||0.013507625272331155||0.013507625272331155
バカとテストと召喚獣||2295||2295||33||33||0.01437908496732026||0.01437908496732026
慶應義塾大学/history20130405||2294||2294||68||68||0.02964254577157803||0.02964254577157803
指原莉乃||2294||2294||197||197||0.08587619877942458||0.08587619877942458
アメリカ横断ウルトラクイズの各大会の詳細||2293||2293||11||11||0.004797208896641954||0.004797208896641954
ユニバーサル・スタジオ・ジャパン||2293||2293||34||34||0.014827736589620584||0.014827736589620584
本田圭佑||2292||2292||156||156||0.06806282722513089||0.06806282722513089
テレビせとうち||2291||2291||54||54||0.02357049323439546||0.02357049323439546
〈物語〉シリーズ||2291||2291||70||70||0.030554343081623744||0.030554343081623744
イナズマイレブンGO||2289||2289||37||37||0.01616426387068589||0.01616426387068589
たまごっち!||2285||2285||62||62||0.027133479212253828||0.027133479212253828
鳥人戦隊ジェットマン||2283||2283||53||53||0.023215067893123085||0.023215067893123085
深夜アニメ||2282||2282||10||10||0.0043821209465381246||0.0043821209465381246
JR西日本223系電車||2279||2279||69||69||0.030276437033786747||0.030276437033786747
仮面ライダーアギト||2276||2276||66||66||0.02899824253075571||0.02899824253075571
アップダウンクイズ||2276||2276||13||13||0.0057117750439367315||0.0057117750439367315
銀魂||2275||2275||96||96||0.0421978021978022||0.0421978021978022
小諸藩牧野氏の家臣団||2274||2274||1||1||4.3975373790677223E-4||4.3975373790677223E-4
山口放送||2273||2273||20||20||0.008798944126704795||0.008798944126704795
鉄道事故||2272||2272||21||21||0.009242957746478873||0.009242957746478873
スカパー! チャンネル一覧||2271||2271||173||173||0.07617789520035227||0.07617789520035227
盛岡市||2271||2271||23||23||0.010127697049757816||0.010127697049757816
一関学院高等学校||2270||2270||10||10||0.004405286343612335||0.004405286343612335
FNSの日||2269||2269||86||86||0.0379021595416483||0.0379021595416483
ゴッドタン||2265||2265||46||46||0.020309050772626933||0.020309050772626933
ロケみつ||2264||2264||41||41||0.018109540636042403||0.018109540636042403
MBSベースボールパーク||2263||2263||16||16||0.007070260715863898||0.007070260715863898
日本お笑い史||2261||2261||19||19||0.008403361344537815||0.008403361344537815
福岡県立修猷館高等学校の人物一覧||2261||2261||5||5||0.0022114108801415304||0.0022114108801415304
パナソニックショップ||2260||2260||34||34||0.01504424778761062||0.01504424778761062
福井放送||2258||2258||15||15||0.006643046944198406||0.006643046944198406
三島由紀夫||2256||2256||41||41||0.018173758865248225||0.018173758865248225
機動戦士ガンダムUC||2253||2253||60||60||0.02663115845539281||0.02663115845539281
烈車戦隊トッキュウジャー||2253||2253||65||65||0.02885042166000888||0.02885042166000888
伊藤静||2252||2252||65||65||0.02886323268206039||0.02886323268206039
東北新幹線||2251||2251||48||48||0.02132385606397157||0.02132385606397157
2012年のテレビ (日本)||2251||2251||13||13||0.005775211017325633||0.005775211017325633
L'Arc〜en〜Ciel||2250||2250||65||65||0.028888888888888888||0.028888888888888888
みんなが出るテレビ||2248||2248||5||5||0.002224199288256228||0.002224199288256228
動物戦隊ジュウオウジャー||2248||2248||154||154||0.06850533807829182||0.06850533807829182
リンカーンの企画・コーナー||2247||2247||9||9||0.004005340453938585||0.004005340453938585
HUGっと!プリキュア||2247||2247||88||88||0.039163328882955054||0.039163328882955054
金田一少年の事件簿の犯罪者||2246||2246||25||25||0.011130899376669634||0.011130899376669634
明治大学の人物一覧||2244||2244||54||54||0.02406417112299465||0.02406417112299465
秋元康||2242||2242||119||119||0.05307760927743087||0.05307760927743087
本田技研工業||2242||2242||29||29||0.012934879571810883||0.012934879571810883
小清水亜美||2241||2241||99||99||0.04417670682730924||0.04417670682730924
外交官||2240||2240||4||4||0.0017857142857142857||0.0017857142857142857
賭博黙示録カイジ||2240||2240||20||20||0.008928571428571428||0.008928571428571428
川澄綾子||2239||2239||29||29||0.012952210808396605||0.012952210808396605
ウルトラマンガイア||2239||2239||63||63||0.02813756141134435||0.02813756141134435
ドリフ大爆笑||2235||2235||7||7||0.003131991051454139||0.003131991051454139
木村拓哉||2235||2235||143||143||0.06398210290827741||0.06398210290827741
国鉄205系電車||2234||2234||96||96||0.04297224709042077||0.04297224709042077
魔法先生ネギま!の登場人物||2234||2234||25||25||0.011190689346463742||0.011190689346463742
日本プロ野球||2227||2227||34||34||0.015267175572519083||0.015267175572519083
名古屋鉄道||2222||2222||26||26||0.011701170117011701||0.011701170117011701
朝日新聞||2219||2219||172||172||0.07751239296980622||0.07751239296980622
NHKニュースおはよう日本||2216||2216||32||32||0.01444043321299639||0.01444043321299639
フレッシュプリキュア!||2215||2215||80||80||0.03611738148984198||0.03611738148984198
大阪市||2213||2213||73||73||0.03298689561680976||0.03298689561680976
坂本真綾||2212||2212||45||45||0.02034358047016275||0.02034358047016275
とんねるず||2210||2210||44||44||0.019909502262443438||0.019909502262443438
フジテレビ月曜9時枠の連続ドラマ||2209||2209||50||50||0.022634676324128564||0.022634676324128564
森一夫||2209||2209||12||12||0.005432322317790856||0.005432322317790856
IPhone||2206||2206||88||88||0.03989120580235721||0.03989120580235721
Saku saku||2205||2205||22||22||0.009977324263038548||0.009977324263038548
NHK放送センター||2203||2203||33||33||0.014979573309123922||0.014979573309123922
大泉洋||2203||2203||46||46||0.02088061733999092||0.02088061733999092
ネット右翼||2203||2203||290||290||0.1316386745347254||0.1316386745347254
桑島法子||2200||2200||85||85||0.038636363636363635||0.038636363636363635
ローソン||2200||2200||18||18||0.008181818181818182||0.008181818181818182
中村俊輔||2200||2200||128||128||0.05818181818181818||0.05818181818181818
千葉県出身の人物一覧||2199||2199||22||22||0.010004547521600727||0.010004547521600727
WWE||2197||2197||15||15||0.006827492034592627||0.006827492034592627
さよなら絶望先生の登場人物||2196||2196||24||24||0.01092896174863388||0.01092896174863388
北陸新幹線||2195||2195||69||69||0.03143507972665148||0.03143507972665148
仮面ライダー龍騎||2193||2193||62||62||0.028271773825809393||0.028271773825809393
はねるのトびら||2193||2193||20||20||0.009119927040583675||0.009119927040583675
文化放送ライオンズナイター||2190||2190||32||32||0.014611872146118721||0.014611872146118721
Wii/history 20130210||2184||2184||18||18||0.008241758241758242||0.008241758241758242
ハヤテのごとく! (アニメ)||2184||2184||42||42||0.019230769230769232||0.019230769230769232
フジテレビ番組一覧||2180||2180||4||4||0.001834862385321101||0.001834862385321101
茨城県||2179||2179||80||80||0.036714089031665904||0.036714089031665904
ディズニー・ヴィランズ||2179||2179||32||32||0.014685635612666361||0.014685635612666361
高橋みなみ||2177||2177||155||155||0.07119889756545705||0.07119889756545705
中華人民共和国||2175||2175||94||94||0.0432183908045977||0.0432183908045977
宮城県古川高等学校||2175||2175||27||27||0.012413793103448275||0.012413793103448275
Oha!4 NEWS LIVE||2173||2173||20||20||0.009203865623561895||0.009203865623561895
真田丸 (NHK大河ドラマ)||2171||2171||126||126||0.058037770612620915||0.058037770612620915
讀賣テレビ放送||2170||2170||24||24||0.011059907834101382||0.011059907834101382
ウルトラセブン||2170||2170||99||99||0.0456221198156682||0.0456221198156682
実況パワフルプロ野球||2169||2169||18||18||0.008298755186721992||0.008298755186721992
江原正士||2167||2167||30||30||0.01384402399630826||0.01384402399630826
天元突破グレンラガン||2167||2167||15||15||0.00692201199815413||0.00692201199815413
北九州市||2163||2163||47||47||0.021729079981507166||0.021729079981507166
頭文字D||2161||2161||28||28||0.012956964368347987||0.012956964368347987
札幌テレビ放送||2161||2161||17||17||0.007866728366496992||0.007866728366496992
きかんしゃトーマス シーズン毎制作史||2161||2161||52||52||0.024062933826931976||0.024062933826931976
韓国起源説||2161||2161||134||134||0.062008329477093935||0.062008329477093935
南京事件||2160||2160||326||326||0.15092592592592594||0.15092592592592594
あぶない刑事||2157||2157||7||7||0.003245248029670839||0.003245248029670839
中華民国||2157||2157||195||195||0.09040333796940195||0.09040333796940195
宇宙戦隊キュウレンジャー||2156||2156||60||60||0.027829313543599257||0.027829313543599257
山陽新幹線||2154||2154||42||42||0.019498607242339833||0.019498607242339833
NARUTO -ナルト-の登場人物||2153||2153||136||136||0.06316767301439852||0.06316767301439852
ウルトラマンレオ||2151||2151||104||104||0.04834960483496048||0.04834960483496048
テイルズ オブ ヴェスペリア||2151||2151||61||61||0.028358902835890282||0.028358902835890282
宝塚歌劇団||2150||2150||25||25||0.011627906976744186||0.011627906976744186
魔法戦隊マジレンジャー||2144||2144||28||28||0.013059701492537313||0.013059701492537313
アイドルマスター シンデレラガールズ||2143||2143||88||88||0.04106392907139524||0.04106392907139524
東條英機||2142||2142||73||73||0.034080298786181136||0.034080298786181136
徹子の部屋||2139||2139||22||22||0.010285179990649837||0.010285179990649837
熊本地震 (2016年)||2139||2139||112||112||0.05236091631603553||0.05236091631603553
忍たま乱太郎||2137||2137||41||41||0.01918577445016378||0.01918577445016378
ラジかるッ||2137||2137||4||4||0.0018717828731867104||0.0018717828731867104
ボクシング現王者一覧||2137||2137||51||51||0.023865231633130556||0.023865231633130556
リンカーン (テレビ番組)||2136||2136||15||15||0.007022471910112359||0.007022471910112359
Minecraft||2136||2136||122||122||0.05711610486891386||0.05711610486891386
高橋広樹||2134||2134||13||13||0.006091846298031865||0.006091846298031865
岐阜放送||2132||2132||13||13||0.006097560975609756||0.006097560975609756
自殺||2132||2132||55||55||0.025797373358348967||0.025797373358348967
F-15 (戦闘機)||2132||2132||37||37||0.017354596622889306||0.017354596622889306
博士と助手〜細かすぎて伝わらないモノマネ選手権〜||2131||2131||8||8||0.003754106053496011||0.003754106053496011
ボボボーボ・ボーボボ||2129||2129||44||44||0.020666979802724285||0.020666979802724285
横浜市||2129||2129||42||42||0.01972757162987318||0.01972757162987318
櫻井翔||2129||2129||177||177||0.08313762329732269||0.08313762329732269
雨上がり決死隊のトーク番組アメトーーク!||2126||2126||15||15||0.0070555032925682035||0.0070555032925682035
ネコ||2126||2126||122||122||0.05738476011288805||0.05738476011288805
踊る大捜査線||2125||2125||19||19||0.008941176470588235||0.008941176470588235
夜のヒットスタジオ||2121||2121||4||4||0.001885902876001886||0.001885902876001886
To LOVEる -とらぶる-||2121||2121||72||72||0.033946251768033946||0.033946251768033946
長崎放送||2120||2120||8||8||0.0037735849056603774||0.0037735849056603774
護廷十三隊||2119||2119||24||24||0.011326097215667769||0.011326097215667769
ラブライブ!||2119||2119||105||105||0.049551675318546484||0.049551675318546484
カードキャプターさくら||2118||2118||48||48||0.0226628895184136||0.0226628895184136
蒼穹のファフナー||2118||2118||15||15||0.007082152974504249||0.007082152974504249
熊本市||2118||2118||50||50||0.023607176581680833||0.023607176581680833
X JAPAN||2115||2115||95||95||0.04491725768321513||0.04491725768321513
ペルソナ4||2115||2115||64||64||0.030260047281323876||0.030260047281323876
慰安婦||2114||2114||105||105||0.04966887417218543||0.04966887417218543
2ちゃんねるの歴史||2113||2113||38||38||0.017983909133932798||0.017983909133932798
PON!||2111||2111||50||50||0.023685457129322594||0.023685457129322594
京都市||2110||2110||43||43||0.02037914691943128||0.02037914691943128
School Days||2110||2110||42||42||0.01990521327014218||0.01990521327014218
サッカー日本代表||2109||2109||75||75||0.03556187766714083||0.03556187766714083
東京急行電鉄||2106||2106||54||54||0.02564102564102564||0.02564102564102564
ウエンツ瑛士||2104||2104||17||17||0.008079847908745247||0.008079847908745247
ローカル路線バス乗り継ぎの旅||2102||2102||31||31||0.014747859181731684||0.014747859181731684
長寿番組の一覧||2100||2100||24||24||0.011428571428571429||0.011428571428571429
長澤まさみ||2100||2100||66||66||0.03142857142857143||0.03142857142857143
美少女戦士セーラームーンの登場人物||2099||2099||57||57||0.027155788470700333||0.027155788470700333
ラーメン||2098||2098||71||71||0.033841754051477595||0.033841754051477595
東北学院大学||2097||2097||9||9||0.004291845493562232||0.004291845493562232
太平洋戦争||2097||2097||96||96||0.045779685264663805||0.045779685264663805
東日本旅客鉄道||2096||2096||51||51||0.02433206106870229||0.02433206106870229
小笠原道大||2096||2096||104||104||0.04961832061068702||0.04961832061068702
井上和彦 (声優)||2094||2094||28||28||0.013371537726838587||0.013371537726838587
モンスターハンター||2094||2094||60||60||0.02865329512893983||0.02865329512893983
広島ホームテレビ||2093||2093||9||9||0.004300047778308648||0.004300047778308648
山田涼介||2092||2092||119||119||0.05688336520076482||0.05688336520076482
キャプテン翼の登場人物||2090||2090||45||45||0.0215311004784689||0.0215311004784689
伊集院光||2089||2089||23||23||0.011010052656773576||0.011010052656773576
王様のブランチ||2088||2088||56||56||0.02681992337164751||0.02681992337164751
テレビ朝日番組一覧||2088||2088||14||14||0.006704980842911878||0.006704980842911878
東京都||2088||2088||92||92||0.044061302681992334||0.044061302681992334
四国放送||2085||2085||29||29||0.013908872901678656||0.013908872901678656
はなかっぱ||2085||2085||38||38||0.018225419664268584||0.018225419664268584
きかんしゃトーマス・汽車のえほんの登場キャラクター||2083||2083||42||42||0.020163226116178587||0.020163226116178587
BLAZBLUE||2083||2083||11||11||0.00528084493518963||0.00528084493518963
魔法科高校の劣等生||2082||2082||54||54||0.025936599423631124||0.025936599423631124
公明党||2081||2081||64||64||0.030754444978375782||0.030754444978375782
KARA||2081||2081||52||52||0.024987986544930323||0.024987986544930323
爆竜戦隊アバレンジャー||2080||2080||50||50||0.02403846153846154||0.02403846153846154
爆笑オンエアバトル||2079||2079||11||11||0.005291005291005291||0.005291005291005291
鹿児島県出身の人物一覧||2079||2079||28||28||0.013468013468013467||0.013468013468013467
YouTube||2079||2079||167||167||0.08032708032708033||0.08032708032708033
東京ドーム||2078||2078||42||42||0.02021174205967276||0.02021174205967276
宮崎駿||2078||2078||67||67||0.03224254090471607||0.03224254090471607
金沢市||2075||2075||22||22||0.010602409638554217||0.010602409638554217
SKET DANCE||2075||2075||65||65||0.03132530120481928||0.03132530120481928
艦隊これくしょん -艦これ-||2075||2075||156||156||0.07518072289156627||0.07518072289156627
松本人志||2073||2073||133||133||0.06415822479498312||0.06415822479498312
戊辰戦争||2072||2072||46||46||0.0222007722007722||0.0222007722007722
福島テレビ||2071||2071||20||20||0.009657170449058426||0.009657170449058426
郷里大輔||2069||2069||90||90||0.04349927501208313||0.04349927501208313
風林火山 (NHK大河ドラマ)||2069||2069||67||67||0.032382793620106334||0.032382793620106334
僕のヒーローアカデミア||2069||2069||50||50||0.02416626389560174||0.02416626389560174
手裏剣戦隊ニンニンジャー||2069||2069||139||139||0.06718221362977284||0.06718221362977284
下関市||2066||2066||27||27||0.013068731848983543||0.013068731848983543
ザ・キング・オブ・ファイターズの登場人物||2065||2065||12||12||0.005811138014527845||0.005811138014527845
東海旅客鉄道||2065||2065||39||39||0.018886198547215495||0.018886198547215495
ルパン三世||2064||2064||33||33||0.015988372093023256||0.015988372093023256
食戟のソーマ||2064||2064||121||121||0.05862403100775194||0.05862403100775194
PlayStation Portable||2063||2063||33||33||0.015996122152205527||0.015996122152205527
学園黙示録 HIGHSCHOOL OF THE DEAD||2063||2063||78||78||0.03780901599612215||0.03780901599612215
竹島 (島根県)||2063||2063||64||64||0.031022782355792537||0.031022782355792537
特別攻撃隊||2060||2060||22||22||0.010679611650485437||0.010679611650485437
小山力也||2059||2059||42||42||0.020398251578436135||0.020398251578436135
おはよう朝日です||2059||2059||17||17||0.00825643516270034||0.00825643516270034
七つの大罪 (漫画)||2058||2058||59||59||0.028668610301263362||0.028668610301263362
武装錬金||2057||2057||17||17||0.008264462809917356||0.008264462809917356
真・三國無双シリーズ||2057||2057||49||49||0.023821098687408847||0.023821098687408847
法政大学||2057||2057||36||36||0.01750121536217793||0.01750121536217793
ニッポン放送番組一覧||2056||2056||12||12||0.005836575875486381||0.005836575875486381
ER緊急救命室||2055||2055||4||4||0.0019464720194647203||0.0019464720194647203
NEWS23||2054||2054||39||39||0.0189873417721519||0.0189873417721519
トミカ一覧||2054||2054||41||41||0.019961051606621226||0.019961051606621226
都市伝説||2053||2053||21||21||0.010228933268387726||0.010228933268387726
杉山紀彰||2052||2052||15||15||0.007309941520467836||0.007309941520467836
ORANGE RANGE||2049||2049||62||62||0.030258662762323085||0.030258662762323085
学園アリス||2043||2043||9||9||0.004405286343612335||0.004405286343612335
笑っていいとも!レギュラー出演者一覧||2043||2043||24||24||0.011747430249632892||0.011747430249632892
徳光和夫||2042||2042||36||36||0.01762977473065622||0.01762977473065622
ドラゴンクエストV 天空の花嫁||2042||2042||26||26||0.012732615083251714||0.012732615083251714
クリスマスの約束||2042||2042||10||10||0.004897159647404506||0.004897159647404506
黒の組織||2041||2041||120||120||0.05879470847623714||0.05879470847623714
ASIAN KUNG-FU GENERATION||2040||2040||16||16||0.00784313725490196||0.00784313725490196
少女時代 (音楽グループ)||2040||2040||87||87||0.04264705882352941||0.04264705882352941
ちい散歩||2040||2040||48||48||0.023529411764705882||0.023529411764705882
TVQ九州放送||2039||2039||9||9||0.004413928396272682||0.004413928396272682
全国高等学校野球選手権大会||2038||2038||25||25||0.01226692836113837||0.01226692836113837
アイカツ!||2038||2038||22||22||0.010794896957801767||0.010794896957801767
神奈川大学||2035||2035||18||18||0.008845208845208846||0.008845208845208846
阪和線||2034||2034||32||32||0.015732546705998034||0.015732546705998034
香港||2033||2033||42||42||0.020659124446630595||0.020659124446630595
GANTZ||2032||2032||37||37||0.018208661417322834||0.018208661417322834
頭文字Dの登場人物||2032||2032||5||5||0.0024606299212598425||0.0024606299212598425
きかんしゃトーマス サブタイトルリスト||2032||2032||58||58||0.028543307086614175||0.028543307086614175
ビーイング||2031||2031||11||11||0.0054160512063023145||0.0054160512063023145
ウルトラマンA||2029||2029||73||73||0.035978314440611135||0.035978314440611135
仮面ライダー剣||2029||2029||71||71||0.03499260719566289||0.03499260719566289
アニメ作品一覧||2028||2028||3||3||0.0014792899408284023||0.0014792899408284023
GReeeeN||2026||2026||55||55||0.027147087857847977||0.027147087857847977
サンフレッチェ広島F.C||2025||2025||28||28||0.013827160493827161||0.013827160493827161
埼玉県||2025||2025||88||88||0.04345679012345679||0.04345679012345679
テイルズ オブ シンフォニア||2021||2021||13||13||0.006432459178624443||0.006432459178624443
くりぃむしちゅーのオールナイトニッポン||2020||2020||19||19||0.009405940594059406||0.009405940594059406
統合失調症||2020||2020||93||93||0.04603960396039604||0.04603960396039604
釧路市||2018||2018||43||43||0.02130822596630327||0.02130822596630327
佐藤利奈||2017||2017||63||63||0.031234506693108576||0.031234506693108576
金曜ロードSHOW!||2017||2017||22||22||0.010907288051561725||0.010907288051561725
MOTHER3||2017||2017||8||8||0.0039662865642042635||0.0039662865642042635
ワンワンパッコロ!キャラともワールド||2016||2016||34||34||0.016865079365079364||0.016865079365079364
金妍兒||2014||2014||179||179||0.08887785501489573||0.08887785501489573
戸松遥||2013||2013||83||83||0.04123199205166418||0.04123199205166418
鋼の錬金術師||2010||2010||91||91||0.04527363184079602||0.04527363184079602
ミュ〜コミ+プラス||2010||2010||9||9||0.004477611940298508||0.004477611940298508
インテルナツィオナーレ・ミラノ||2009||2009||23||23||0.011448481831757094||0.011448481831757094
坂本龍馬||2007||2007||77||77||0.038365719980069754||0.038365719980069754
ドイツ||2005||2005||66||66||0.03291770573566085||0.03291770573566085
アメリカ同時多発テロ事件||2004||2004||39||39||0.019461077844311378||0.019461077844311378
品川駅||2004||2004||62||62||0.03093812375249501||0.03093812375249501
ぐるぐるナインティナイン||2003||2003||23||23||0.011482775836245632||0.011482775836245632
日本の女優一覧||2002||2002||12||12||0.005994005994005994||0.005994005994005994
ACミラン||2002||2002||13||13||0.006493506493506494||0.006493506493506494
松本潤||2001||2001||61||61||0.030484757621189407||0.030484757621189407
遊☆戯☆王ARC-V||2001||2001||107||107||0.05347326336831584||0.05347326336831584
アダルトゲーム一覧||2000||2000||5||5||0.0025||0.0025
森田成一||1998||1998||29||29||0.014514514514514515||0.014514514514514515
ダルビッシュ有||1997||1997||113||113||0.05658487731597396||0.05658487731597396
ひだまりスケッチ||1996||1996||34||34||0.017034068136272545||0.017034068136272545
To LOVEる -とらぶる-の登場人物||1995||1995||43||43||0.02155388471177945||0.02155388471177945
暴れん坊将軍||1994||1994||12||12||0.006018054162487462||0.006018054162487462
自衛隊||1991||1991||74||74||0.0371672526368659||0.0371672526368659
アニメ版ポケットモンスターの登場人物||1989||1989||38||38||0.019105077928607342||0.019105077928607342
新垣結衣||1987||1987||99||99||0.0498238550578762||0.0498238550578762
田中理恵 (声優)||1986||1986||61||61||0.030715005035246726||0.030715005035246726
絶対可憐チルドレン||1986||1986||41||41||0.020644511581067473||0.020644511581067473
テレビ埼玉||1986||1986||13||13||0.006545820745216516||0.006545820745216516
西城秀樹||1986||1986||44||44||0.022155085599194362||0.022155085599194362
BB戦士三国伝||1984||1984||29||29||0.014616935483870967||0.014616935483870967
東京都立日比谷高等学校||1983||1983||25||25||0.012607160867372668||0.012607160867372668
新幹線N700系電車||1982||1982||101||101||0.05095862764883956||0.05095862764883956
豊橋市||1982||1982||33||33||0.016649848637739658||0.016649848637739658
小池徹平||1981||1981||17||17||0.008581524482584554||0.008581524482584554
零式艦上戦闘機||1981||1981||105||105||0.053003533568904596||0.053003533568904596
広島電鉄||1980||1980||27||27||0.013636363636363636||0.013636363636363636
東京ディズニーランド||1980||1980||93||93||0.04696969696969697||0.04696969696969697
東武東上本線||1979||1979||32||32||0.01616978271854472||0.01616978271854472
日本の城一覧||1978||1978||13||13||0.006572295247724975||0.006572295247724975
松任谷由実||1977||1977||21||21||0.010622154779969651||0.010622154779969651
中日ドラゴンズの選手一覧||1977||1977||55||55||0.0278199291856348||0.0278199291856348
志村けん||1973||1973||56||56||0.02838317283324886||0.02838317283324886
日産・スカイライン||1972||1972||33||33||0.016734279918864097||0.016734279918864097
専修大学の人物一覧||1971||1971||11||11||0.005580923389142567||0.005580923389142567
死刑存廃問題||1970||1970||39||39||0.01979695431472081||0.01979695431472081
大塚芳忠||1970||1970||25||25||0.012690355329949238||0.012690355329949238
イギリス||1970||1970||114||114||0.05786802030456853||0.05786802030456853
テイルズ オブ シリーズ||1969||1969||40||40||0.02031488065007618||0.02031488065007618
アイシールド21の登場人物||1969||1969||12||12||0.006094464195022855||0.006094464195022855
エフエム東京||1968||1968||16||16||0.008130081300813009||0.008130081300813009
山手線||1967||1967||41||41||0.020843924758515507||0.020843924758515507
ウルトラマンダイナの登場怪獣||1966||1966||28||28||0.014242115971515769||0.014242115971515769
インド||1965||1965||43||43||0.02188295165394402||0.02188295165394402
江頭2:50||1965||1965||64||64||0.03256997455470738||0.03256997455470738
ニート||1965||1965||63||63||0.03206106870229008||0.03206106870229008
神のみぞ知るセカイ||1965||1965||50||50||0.02544529262086514||0.02544529262086514
シャーリー・テンプル||1964||1964||2||2||0.0010183299389002036||0.0010183299389002036
宇都宮線||1964||1964||23||23||0.011710794297352342||0.011710794297352342
ミュージックステーションスーパーライブ||1963||1963||23||23||0.011716760061130923||0.011716760061130923
ラジオ・チャリティー・ミュージックソン||1963||1963||21||21||0.010697911360163017||0.010697911360163017
小田急電鉄||1961||1961||33||33||0.016828148903620603||0.016828148903620603
浜田雅功||1961||1961||90||90||0.04589495155532891||0.04589495155532891
ウルトラマンダイナ||1960||1960||51||51||0.026020408163265306||0.026020408163265306
ベガルタ仙台||1957||1957||24||24||0.012263668880940215||0.012263668880940215
オレたちひょうきん族||1957||1957||54||54||0.027593254982115484||0.027593254982115484
コードギアスシリーズの登場人物||1956||1956||18||18||0.009202453987730062||0.009202453987730062
立木文彦||1955||1955||17||17||0.008695652173913044||0.008695652173913044
電車でGO!||1954||1954||37||37||0.018935516888433982||0.018935516888433982
クリスティアーノ・ロナウド||1954||1954||90||90||0.04605936540429888||0.04605936540429888
松本市||1953||1953||20||20||0.010240655401945725||0.010240655401945725
PASMO||1952||1952||44||44||0.022540983606557378||0.022540983606557378
青森県出身の人物一覧||1951||1951||55||55||0.028190671450538187||0.028190671450538187
ジャッキー・チェン||1950||1950||35||35||0.017948717948717947||0.017948717948717947
ハイキュー!!||1950||1950||34||34||0.017435897435897435||0.017435897435897435
ロジャー・フェデラー||1946||1946||45||45||0.023124357656731757||0.023124357656731757
東京メトロ副都心線||1945||1945||66||66||0.0339331619537275||0.0339331619537275
有吉弘行||1944||1944||133||133||0.0684156378600823||0.0684156378600823
オウム真理教||1944||1944||75||75||0.038580246913580245||0.038580246913580245
相模原市||1943||1943||25||25||0.012866700977869275||0.012866700977869275
1982年||1942||1942||13||13||0.006694129763130793||0.006694129763130793
忍風戦隊ハリケンジャー||1939||1939||63||63||0.032490974729241874||0.032490974729241874
社会民主党 (日本 1996-)||1939||1939||103||103||0.05312016503352243||0.05312016503352243
天皇賞||1938||1938||28||28||0.014447884416924664||0.014447884416924664
早見沙織||1938||1938||81||81||0.04179566563467492||0.04179566563467492
ガンバ大阪||1937||1937||70||70||0.036138358286009295||0.036138358286009295
Pop'n musicの登場キャラクター||1937||1937||13||13||0.006711409395973154||0.006711409395973154
しゃべくり007||1937||1937||36||36||0.01858544140423335||0.01858544140423335
北陸放送||1937||1937||14||14||0.007227671657201859||0.007227671657201859
2012年の日本競馬||1937||1937||3||3||0.0015487867836861124||0.0015487867836861124
激走戦隊カーレンジャー||1936||1936||57||57||0.029442148760330578||0.029442148760330578
松岡禎丞||1936||1936||59||59||0.030475206611570247||0.030475206611570247
おそ松さん||1935||1935||176||176||0.09095607235142118||0.09095607235142118
立命館大学||1934||1934||42||42||0.02171664943123061||0.02171664943123061
ウェザーニュースLiVE||1934||1934||29||29||0.01499482936918304||0.01499482936918304
大塚愛||1933||1933||61||61||0.03155716502845318||0.03155716502845318
1989年||1932||1932||30||30||0.015527950310559006||0.015527950310559006
龍馬伝||1932||1932||75||75||0.03881987577639751||0.03881987577639751
岡本信彦||1931||1931||96||96||0.04971517348524081||0.04971517348524081
2ちゃんねらー||1930||1930||46||46||0.02383419689119171||0.02383419689119171
日本三大一覧||1930||1930||94||94||0.04870466321243523||0.04870466321243523
秋田テレビ||1930||1930||10||10||0.0051813471502590676||0.0051813471502590676
遊佐浩二||1930||1930||18||18||0.00932642487046632||0.00932642487046632
ニセコイ||1926||1926||70||70||0.036344755970924195||0.036344755970924195
RKB毎日放送||1925||1925||17||17||0.008831168831168832||0.008831168831168832
細谷佳正||1925||1925||37||37||0.01922077922077922||0.01922077922077922
ポーランド||1924||1924||19||19||0.009875259875259876||0.009875259875259876
テレビ大阪||1924||1924||27||27||0.014033264033264034||0.014033264033264034
新世紀エヴァンゲリオンの登場人物||1924||1924||20||20||0.010395010395010396||0.010395010395010396
大島優子||1924||1924||176||176||0.09147609147609148||0.09147609147609148
ジョジョの奇妙な冒険||1922||1922||36||36||0.018730489073881373||0.018730489073881373
バイオハザードシリーズ||1921||1921||42||42||0.021863612701717855||0.021863612701717855
ウルトラマンメビウスの登場怪獣||1920||1920||11||11||0.005729166666666666||0.005729166666666666
浅野真澄||1919||1919||40||40||0.020844189682126108||0.020844189682126108
鹿児島テレビ放送||1919||1919||14||14||0.007295466388744137||0.007295466388744137
ZARD||1917||1917||27||27||0.014084507042253521||0.014084507042253521
日本選手権シリーズ||1916||1916||21||21||0.010960334029227558||0.010960334029227558
キリスト教||1915||1915||75||75||0.0391644908616188||0.0391644908616188
日本の男優一覧||1915||1915||11||11||0.005744125326370757||0.005744125326370757
笑福亭鶴瓶||1915||1915||26||26||0.013577023498694517||0.013577023498694517
アニメ関係者一覧||1914||1914||5||5||0.002612330198537095||0.002612330198537095
鈴木達央||1914||1914||30||30||0.01567398119122257||0.01567398119122257
バクマン。||1914||1914||58||58||0.030303030303030304||0.030303030303030304
ニッポン放送ショウアップナイター||1913||1913||19||19||0.009932043910088865||0.009932043910088865
京成電鉄||1913||1913||30||30||0.015682174594877155||0.015682174594877155
Aqua Timez||1913||1913||29||29||0.015159435441714584||0.015159435441714584
ロウきゅーぶ!||1913||1913||67||67||0.035023523261892314||0.035023523261892314
日本の鉄道事故 (2000年以降)||1910||1910||61||61||0.03193717277486911||0.03193717277486911
香取慎吾||1910||1910||86||86||0.04502617801047121||0.04502617801047121

