
Page||Recent Revisions||Total Revisions||Recent Reverts||Total Reverts||Recent Contention||Total Contention
クレヨンしんちゃん||1810||1810||0||0||0.0||0.0
2005年||1764||1764||4||4||0.0022675736961451248||0.0022675736961451248
FNS27時間テレビ||1668||1668||1||1||5.995203836930455E-4||5.995203836930455E-4
メインページ||1580||1580||4||4||0.002531645569620253||0.002531645569620253
森田一義アワー 笑っていいとも!/log20130117||1548||1548||3||3||0.001937984496124031||0.001937984496124031
ONE PIECE/log||1370||1370||1||1||7.2992700729927E-4||7.2992700729927E-4
広島県出身の人物一覧||1330||1330||0||0||0.0||0.0
ドラえもん||1270||1270||5||5||0.003937007874015748||0.003937007874015748
BLEACH/log20080419||1258||1258||0||0||0.0||0.0
仙台市||1252||1252||0||0||0.0||0.0
クイズ世界はSHOW by ショーバイ!!||1212||1212||0||0||0.0||0.0
ナインティナインのオールナイトニッポン||1188||1188||1||1||8.417508417508417E-4||8.417508417508417E-4
ミュージックステーション/log20120615||1182||1182||0||0||0.0||0.0
読売ジャイアンツ||1162||1162||0||0||0.0||0.0
FNNスーパータイム||1161||1161||1||1||8.613264427217916E-4||8.613264427217916E-4
日本/log20090827||1151||1151||8||8||0.0069504778453518675||0.0069504778453518675
2ちゃんねる||1138||1138||2||2||0.0017574692442882249||0.0017574692442882249
フジテレビジョン||1131||1131||0||0||0.0||0.0
アイシールド21||1126||1126||2||2||0.0017761989342806395||0.0017761989342806395
めちゃ×2イケてるッ!||1119||1119||2||2||0.0017873100983020554||0.0017873100983020554
アニメ作品一覧||1091||1091||0||0||0.0||0.0
NARUTO -ナルト-||1086||1086||2||2||0.001841620626151013||0.001841620626151013
東京放送ホールディングス||1029||1029||0||0||0.0||0.0
オールナイトニッポン||1021||1021||0||0||0.0||0.0
ガンダムシリーズの登場機動兵器一覧||1012||1012||1||1||9.881422924901185E-4||9.881422924901185E-4
日本テレビ放送網||1003||1003||1||1||9.970089730807576E-4||9.970089730807576E-4
日本放送協会||1000||1000||1||1||0.001||0.001
モーニング娘。||998||998||4||4||0.004008016032064128||0.004008016032064128
大韓民国||988||988||15||15||0.015182186234817813||0.015182186234817813
ボボボーボ・ボーボボ||969||969||1||1||0.0010319917440660474||0.0010319917440660474
毎日放送||964||964||0||0||0.0||0.0
日本の漫画家一覧||960||960||0||0||0.0||0.0
ニッポン放送||946||946||0||0||0.0||0.0
舞-乙HiME/log20120619||942||942||0||0||0.0||0.0
日本の漫画作品一覧||914||914||2||2||0.002188183807439825||0.002188183807439825
同姓同名||913||913||0||0||0.0||0.0
3年B組金八先生)/history20180113||902||902||0||0||0.0||0.0
テレビ東京||887||887||1||1||0.0011273957158962795||0.0011273957158962795
青森放送/history20180113||830||830||0||0||0.0||0.0
こちら葛飾区亀有公園前派出所||826||826||1||1||0.0012106537530266344||0.0012106537530266344
中部日本放送||822||822||0||0||0.0||0.0
テレビ朝日||818||818||0||0||0.0||0.0
日本のアナウンサー一覧||814||814||3||3||0.0036855036855036856||0.0036855036855036856
2004年||809||809||1||1||0.0012360939431396785||0.0012360939431396785
朝日放送グループホールディングス||798||798||0||0||0.0||0.0
中部国際空港||798||798||0||0||0.0||0.0
ミュージシャン一覧 (グループ)||793||793||0||0||0.0||0.0
水曜どうでしょう||791||791||0||0||0.0||0.0
慶應義塾大学/history20130405||782||782||2||2||0.0025575447570332483||0.0025575447570332483
打ち切り||771||771||4||4||0.005188067444876783||0.005188067444876783
日産自動車||768||768||0||0||0.0||0.0
一覧の一覧||765||765||0||0||0.0||0.0
2005年日本国際博覧会||763||763||1||1||0.001310615989515072||0.001310615989515072
ズームイン!!SUPER/log20091228||762||762||0||0||0.0||0.0
笑点/log20110201||752||752||0||0||0.0||0.0
千葉ロッテマリーンズ||750||750||0||0||0.0||0.0
第二次世界大戦/log20120619||740||740||3||3||0.004054054054054054||0.004054054054054054
トヨタ自動車||734||734||0||0||0.0||0.0
ポケットモンスター||729||729||0||0||0.0||0.0
魔法先生ネギま!||723||723||0||0||0.0||0.0
テニスの王子様||720||720||2||2||0.002777777777777778||0.002777777777777778
JR福知山線脱線事故||708||708||0||0||0.0||0.0
立命館大学||699||699||0||0||0.0||0.0
夜のヒットスタジオ||697||697||0||0||0.0||0.0
筋肉番付シリーズ||690||690||0||0||0.0||0.0
阪神タイガース||675||675||0||0||0.0||0.0
L'Arc〜en〜Ciel||672||672||1||1||0.001488095238095238||0.001488095238095238
忍たま乱太郎||664||664||0||0||0.0||0.0
日本三大一覧||651||651||0||0||0.0||0.0
法政大学||647||647||0||0||0.0||0.0
踊る大捜査線||646||646||0||0||0.0||0.0
太田市||644||644||0||0||0.0||0.0
サザンオールスターズ||635||635||0||0||0.0||0.0
新潟県中越地震||633||633||2||2||0.00315955766192733||0.00315955766192733
日本テレビ制作局制作番組の分野別一覧||630||630||0||0||0.0||0.0
日本の市町村の廃置分合||630||630||1||1||0.0015873015873015873||0.0015873015873015873
コンピュータゲームのタイトル一覧||629||629||2||2||0.003179650238473768||0.003179650238473768
釧路市||629||629||0||0||0.0||0.0
新潟市||628||628||0||0||0.0||0.0
内村プロデュース||621||621||1||1||0.001610305958132045||0.001610305958132045
静岡市||618||618||1||1||0.0016181229773462784||0.0016181229773462784
ドラゴンボール||615||615||0||0||0.0||0.0
水曜どうでしょうの企画||612||612||0||0||0.0||0.0
明治大学||603||603||0||0||0.0||0.0
BUMP OF CHICKEN||597||597||0||0||0.0||0.0
鉄道事故||595||595||2||2||0.0033613445378151263||0.0033613445378151263
ポルノグラフィティ||593||593||1||1||0.0016863406408094434||0.0016863406408094434
新幹線||592||592||1||1||0.0016891891891891893||0.0016891891891891893
舞-HiME||590||590||0||0||0.0||0.0
暗殺||588||588||0||0||0.0||0.0
ドラえもんの登場人物一覧||586||586||1||1||0.0017064846416382253||0.0017064846416382253
東京大学||586||586||0||0||0.0||0.0
明石家さんま||585||585||1||1||0.0017094017094017094||0.0017094017094017094
PlayStation Portable||582||582||1||1||0.001718213058419244||0.001718213058419244
ミュージシャン一覧 (個人)||577||577||1||1||0.0017331022530329288||0.0017331022530329288
北海道放送||577||577||0||0||0.0||0.0
電車男||574||574||0||0||0.0||0.0
映画作品一覧||572||572||0||0||0.0||0.0
ドラえもん (1979年のテレビアニメ)||571||571||0||0||0.0||0.0
ラグナロクオンライン||571||571||0||0||0.0||0.0
東海大学||570||570||0||0||0.0||0.0
トリビアの泉 〜素晴らしきムダ知識〜||568||568||1||1||0.0017605633802816902||0.0017605633802816902
福岡ソフトバンクホークス||566||566||1||1||0.0017667844522968198||0.0017667844522968198
北海道||562||562||2||2||0.0035587188612099642||0.0035587188612099642
NHK紅白歌合戦||561||561||0||0||0.0||0.0
横浜市||561||561||0||0||0.0||0.0
日本プロ野球||560||560||0||0||0.0||0.0
Mr.Children||560||560||0||0||0.0||0.0
松浦亜弥||559||559||0||0||0.0||0.0
キャッチコピー||555||555||0||0||0.0||0.0
東京都||555||555||2||2||0.0036036036036036037||0.0036036036036036037
ガンダムシリーズの登場人物一覧||553||553||0||0||0.0||0.0
大阪府出身の人物一覧||550||550||0||0||0.0||0.0
欽ちゃん&香取慎吾の全日本仮装大賞||547||547||0||0||0.0||0.0
常磐線||547||547||0||0||0.0||0.0
2ちゃんねるの歴史||547||547||0||0||0.0||0.0
日本の鉄道駅一覧 あ||545||545||1||1||0.001834862385321101||0.001834862385321101
2005年のスポーツ||544||544||0||0||0.0||0.0
本田技研工業||535||535||0||0||0.0||0.0
キリスト教用語一覧||532||532||0||0||0.0||0.0
ナインティナイン||532||532||0||0||0.0||0.0
IBC岩手放送||531||531||1||1||0.0018832391713747645||0.0018832391713747645
軍隊の階級||531||531||1||1||0.0018832391713747645||0.0018832391713747645
世界平和統一家庭連合||523||523||6||6||0.011472275334608031||0.011472275334608031
SLAM DUNK||521||521||3||3||0.005758157389635317||0.005758157389635317
日本の温泉地一覧||520||520||0||0||0.0||0.0
B'z||518||518||1||1||0.0019305019305019305||0.0019305019305019305
ザ・キング・オブ・ファイターズ||517||517||1||1||0.0019342359767891683||0.0019342359767891683
魔法戦隊マジレンジャー||515||515||1||1||0.001941747572815534||0.001941747572815534
ハロー!プロジェクト||514||514||1||1||0.0019455252918287938||0.0019455252918287938
岩手県出身の人物一覧||513||513||0||0||0.0||0.0
中居正広||511||511||2||2||0.003913894324853229||0.003913894324853229
JNNニュースの森||511||511||3||3||0.005870841487279843||0.005870841487279843
パネルクイズ アタック25||509||509||1||1||0.0019646365422396855||0.0019646365422396855
サザエさん||507||507||0||0||0.0||0.0
フォーミュラ1||505||505||3||3||0.005940594059405941||0.005940594059405941
天皇||505||505||3||3||0.005940594059405941||0.005940594059405941
めざましテレビ/history20190417||504||504||3||3||0.005952380952380952||0.005952380952380952
山口組||504||504||3||3||0.005952380952380952||0.005952380952380952
日本共産党||503||503||1||1||0.0019880715705765406||0.0019880715705765406
神戸市||501||501||0||0||0.0||0.0
京都放送||498||498||0||0||0.0||0.0
広島東洋カープ||497||497||1||1||0.002012072434607646||0.002012072434607646
札幌市||496||496||0||0||0.0||0.0
野比のび太||495||495||1||1||0.00202020202020202||0.00202020202020202
タモリ||494||494||0||0||0.0||0.0
東京駅||489||489||2||2||0.00408997955010225||0.00408997955010225
レイザーラモンHG||486||486||1||1||0.00205761316872428||0.00205761316872428
日本プロサッカーリーグ||485||485||1||1||0.002061855670103093||0.002061855670103093
学習院大学||484||484||0||0||0.0||0.0
公明党||482||482||1||1||0.002074688796680498||0.002074688796680498
日本の法学者一覧||482||482||1||1||0.002074688796680498||0.002074688796680498
ニッポン放送番組一覧||482||482||0||0||0.0||0.0
新聞||479||479||0||0||0.0||0.0
ケロロ軍曹||479||479||0||0||0.0||0.0
大学一覧||478||478||0||0||0.0||0.0
キン肉マン||478||478||0||0||0.0||0.0
ダウンタウンのガキの使いやあらへんで!||478||478||0||0||0.0||0.0
小田急小田原線||477||477||4||4||0.008385744234800839||0.008385744234800839
スーパーベースボール (テレビ朝日系列)||477||477||0||0||0.0||0.0
銀魂/log20081129||475||475||0||0||0.0||0.0
八王子市||470||470||0||0||0.0||0.0
ビートたけし||469||469||0||0||0.0||0.0
中日ドラゴンズ||469||469||1||1||0.0021321961620469083||0.0021321961620469083
東京都立日比谷高等学校||469||469||0||0||0.0||0.0
都市伝説||468||468||0||0||0.0||0.0
日本の鉄道駅一覧 な||467||467||0||0||0.0||0.0
日本の鉄道駅一覧 や-わ行||467||467||0||0||0.0||0.0
埼玉西武ライオンズ||465||465||0||0||0.0||0.0
長嶋茂雄||465||465||0||0||0.0||0.0
ザ・ドリフターズ||464||464||0||0||0.0||0.0
ひみつ道具||464||464||0||0||0.0||0.0
中央本線||464||464||2||2||0.004310344827586207||0.004310344827586207
小泉純一郎||464||464||6||6||0.01293103448275862||0.01293103448275862
自動車||462||462||0||0||0.0||0.0
星野仙一||462||462||1||1||0.0021645021645021645||0.0021645021645021645
安倍なつみ||461||461||2||2||0.004338394793926247||0.004338394793926247
日本一の一覧||460||460||0||0||0.0||0.0
野村克也||459||459||2||2||0.004357298474945534||0.004357298474945534
韓流||459||459||8||8||0.017429193899782137||0.017429193899782137
北海道日本ハムファイターズ||456||456||0||0||0.0||0.0
国鉄113系電車||455||455||0||0||0.0||0.0
アダルトゲーム||454||454||1||1||0.0022026431718061676||0.0022026431718061676
週刊少年ジャンプ||453||453||2||2||0.004415011037527594||0.004415011037527594
8時だョ!全員集合||451||451||0||0||0.0||0.0
福島テレビ||449||449||0||0||0.0||0.0
大泉洋||449||449||0||0||0.0||0.0
東北放送||448||448||0||0||0.0||0.0
DEATH NOTE||447||447||1||1||0.0022371364653243847||0.0022371364653243847
声優||446||446||0||0||0.0||0.0
関西テレビ放送||446||446||0||0||0.0||0.0
北日本放送||446||446||0||0||0.0||0.0
愛知県出身の人物一覧||446||446||0||0||0.0||0.0
まほらば||446||446||0||0||0.0||0.0
新世紀エヴァンゲリオン||446||446||0||0||0.0||0.0
編曲家||443||443||0||0||0.0||0.0
新選組||443||443||1||1||0.002257336343115124||0.002257336343115124
福岡市||443||443||0||0||0.0||0.0
新宿駅||442||442||2||2||0.004524886877828055||0.004524886877828055
発車メロディ||441||441||1||1||0.0022675736961451248||0.0022675736961451248
同志社大学||441||441||2||2||0.0045351473922902496||0.0045351473922902496
大阪市||440||440||0||0||0.0||0.0
堺市||439||439||1||1||0.002277904328018223||0.002277904328018223
駒澤大学||437||437||0||0||0.0||0.0
福山市||436||436||0||0||0.0||0.0
JNNニュースコープ||436||436||1||1||0.0022935779816513763||0.0022935779816513763
ポケットモンスターSPECIAL||435||435||0||0||0.0||0.0
FNNスピーク||434||434||1||1||0.002304147465437788||0.002304147465437788
24時間テレビ 「愛は地球を救う」/history20160321||434||434||0||0||0.0||0.0
あたしンち||433||433||2||2||0.004618937644341801||0.004618937644341801
Saku saku||432||432||0||0||0.0||0.0
ミルモでポン!||431||431||0||0||0.0||0.0
西郷隆盛||430||430||1||1||0.002325581395348837||0.002325581395348837
日本の鉄道駅一覧 か||430||430||0||0||0.0||0.0
松本市||429||429||0||0||0.0||0.0
プロ野球再編問題 (2004年)||427||427||8||8||0.01873536299765808||0.01873536299765808
相撲||425||425||2||2||0.004705882352941176||0.004705882352941176
さんまのSUPERからくりTV||424||424||0||0||0.0||0.0
仮面ライダー響鬼||422||422||1||1||0.002369668246445498||0.002369668246445498
任天堂||421||421||1||1||0.0023752969121140144||0.0023752969121140144
浜松市||421||421||0||0||0.0||0.0
織田信長||419||419||3||3||0.007159904534606206||0.007159904534606206
東京ヤクルトスワローズ||419||419||0||0||0.0||0.0
HUNTER×HUNTER||418||418||1||1||0.0023923444976076554||0.0023923444976076554
ローゼンメイデン/history 20130917||418||418||1||1||0.0023923444976076554||0.0023923444976076554
東洋大学||417||417||0||0||0.0||0.0
D.Gray-man||416||416||1||1||0.002403846153846154||0.002403846153846154
バンプレストオリジナル||416||416||0||0||0.0||0.0
自由民主党 (日本)||414||414||0||0||0.0||0.0
2ちゃんねらー||413||413||0||0||0.0||0.0
国鉄103系電車||413||413||1||1||0.002421307506053269||0.002421307506053269
小説家一覧||411||411||1||1||0.0024330900243309003||0.0024330900243309003
ベルセルク (漫画)||411||411||0||0||0.0||0.0
鋼の錬金術師||411||411||0||0||0.0||0.0
メタルギアソリッド||410||410||0||0||0.0||0.0
お笑いタレント||409||409||0||0||0.0||0.0
桃太郎電鉄シリーズ||407||407||0||0||0.0||0.0
兵庫県出身の人物一覧||407||407||0||0||0.0||0.0
アメリカ合衆国||407||407||5||5||0.012285012285012284||0.012285012285012284
西日本旅客鉄道||406||406||1||1||0.0024630541871921183||0.0024630541871921183
昭和天皇||405||405||2||2||0.0049382716049382715||0.0049382716049382715
ジャパン・ラジオ・ネットワーク||404||404||0||0||0.0||0.0
新しい歴史教科書をつくる会||404||404||11||11||0.027227722772277228||0.027227722772277228
松任谷由実||403||403||0||0||0.0||0.0
Suica||400||400||1||1||0.0025||0.0025
日本の地方公共団体一覧||400||400||0||0||0.0||0.0
クイズダービー||400||400||0||0||0.0||0.0
2003年||399||399||0||0||0.0||0.0
日本の鉄道駅一覧 す-そ||399||399||0||0||0.0||0.0
太平洋戦争||399||399||1||1||0.002506265664160401||0.002506265664160401
全国高等学校野球選手権大会||399||399||2||2||0.005012531328320802||0.005012531328320802
仮面ライダー剣||398||398||0||0||0.0||0.0
群馬県||398||398||1||1||0.002512562814070352||0.002512562814070352
イスラエル||397||397||0||0||0.0||0.0
日産・スカイライン||397||397||0||0||0.0||0.0
朝鮮の歴史||396||396||4||4||0.010101010101010102||0.010101010101010102
キリスト教||394||394||0||0||0.0||0.0
蒼穹のファフナー||394||394||0||0||0.0||0.0
名古屋鉄道||393||393||2||2||0.005089058524173028||0.005089058524173028
日本の鉄道駅一覧||392||392||0||0||0.0||0.0
サンテレビジョン||392||392||0||0||0.0||0.0
日本のテレビドラマ一覧||392||392||0||0||0.0||0.0
京都大学||391||391||0||0||0.0||0.0
ゴジラ||390||390||1||1||0.002564102564102564||0.002564102564102564
サッカー選手一覧||390||390||0||0||0.0||0.0
笑福亭鶴瓶||390||390||1||1||0.002564102564102564||0.002564102564102564
聖闘士星矢||389||389||0||0||0.0||0.0
エフエム豊橋||389||389||0||0||0.0||0.0
日本の歴史||388||388||0||0||0.0||0.0
横浜駅||388||388||1||1||0.002577319587628866||0.002577319587628866
岡崎市||387||387||0||0||0.0||0.0
名古屋市||386||386||0||0||0.0||0.0
D.C. 〜ダ・カーポ〜||386||386||0||0||0.0||0.0
東北楽天ゴールデンイーグルス||386||386||0||0||0.0||0.0
東日本旅客鉄道||385||385||1||1||0.0025974025974025974||0.0025974025974025974
木村拓哉||385||385||1||1||0.0025974025974025974||0.0025974025974025974
ビートルズ||384||384||1||1||0.0026041666666666665||0.0026041666666666665
東京工業大学||383||383||0||0||0.0||0.0
東京箱根間往復大学駅伝競走||383||383||0||0||0.0||0.0
中井正広のブラックバラエティ||383||383||0||0||0.0||0.0
SMAP||383||383||1||1||0.0026109660574412533||0.0026109660574412533
堀江由衣||381||381||0||0||0.0||0.0
学校記事一覧||379||379||1||1||0.002638522427440633||0.002638522427440633
石原慎太郎||377||377||5||5||0.013262599469496022||0.013262599469496022
大和 (戦艦)||374||374||2||2||0.0053475935828877||0.0053475935828877
エンタの神様/log20091223||374||374||0||0||0.0||0.0
青山学院大学||374||374||0||0||0.0||0.0
大阪近鉄バファローズ||373||373||0||0||0.0||0.0
中華人民共和国||372||372||1||1||0.002688172043010753||0.002688172043010753
ルパン三世||372||372||0||0||0.0||0.0
東北大学||372||372||0||0||0.0||0.0
ケーブルテレビ局の一覧||371||371||0||0||0.0||0.0
ぱにぽに||371||371||1||1||0.0026954177897574125||0.0026954177897574125
近畿日本鉄道||371||371||2||2||0.005390835579514825||0.005390835579514825
竹島 (島根県)||371||371||8||8||0.0215633423180593||0.0215633423180593
ドイツ||370||370||0||0||0.0||0.0
上戸彩||369||369||3||3||0.008130081300813009||0.008130081300813009
日本の郷土料理||368||368||0||0||0.0||0.0
ルノー||368||368||0||0||0.0||0.0
波田陽区||368||368||2||2||0.005434782608695652||0.005434782608695652
関西国際空港||367||367||0||0||0.0||0.0
英語||366||366||2||2||0.00546448087431694||0.00546448087431694
小田原駅||366||366||1||1||0.00273224043715847||0.00273224043715847
四国放送||366||366||1||1||0.00273224043715847||0.00273224043715847
関口宏の東京フレンドパークII||366||366||0||0||0.0||0.0
架空の惑星一覧||364||364||0||0||0.0||0.0
中央競馬||364||364||1||1||0.0027472527472527475||0.0027472527472527475
SAMURAI BASEBALL||364||364||0||0||0.0||0.0
ザ・ベストテン||362||362||0||0||0.0||0.0
志摩市||362||362||0||0||0.0||0.0
名古屋弁||362||362||0||0||0.0||0.0
大阪府||362||362||2||2||0.0055248618784530384||0.0055248618784530384
宝塚歌劇団||361||361||0||0||0.0||0.0
国際空港の一覧||361||361||0||0||0.0||0.0
開成中学校・高等学校||360||360||0||0||0.0||0.0
新選組!||359||359||1||1||0.002785515320334262||0.002785515320334262
スクールランブル||359||359||0||0||0.0||0.0
中央大学||358||358||3||3||0.008379888268156424||0.008379888268156424
文化放送||358||358||0||0||0.0||0.0
宮崎駿||357||357||2||2||0.0056022408963585435||0.0056022408963585435
ソニー||356||356||0||0||0.0||0.0
UHFアニメ||356||356||1||1||0.0028089887640449437||0.0028089887640449437
ジャニーズ事務所||356||356||1||1||0.0028089887640449437||0.0028089887640449437
特殊急襲部隊||355||355||0||0||0.0||0.0
機動戦士ガンダムSEED||354||354||1||1||0.002824858757062147||0.002824858757062147
日本の列車愛称一覧||354||354||0||0||0.0||0.0
台湾||354||354||3||3||0.00847457627118644||0.00847457627118644
人名一覧||353||353||0||0||0.0||0.0
ゆず (音楽グループ)||353||353||1||1||0.0028328611898017||0.0028328611898017
渡邉恒雄||352||352||0||0||0.0||0.0
知ってる?24時。||351||351||1||1||0.002849002849002849||0.002849002849002849
廃線||350||350||0||0||0.0||0.0
全国ラジオネットワーク||349||349||0||0||0.0||0.0
名古屋テレビ放送||349||349||0||0||0.0||0.0
ツバサ-RESERVoir CHRoNiCLE-||348||348||2||2||0.005747126436781609||0.005747126436781609
千葉県||348||348||1||1||0.0028735632183908046||0.0028735632183908046
郡山駅 (福島県)||347||347||1||1||0.002881844380403458||0.002881844380403458
首都圏新都市鉄道つくばエクスプレス||347||347||1||1||0.002881844380403458||0.002881844380403458
アニメ||346||346||0||0||0.0||0.0
石田彰||346||346||0||0||0.0||0.0
テレビ大阪||346||346||0||0||0.0||0.0
消滅した郡の一覧||345||345||0||0||0.0||0.0
日本のテレビ番組一覧||344||344||0||0||0.0||0.0
優香||344||344||0||0||0.0||0.0
ウルトラマンネクサス||344||344||0||0||0.0||0.0
山形放送||343||343||0||0||0.0||0.0
東京ドーム||342||342||1||1||0.0029239766081871343||0.0029239766081871343
草なぎ剛||342||342||3||3||0.008771929824561403||0.008771929824561403
東海道本線||341||341||3||3||0.008797653958944282||0.008797653958944282
アメリカ同時多発テロ事件||340||340||1||1||0.0029411764705882353||0.0029411764705882353
子音||340||340||0||0||0.0||0.0
拓殖大学||340||340||0||0||0.0||0.0
近鉄特急||340||340||0||0||0.0||0.0
北海道出身の人物一覧||340||340||0||0||0.0||0.0
三重県||340||340||0||0||0.0||0.0
女性アイドル||339||339||0||0||0.0||0.0
長渕剛||339||339||0||0||0.0||0.0
2004年アテネオリンピック||338||338||3||3||0.008875739644970414||0.008875739644970414
東海テレビ放送||338||338||0||0||0.0||0.0
オールスター感謝祭/history20190417||338||338||1||1||0.0029585798816568047||0.0029585798816568047
北九州市||338||338||0||0||0.0||0.0
SMAP×SMAP||337||337||1||1||0.002967359050445104||0.002967359050445104
ラーメン||337||337||0||0||0.0||0.0
ちちんぷいぷい (テレビ番組)/history20180113||336||336||0||0||0.0||0.0
ウルトラセブンの登場怪獣||336||336||0||0||0.0||0.0
スマトラ島沖地震 (2004年)||336||336||1||1||0.002976190476190476||0.002976190476190476
西城秀樹||336||336||1||1||0.002976190476190476||0.002976190476190476
テレビジョン放送局||335||335||0||0||0.0||0.0
JR西日本207系電車||335||335||0||0||0.0||0.0
化学に関する記事の一覧||334||334||0||0||0.0||0.0
福井放送||334||334||0||0||0.0||0.0
秋田放送||334||334||0||0||0.0||0.0
大阪芸術大学||334||334||0||0||0.0||0.0
東京造形大学||334||334||0||0||0.0||0.0
焼きたて!!ジャぱん||334||334||0||0||0.0||0.0
青森テレビ||333||333||0||0||0.0||0.0
ダウンタウン (お笑いコンビ)||332||332||1||1||0.0030120481927710845||0.0030120481927710845
世界一の一覧||332||332||4||4||0.012048192771084338||0.012048192771084338
中国放送||332||332||0||0||0.0||0.0
ウッチャンナンチャンのウリナリ!!||332||332||0||0||0.0||0.0
中華民国||332||332||2||2||0.006024096385542169||0.006024096385542169
日本のプロ野球選手一覧||331||331||0||0||0.0||0.0
ウルトラ怪獣一覧||331||331||0||0||0.0||0.0
IPod||331||331||0||0||0.0||0.0
朝日新聞||331||331||0||0||0.0||0.0
日露戦争||330||330||2||2||0.006060606060606061||0.006060606060606061
子安武人||330||330||0||0||0.0||0.0
西部警察||330||330||0||0||0.0||0.0
東京都出身の人物一覧||330||330||0||0||0.0||0.0
キャプテン翼||329||329||0||0||0.0||0.0
ORANGE RANGE||329||329||7||7||0.02127659574468085||0.02127659574468085
東急田園都市線||329||329||3||3||0.00911854103343465||0.00911854103343465
横浜DeNAベイスターズ||328||328||1||1||0.003048780487804878||0.003048780487804878
勇者王ガオガイガー||328||328||0||0||0.0||0.0
浪川大輔||328||328||0||0||0.0||0.0
岡山県出身の人物一覧||328||328||0||0||0.0||0.0
東北新幹線||328||328||2||2||0.006097560975609756||0.006097560975609756
新婚さんいらっしゃい!||327||327||0||0||0.0||0.0
NNNニュースプラス1||327||327||0||0||0.0||0.0
サルヂエ||327||327||0||0||0.0||0.0
水戸黄門 (パナソニック ドラマシアター)||327||327||1||1||0.0030581039755351682||0.0030581039755351682
テレビ埼玉||327||327||0||0||0.0||0.0
思想家一覧||326||326||0||0||0.0||0.0
ギャラクシーエンジェル||326||326||1||1||0.003067484662576687||0.003067484662576687
M-1グランプリ||326||326||0||0||0.0||0.0
青森県||326||326||1||1||0.003067484662576687||0.003067484662576687
名古屋駅||325||325||0||0||0.0||0.0
ラジオ関西||325||325||0||0||0.0||0.0
駿河台大学||325||325||0||0||0.0||0.0
読売新聞||325||325||0||0||0.0||0.0
イギリス||325||325||0||0||0.0||0.0
美少女戦士セーラームーン||325||325||1||1||0.003076923076923077||0.003076923076923077
福山潤||324||324||0||0||0.0||0.0
ファミリーコンピュータのゲームタイトル一覧||324||324||1||1||0.0030864197530864196||0.0030864197530864196
ロックマンXシリーズ||324||324||0||0||0.0||0.0
長岡市||324||324||0||0||0.0||0.0
内村光良||324||324||0||0||0.0||0.0
ナポレオン・ボナパルト||323||323||0||0||0.0||0.0
源義経||323||323||0||0||0.0||0.0
大日本帝国海軍艦艇一覧||323||323||1||1||0.0030959752321981426||0.0030959752321981426
佐賀県||322||322||0||0||0.0||0.0
日本国憲法||322||322||0||0||0.0||0.0
東武伊勢崎線||322||322||2||2||0.006211180124223602||0.006211180124223602
全日本空輸||322||322||0||0||0.0||0.0
ミュージックステーションスーパーライブ||321||321||0||0||0.0||0.0
宮城県出身の人物一覧||321||321||1||1||0.003115264797507788||0.003115264797507788
秋田県出身の人物一覧||321||321||0||0||0.0||0.0
ベトナム戦争||320||320||1||1||0.003125||0.003125
日本社会党||320||320||0||0||0.0||0.0
日本の鉄道ラインカラー一覧||320||320||2||2||0.00625||0.00625
シンエイ動画||320||320||0||0||0.0||0.0
マツダ||320||320||0||0||0.0||0.0
携帯電話||319||319||2||2||0.006269592476489028||0.006269592476489028
うたばん||319||319||1||1||0.003134796238244514||0.003134796238244514
全国高等学校クイズ選手権||319||319||0||0||0.0||0.0
国士舘大学||319||319||0||0||0.0||0.0
頭文字D||318||318||0||0||0.0||0.0
MAR (漫画)||318||318||0||0||0.0||0.0
古畑任三郎||317||317||0||0||0.0||0.0
日本の資格に関する一覧の一覧||317||317||0||0||0.0||0.0
陰陽大戦記||317||317||0||0||0.0||0.0
新潟県出身の人物一覧||317||317||0||0||0.0||0.0
物理学||316||316||0||0||0.0||0.0
両備ホールディングス||316||316||0||0||0.0||0.0
ガンダムシリーズの登場艦船及びその他の兵器一覧||316||316||0||0||0.0||0.0
日本の男優一覧||316||316||0||0||0.0||0.0
阪神・淡路大震災||316||316||2||2||0.006329113924050633||0.006329113924050633
沢田研二||315||315||0||0||0.0||0.0
FNNスーパーニュース||315||315||0||0||0.0||0.0
日本の車両基地一覧||315||315||0||0||0.0||0.0
NHK総合テレビ番組一覧||315||315||0||0||0.0||0.0
銀河英雄伝説||313||313||1||1||0.003194888178913738||0.003194888178913738
華原朋美||313||313||0||0||0.0||0.0
新潟県||311||311||0||0||0.0||0.0
京都市||311||311||0||0||0.0||0.0
日本の政党一覧||311||311||0||0||0.0||0.0
東條英機||311||311||0||0||0.0||0.0
福知山線||311||311||4||4||0.012861736334405145||0.012861736334405145
事件||311||311||0||0||0.0||0.0
靖国神社||311||311||3||3||0.00964630225080386||0.00964630225080386
マジカル頭脳パワー!!||311||311||0||0||0.0||0.0
とっとこハム太郎||311||311||0||0||0.0||0.0
錦戸亮||310||310||0||0||0.0||0.0
Dr.スランプ||310||310||1||1||0.0032258064516129032||0.0032258064516129032
エフエム山口||309||309||0||0||0.0||0.0
さだまさし||308||308||0||0||0.0||0.0
自動車の車種名一覧||308||308||0||0||0.0||0.0
東海道新幹線||308||308||5||5||0.016233766233766232||0.016233766233766232
国の一覧||307||307||2||2||0.006514657980456026||0.006514657980456026
愛媛県||307||307||0||0||0.0||0.0
広島県||307||307||0||0||0.0||0.0
北斗の拳||307||307||0||0||0.0||0.0
ズームイン!!朝!||307||307||0||0||0.0||0.0
吹田市||307||307||0||0||0.0||0.0
武蔵野美術大学||307||307||0||0||0.0||0.0
テレビ山口||307||307||0||0||0.0||0.0
関西学院大学||307||307||0||0||0.0||0.0
和製英語||306||306||3||3||0.00980392156862745||0.00980392156862745
広島電鉄||306||306||0||0||0.0||0.0
連続テレビ小説||306||306||0||0||0.0||0.0
宗像市||306||306||0||0||0.0||0.0
王貞治||306||306||0||0||0.0||0.0
日蓮正宗||305||305||1||1||0.003278688524590164||0.003278688524590164
兵庫県||303||303||1||1||0.0033003300330033004||0.0033003300330033004
クイズ番組||303||303||0||0||0.0||0.0
WWE||303||303||0||0||0.0||0.0
福岡県||303||303||3||3||0.009900990099009901||0.009900990099009901
盛岡駅||303||303||0||0||0.0||0.0
徳光和夫||302||302||0||0||0.0||0.0
東武鉄道||301||301||1||1||0.0033222591362126247||0.0033222591362126247
RKB毎日放送||301||301||0||0||0.0||0.0
能登麻美子||301||301||0||0||0.0||0.0
極上生徒会||301||301||1||1||0.0033222591362126247||0.0033222591362126247
ラジオ番組||300||300||0||0||0.0||0.0
上智大学||300||300||0||0||0.0||0.0
平成教育委員会||300||300||1||1||0.0033333333333333335||0.0033333333333333335
東ローマ帝国||299||299||0||0||0.0||0.0
金色のガッシュ!!||299||299||0||0||0.0||0.0
スーパーJチャンネル||299||299||0||0||0.0||0.0
川嶋あい||299||299||2||2||0.006688963210702341||0.006688963210702341
野球||298||298||0||0||0.0||0.0
犬の品種一覧||298||298||0||0||0.0||0.0
山口放送||298||298||0||0||0.0||0.0
国際基督教大学||298||298||0||0||0.0||0.0
はねるのトびら||298||298||1||1||0.003355704697986577||0.003355704697986577
明治大学の人物一覧||298||298||0||0||0.0||0.0
松山市||297||297||0||0||0.0||0.0
陸上自衛隊の装備品一覧||297||297||0||0||0.0||0.0
日本の廃止市町村一覧||297||297||0||0||0.0||0.0
オリックス・バファローズ||297||297||0||0||0.0||0.0
機動戦士ガンダムSEED DESTINY||297||297||1||1||0.003367003367003367||0.003367003367003367
石川梨華||297||297||1||1||0.003367003367003367||0.003367003367003367
サッカー||297||297||0||0||0.0||0.0
静岡県||296||296||2||2||0.006756756756756757||0.006756756756756757
手塚治虫||296||296||1||1||0.0033783783783783786||0.0033783783783783786
日本大学||296||296||0||0||0.0||0.0
大阪大学||296||296||1||1||0.0033783783783783786||0.0033783783783783786
2000年||295||295||1||1||0.003389830508474576||0.003389830508474576
北海道大学||295||295||0||0||0.0||0.0
社会民主党 (日本 1996-)||295||295||4||4||0.013559322033898305||0.013559322033898305
ハヤテのごとく!||295||295||0||0||0.0||0.0
天才てれびくんMAX||295||295||1||1||0.003389830508474576||0.003389830508474576
KAT-TUN||295||295||2||2||0.006779661016949152||0.006779661016949152
香取慎吾||295||295||1||1||0.003389830508474576||0.003389830508474576
テレビ宮崎||294||294||3||3||0.01020408163265306||0.01020408163265306
金沢市||293||293||0||0||0.0||0.0
プロ野球ニュース||293||293||0||0||0.0||0.0
三菱自動車工業||293||293||0||0||0.0||0.0
脳内エステ IQサプリ||293||293||0||0||0.0||0.0
インド||292||292||1||1||0.003424657534246575||0.003424657534246575
テレビ神奈川||292||292||0||0||0.0||0.0
コミュニティ放送局一覧||292||292||0||0||0.0||0.0
東京大学の人物一覧||292||292||0||0||0.0||0.0
流通経済大学||292||292||0||0||0.0||0.0
神奈川県出身の人物一覧||292||292||0||0||0.0||0.0
小倉優子||292||292||1||1||0.003424657534246575||0.003424657534246575
ニュースステーション||291||291||0||0||0.0||0.0
中京テレビ放送||291||291||0||0||0.0||0.0
午後は○○おもいッきりテレビ||291||291||0||0||0.0||0.0
ニンテンドーDS||291||291||1||1||0.003436426116838488||0.003436426116838488
プロ野球中継||291||291||0||0||0.0||0.0
盛岡市||291||291||0||0||0.0||0.0
JR東日本E231系電車||291||291||1||1||0.003436426116838488||0.003436426116838488
松田聖子||290||290||0||0||0.0||0.0
スーパー戦隊シリーズ/history20160321||290||290||0||0||0.0||0.0
山寺宏一||290||290||0||0||0.0||0.0
美少女戦士セーラームーンの登場人物||290||290||0||0||0.0||0.0
ウィーン||289||289||0||0||0.0||0.0
水樹奈々||289||289||0||0||0.0||0.0
日本の城一覧||289||289||0||0||0.0||0.0
学位||289||289||0||0||0.0||0.0
福井県||288||288||0||0||0.0||0.0
青森朝日放送||288||288||0||0||0.0||0.0
はなまるマーケット||288||288||0||0||0.0||0.0
爆笑問題のバク天!||288||288||0||0||0.0||0.0
マリア様がみてる||288||288||1||1||0.003472222222222222||0.003472222222222222
桑田佳祐||288||288||1||1||0.003472222222222222||0.003472222222222222
小田急電鉄||287||287||0||0||0.0||0.0
キラ・ヤマト||287||287||0||0||0.0||0.0
池袋駅||287||287||1||1||0.003484320557491289||0.003484320557491289
林原めぐみ||287||287||0||0||0.0||0.0
仙台駅||286||286||0||0||0.0||0.0
タクシー||286||286||0||0||0.0||0.0
ボーイスカウト||286||286||0||0||0.0||0.0
沖縄県||285||285||0||0||0.0||0.0
保志総一朗||285||285||0||0||0.0||0.0
スペーシア||285||285||0||0||0.0||0.0
爆笑オンエアバトル||285||285||0||0||0.0||0.0
坂本龍一||284||284||0||0||0.0||0.0
ウルトラマン||284||284||0||0||0.0||0.0
立教大学||284||284||0||0||0.0||0.0
日本の鉄道駅一覧 ち-て||284||284||0||0||0.0||0.0
ウォッチ!||284||284||0||0||0.0||0.0
緑川光||284||284||0||0||0.0||0.0
福岡県西方沖地震||284||284||0||0||0.0||0.0
モナー||283||283||2||2||0.007067137809187279||0.007067137809187279
ぐるぐるナインティナイン||283||283||0||0||0.0||0.0
ハーレムもの||283||283||0||0||0.0||0.0
源頼朝||283||283||0||0||0.0||0.0
清原和博||283||283||0||0||0.0||0.0
オンラインゲーム||282||282||5||5||0.01773049645390071||0.01773049645390071
大相撲力士一覧||282||282||2||2||0.0070921985815602835||0.0070921985815602835
東北本線||282||282||3||3||0.010638297872340425||0.010638297872340425
ちびまる子ちゃん||282||282||0||0||0.0||0.0
麻雀用語一覧||282||282||0||0||0.0||0.0
NHKニュース7||282||282||0||0||0.0||0.0
平田篤胤||282||282||0||0||0.0||0.0
るろうに剣心 -明治剣客浪漫譚-||282||282||0||0||0.0||0.0
岡村隆史||282||282||0||0||0.0||0.0
ジャズ||281||281||0||0||0.0||0.0
オールニッポン・ニュースネットワーク||281||281||0||0||0.0||0.0
零式艦上戦闘機||281||281||1||1||0.0035587188612099642||0.0035587188612099642
将棋||280||280||2||2||0.007142857142857143||0.007142857142857143
航空会社||280||280||0||0||0.0||0.0
仲間由紀恵||280||280||0||0||0.0||0.0
秋田県||278||278||4||4||0.014388489208633094||0.014388489208633094
関東鉄道常総線||278||278||0||0||0.0||0.0
大塚愛||278||278||0||0||0.0||0.0
きかんしゃトーマス||278||278||4||4||0.014388489208633094||0.014388489208633094
アマチュア無線||278||278||0||0||0.0||0.0
長野県||277||277||0||0||0.0||0.0
日産・セドリック||277||277||0||0||0.0||0.0
和田アキ子||277||277||2||2||0.007220216606498195||0.007220216606498195
ハロー!モーニング。||277||277||0||0||0.0||0.0
イタリア||276||276||0||0||0.0||0.0
東京急行電鉄||276||276||2||2||0.007246376811594203||0.007246376811594203
行列のできる法律相談所||276||276||1||1||0.0036231884057971015||0.0036231884057971015
ジャスティスガンダム||276||276||1||1||0.0036231884057971015||0.0036231884057971015
元祖!でぶや||276||276||0||0||0.0||0.0
おたく||275||275||3||3||0.01090909090909091||0.01090909090909091
満州国||275||275||2||2||0.007272727272727273||0.007272727272727273
仙台放送||275||275||0||0||0.0||0.0
TBSラジオ番組一覧||275||275||1||1||0.0036363636363636364||0.0036363636363636364
日本お笑い史||275||275||0||0||0.0||0.0
武蔵野線||275||275||2||2||0.007272727272727273||0.007272727272727273
日本のインターチェンジ一覧 あ行||274||274||0||0||0.0||0.0
豊橋市||274||274||0||0||0.0||0.0
オウム真理教||274||274||4||4||0.014598540145985401||0.014598540145985401
自転車||273||273||1||1||0.003663003663003663||0.003663003663003663
ホンダ・アコード||273||273||0||0||0.0||0.0
野球道 (フジテレビ系列)||273||273||0||0||0.0||0.0
トヨタ・クラウン||273||273||0||0||0.0||0.0
全国高校野球選手権大会中継||272||272||0||0||0.0||0.0
讀賣テレビ放送||271||271||0||0||0.0||0.0
トヨタ・コロナ||271||271||0||0||0.0||0.0
アドルフ・ヒトラー||271||271||0||0||0.0||0.0
1999年||270||270||1||1||0.003703703703703704||0.003703703703703704
爆笑問題||270||270||0||0||0.0||0.0
フジテレビ月曜9時枠の連続ドラマ||270||270||0||0||0.0||0.0
紺碧の艦隊||270||270||0||0||0.0||0.0
みのもんた||269||269||1||1||0.0037174721189591076||0.0037174721189591076
RSK山陽放送||269||269||0||0||0.0||0.0
おはよう日本||269||269||0||0||0.0||0.0
日本酒の銘柄一覧||269||269||0||0||0.0||0.0
愛のエプロン||269||269||0||0||0.0||0.0
プロレスラー一覧||268||268||0||0||0.0||0.0
日本の鉄道駅一覧 ふ-ほ||268||268||0||0||0.0||0.0
オレたちひょうきん族||268||268||0||0||0.0||0.0
魔神英雄伝ワタル||268||268||0||0||0.0||0.0
日本航空123便墜落事故||268||268||0||0||0.0||0.0
あいのり||268||268||0||0||0.0||0.0
ウルトラシリーズ||267||267||1||1||0.003745318352059925||0.003745318352059925
J-WAVE||267||267||0||0||0.0||0.0
2005年の中国における反日活動||267||267||0||0||0.0||0.0
テレビ東京番組一覧||267||267||0||0||0.0||0.0
香港||267||267||0||0||0.0||0.0
北方領土問題||267||267||1||1||0.003745318352059925||0.003745318352059925
FOMA||266||266||0||0||0.0||0.0
川崎市||266||266||0||0||0.0||0.0
ビーイング||266||266||0||0||0.0||0.0
消滅した政権一覧||265||265||0||0||0.0||0.0
靖国神社問題||265||265||2||2||0.007547169811320755||0.007547169811320755
河野久||265||265||0||0||0.0||0.0
韓国併合||265||265||3||3||0.011320754716981131||0.011320754716981131
テレビ大分||265||265||0||0||0.0||0.0
福岡県出身の人物一覧||265||265||0||0||0.0||0.0
朴ロ美||264||264||0||0||0.0||0.0
ポピュラー音楽の音楽家一覧 (日本・個人)||264||264||0||0||0.0||0.0
歴史教科書問題||264||264||4||4||0.015151515151515152||0.015151515151515152
ウルトラセブン||264||264||0||0||0.0||0.0
北陸放送||264||264||0||0||0.0||0.0
朝鮮民主主義人民共和国||263||263||2||2||0.0076045627376425855||0.0076045627376425855
埼京線||263||263||0||0||0.0||0.0
独裁者||262||262||1||1||0.003816793893129771||0.003816793893129771
戦え!超ロボット生命体トランスフォーマー||262||262||0||0||0.0||0.0
ワンナイR&R||262||262||0||0||0.0||0.0
長野県出身の人物一覧||262||262||0||0||0.0||0.0
郵政民営化||262||262||0||0||0.0||0.0
原子爆弾||261||261||1||1||0.0038314176245210726||0.0038314176245210726
シャーロック・ホームズ||261||261||1||1||0.0038314176245210726||0.0038314176245210726
東京地下鉄||261||261||0||0||0.0||0.0
大河ドラマ||261||261||0||0||0.0||0.0
クラシック音楽の曲名一覧||261||261||0||0||0.0||0.0
テロリズム||261||261||1||1||0.0038314176245210726||0.0038314176245210726
矢口真里||261||261||1||1||0.0038314176245210726||0.0038314176245210726
ジャパン・ニュース・ネットワーク||260||260||0||0||0.0||0.0
JR東日本E217系電車||260||260||0||0||0.0||0.0
関智一||260||260||0||0||0.0||0.0
日本の文化||260||260||0||0||0.0||0.0
報道特別番組||260||260||0||0||0.0||0.0
2001年||259||259||0||0||0.0||0.0
コナミホールディングス||259||259||0||0||0.0||0.0
イラク戦争||259||259||0||0||0.0||0.0
ニュースJAPAN||259||259||0||0||0.0||0.0
川澄綾子||259||259||0||0||0.0||0.0
嫌韓||259||259||7||7||0.02702702702702703||0.02702702702702703
琉球放送||259||259||2||2||0.007722007722007722||0.007722007722007722
ボーイング747||259||259||0||0||0.0||0.0
宇宙戦艦ヤマト||259||259||1||1||0.003861003861003861||0.003861003861003861
朝鮮戦争||259||259||2||2||0.007722007722007722||0.007722007722007722
南京事件||259||259||4||4||0.015444015444015444||0.015444015444015444
M-flo||259||259||0||0||0.0||0.0
地震||258||258||2||2||0.007751937984496124||0.007751937984496124
君が代||258||258||1||1||0.003875968992248062||0.003875968992248062
下関市||258||258||0||0||0.0||0.0
日本フットボールリーグ||258||258||0||0||0.0||0.0
義経 (NHK大河ドラマ)||258||258||0||0||0.0||0.0
神奈川県||258||258||0||0||0.0||0.0
民主党 (日本 1947-1950)||257||257||0||0||0.0||0.0
北千住駅||257||257||2||2||0.007782101167315175||0.007782101167315175
JR西日本223系電車||257||257||0||0||0.0||0.0
NEWS23||257||257||1||1||0.0038910505836575876||0.0038910505836575876
札幌テレビ放送||257||257||0||0||0.0||0.0
日本航空 (持株会社)||257||257||0||0||0.0||0.0
後藤真希||257||257||0||0||0.0||0.0
スーパーマリオブラザーズ||256||256||5||5||0.01953125||0.01953125
周期表||256||256||3||3||0.01171875||0.01171875
西日本鉄道||256||256||3||3||0.01171875||0.01171875
小林よしのり||256||256||0||0||0.0||0.0
日本の鉄道駅一覧 う-え||256||256||0||0||0.0||0.0
日本史詳説||256||256||0||0||0.0||0.0
Mr.FULLSWING||256||256||0||0||0.0||0.0
ダイエー||256||256||0||0||0.0||0.0
スーパーロボット大戦シリーズ||256||256||0||0||0.0||0.0
日本の高校野球||256||256||0||0||0.0||0.0
東京メトロ東西線||255||255||0||0||0.0||0.0
ポーランド||255||255||1||1||0.00392156862745098||0.00392156862745098
T.M.Revolution||255||255||0||0||0.0||0.0
台風||255||255||1||1||0.00392156862745098||0.00392156862745098
香川大学||255||255||0||0||0.0||0.0
生物学に関する記事の一覧||255||255||0||0||0.0||0.0
お台場明石城||255||255||0||0||0.0||0.0
ジョン・F・ケネディ||255||255||0||0||0.0||0.0
スウェーデン||255||255||0||0||0.0||0.0
731部隊||255||255||4||4||0.01568627450980392||0.01568627450980392
アニメソング||255||255||1||1||0.00392156862745098||0.00392156862745098
戦艦||255||255||1||1||0.00392156862745098||0.00392156862745098
灼眼のシャナ||254||254||0||0||0.0||0.0
HOT'n HOT お気に入りに追加!||254||254||0||0||0.0||0.0
ニコンの銀塩一眼レフカメラ製品一覧||254||254||0||0||0.0||0.0
東海旅客鉄道||254||254||1||1||0.003937007874015748||0.003937007874015748
自動車競技||253||253||0||0||0.0||0.0
国際連合||253||253||0||0||0.0||0.0
MSX||253||253||0||0||0.0||0.0
静岡放送||253||253||0||0||0.0||0.0
三好市||253||253||0||0||0.0||0.0
東急東横線||252||252||1||1||0.003968253968253968||0.003968253968253968
港区 (名古屋市)||252||252||0||0||0.0||0.0
ガンホー・オンライン・エンターテイメント||252||252||0||0||0.0||0.0
茨城県||252||252||2||2||0.007936507936507936||0.007936507936507936
ジョージ・W・ブッシュ||252||252||2||2||0.007936507936507936||0.007936507936507936
ふたりはプリキュア||252||252||2||2||0.007936507936507936||0.007936507936507936
声優ユニット||251||251||0||0||0.0||0.0
堀内恒夫||251||251||0||0||0.0||0.0
野川さくら||251||251||4||4||0.01593625498007968||0.01593625498007968
地下鉄||251||251||0||0||0.0||0.0
サクラ大戦シリーズ||251||251||0||0||0.0||0.0
広島市||251||251||0||0||0.0||0.0
京浜急行電鉄||250||250||0||0||0.0||0.0
日本レコード大賞||250||250||0||0||0.0||0.0
在日韓国・朝鮮人||250||250||8||8||0.032||0.032
山陰放送||250||250||0||0||0.0||0.0
キングコング (お笑いコンビ)||250||250||0||0||0.0||0.0
フジテレビ番組一覧||250||250||0||0||0.0||0.0
香川県||249||249||0||0||0.0||0.0
NTTドコモ||249||249||1||1||0.004016064257028112||0.004016064257028112
仙石線||249||249||0||0||0.0||0.0
うどん||249||249||0||0||0.0||0.0
クイズ!ヘキサゴン||249||249||0||0||0.0||0.0
Fun!BASEBALL!!||249||249||0||0||0.0||0.0
ロンドンハーツ||249||249||0||0||0.0||0.0
三重テレビ放送||249||249||0||0||0.0||0.0
九州朝日放送||249||249||0||0||0.0||0.0
山手線||249||249||6||6||0.024096385542168676||0.024096385542168676
ロックマンエグゼ (アニメ)||248||248||0||0||0.0||0.0
機動戦士ガンダムSEEDの登場人物||248||248||0||0||0.0||0.0
シンガポール||248||248||0||0||0.0||0.0
旭川市||247||247||0||0||0.0||0.0
阪急電鉄||247||247||1||1||0.004048582995951417||0.004048582995951417
山陽本線||247||247||1||1||0.004048582995951417||0.004048582995951417
川崎重工業||247||247||0||0||0.0||0.0
置鮎龍太郎||247||247||0||0||0.0||0.0
エルフェンリート||247||247||0||0||0.0||0.0
島田紳助||246||246||4||4||0.016260162601626018||0.016260162601626018
静岡県出身の人物一覧||246||246||0||0||0.0||0.0
日高のり子||246||246||0||0||0.0||0.0
バイオハザードシリーズ||246||246||0||0||0.0||0.0
所ジョージ||246||246||0||0||0.0||0.0
藤子不二雄||245||245||1||1||0.004081632653061225||0.004081632653061225
福島駅 (福島県)||245||245||0||0||0.0||0.0
オナニー||245||245||3||3||0.012244897959183673||0.012244897959183673
慶應義塾大学の人物一覧||245||245||0||0||0.0||0.0
仮面ライダー龍騎||244||244||0||0||0.0||0.0
クラシック音楽の作曲家一覧||244||244||0||0||0.0||0.0
探偵!ナイトスクープ||244||244||0||0||0.0||0.0
広島ホームテレビ||244||244||0||0||0.0||0.0
スタジオ・ミュージシャン||244||244||0||0||0.0||0.0
千葉紗子||244||244||0||0||0.0||0.0
オートバイ||243||243||0||0||0.0||0.0
スーパークイズスペシャル||243||243||0||0||0.0||0.0
藤本美貴||243||243||0||0||0.0||0.0
ラジオ||242||242||0||0||0.0||0.0
神の一覧||242||242||0||0||0.0||0.0
徳川家康||242||242||1||1||0.004132231404958678||0.004132231404958678
帰ってきたウルトラマン||242||242||0||0||0.0||0.0
土曜ワイド劇場||242||242||0||0||0.0||0.0
ASIAN KUNG-FU GENERATION||242||242||0||0||0.0||0.0
京都大学の人物一覧||242||242||0||0||0.0||0.0
森喜朗||242||242||3||3||0.012396694214876033||0.012396694214876033
日本のナンバープレート||242||242||0||0||0.0||0.0
阪神甲子園球場||242||242||0||0||0.0||0.0
さいたま市||242||242||0||0||0.0||0.0
マイケル・ジャクソン||242||242||1||1||0.004132231404958678||0.004132231404958678
トルコ||241||241||0||0||0.0||0.0
あずまんが大王||241||241||0||0||0.0||0.0
山口勝平||241||241||0||0||0.0||0.0
舞鶴市||241||241||0||0||0.0||0.0
ウッチャンナンチャン||241||241||0||0||0.0||0.0
女王の教室||241||241||0||0||0.0||0.0
志村けん||241||241||1||1||0.004149377593360996||0.004149377593360996
性行為||241||241||0||0||0.0||0.0
山陽新幹線||241||241||2||2||0.008298755186721992||0.008298755186721992
犬夜叉||241||241||1||1||0.004149377593360996||0.004149377593360996
Gatas Brilhantes H.P.||240||240||0||0||0.0||0.0
交響詩篇エウレカセブン||240||240||1||1||0.004166666666666667||0.004166666666666667
日本の空港||239||239||0||0||0.0||0.0
阪神電気鉄道||239||239||0||0||0.0||0.0
稲垣吾郎||239||239||0||0||0.0||0.0
機動警察パトレイバー||239||239||0||0||0.0||0.0
ラクス・クライン||238||238||0||0||0.0||0.0
岐阜放送||238||238||0||0||0.0||0.0
永久欠番||238||238||0||0||0.0||0.0
半ズボン||238||238||2||2||0.008403361344537815||0.008403361344537815
安田大サーカス||238||238||0||0||0.0||0.0
朝日放送テレビ番組一覧||238||238||1||1||0.004201680672268907||0.004201680672268907
イブニング・ファイブ||238||238||0||0||0.0||0.0
TBSテレビ||238||238||0||0||0.0||0.0
ホロコースト||238||238||1||1||0.004201680672268907||0.004201680672268907
パナソニック||238||238||0||0||0.0||0.0
Macintosh||237||237||0||0||0.0||0.0
ルートヴィヒ・ヴァン・ベートーヴェン||237||237||0||0||0.0||0.0
キテレツ大百科||237||237||2||2||0.008438818565400843||0.008438818565400843
米子市||237||237||0||0||0.0||0.0
新日本プロレス/history20160321||237||237||0||0||0.0||0.0
シン・アスカ||237||237||0||0||0.0||0.0
地球戦隊ファイブマン||237||237||0||0||0.0||0.0
星のカービィ (アニメ)||237||237||0||0||0.0||0.0
ペンタックスのカメラ製品一覧||237||237||0||0||0.0||0.0
鹿児島県||237||237||0||0||0.0||0.0
ラジオ・チャリティー・ミュージックソン||237||237||0||0||0.0||0.0
F-15 (戦闘機)||237||237||0||0||0.0||0.0
航空母艦||236||236||0||0||0.0||0.0
都営バス||236||236||0||0||0.0||0.0
国鉄115系電車||236||236||0||0||0.0||0.0
石岡市||236||236||1||1||0.00423728813559322||0.00423728813559322
カードキャプターさくら||235||235||0||0||0.0||0.0
ピーナッツ (漫画)||235||235||0||0||0.0||0.0
帝京大学||235||235||0||0||0.0||0.0
新潟総合テレビ||235||235||0||0||0.0||0.0
グランド・セフト・オートシリーズ||235||235||0||0||0.0||0.0
若槻千夏||235||235||0||0||0.0||0.0
西武鉄道||234||234||1||1||0.004273504273504274||0.004273504273504274
岡山駅||234||234||0||0||0.0||0.0
高松市||234||234||0||0||0.0||0.0
新潟駅||234||234||0||0||0.0||0.0
陣内智則||234||234||0||0||0.0||0.0
ユダヤ人||234||234||0||0||0.0||0.0
イチロー||234||234||1||1||0.004273504273504274||0.004273504273504274
金正日||234||234||9||9||0.038461538461538464||0.038461538461538464
チベット||234||234||1||1||0.004273504273504274||0.004273504273504274
浦和レッドダイヤモンズ||233||233||1||1||0.004291845493562232||0.004291845493562232
上越新幹線||233||233||0||0||0.0||0.0
ウィルコム||233||233||1||1||0.004291845493562232||0.004291845493562232
コンビニエンスストア||233||233||1||1||0.004291845493562232||0.004291845493562232
東武8000系電車||233||233||0||0||0.0||0.0
ネプリーグ/log20091026||233||233||0||0||0.0||0.0
平成教育テレビ||233||233||0||0||0.0||0.0
特捜戦隊デカレンジャー||233||233||0||0||0.0||0.0
ガン×ソード||233||233||0||0||0.0||0.0
インターネット||233||233||1||1||0.004291845493562232||0.004291845493562232
ときめきメモリアル||233||233||0||0||0.0||0.0
松本人志||232||232||0||0||0.0||0.0
日本の女優一覧||232||232||0||0||0.0||0.0
出川哲朗||232||232||0||0||0.0||0.0
ジン (ガンダムシリーズ)||232||232||0||0||0.0||0.0
ディープインパクト (競走馬)||232||232||1||1||0.004310344827586207||0.004310344827586207
第44回衆議院議員総選挙||232||232||2||2||0.008620689655172414||0.008620689655172414
Google||232||232||1||1||0.004310344827586207||0.004310344827586207
渋谷駅||232||232||2||2||0.008620689655172414||0.008620689655172414
競輪||231||231||0||0||0.0||0.0
ヨハネ・パウロ2世 (ローマ教皇)||231||231||1||1||0.004329004329004329||0.004329004329004329
電気通信大学||231||231||0||0||0.0||0.0
伊丹駅 (JR西日本)||231||231||0||0||0.0||0.0
ラジオ深夜便||231||231||0||0||0.0||0.0
クイズ$ミリオネア||231||231||0||0||0.0||0.0
新潟放送||231||231||0||0||0.0||0.0
スーパー競馬||231||231||0||0||0.0||0.0
日本の史跡一覧||231||231||0||0||0.0||0.0
日本大学の人物一覧||231||231||0||0||0.0||0.0
堀江貴文||231||231||0||0||0.0||0.0
Au (携帯電話)||231||231||1||1||0.004329004329004329||0.004329004329004329
埼玉県||231||231||0||0||0.0||0.0
鉄道ファン||231||231||0||0||0.0||0.0
報道ステーション||231||231||1||1||0.004329004329004329||0.004329004329004329
台東区||230||230||0||0||0.0||0.0
日本の鉄道駅一覧 く-け||230||230||0||0||0.0||0.0
桜美林大学||230||230||0||0||0.0||0.0
アンジャッシュ||230||230||0||0||0.0||0.0
笑いの金メダル||230||230||1||1||0.004347826086956522||0.004347826086956522
エンドレスナイト||230||230||0||0||0.0||0.0
中島みゆき||230||230||0||0||0.0||0.0
コーヒー||230||230||1||1||0.004347826086956522||0.004347826086956522
国分佐智子||230||230||0||0||0.0||0.0
京都駅||229||229||0||0||0.0||0.0
現代音楽||229||229||0||0||0.0||0.0
テレビドラマの一覧||229||229||0||0||0.0||0.0
アメリカンフットボール||229||229||0||0||0.0||0.0
ダウンタウンのごっつええ感じ||229||229||0||0||0.0||0.0
バス (交通機関)||228||228||0||0||0.0||0.0
藩の一覧||228||228||0||0||0.0||0.0
スーパーモーニング||228||228||0||0||0.0||0.0
勇者王ガオガイガーFINAL||228||228||0||0||0.0||0.0
中国帝王一覧||227||227||0||0||0.0||0.0
西宮市||227||227||0||0||0.0||0.0
必殺シリーズ||227||227||0||0||0.0||0.0
旭日の艦隊||227||227||0||0||0.0||0.0
成田国際空港||227||227||0||0||0.0||0.0
ICOCA||226||226||1||1||0.004424778761061947||0.004424778761061947
湘南電車||226||226||1||1||0.004424778761061947||0.004424778761061947
クイズタイムショック||226||226||0||0||0.0||0.0
南京事件論争||226||226||3||3||0.01327433628318584||0.01327433628318584
カトリシズム||225||225||0||0||0.0||0.0
第一次世界大戦||225||225||1||1||0.0044444444444444444||0.0044444444444444444
鹿児島市||225||225||0||0||0.0||0.0
岡山電気軌道||225||225||0||0||0.0||0.0
中鉄バス||225||225||0||0||0.0||0.0
逸見政孝||225||225||0||0||0.0||0.0
テレビ北海道||225||225||0||0||0.0||0.0
金田一少年の事件簿||225||225||1||1||0.0044444444444444444||0.0044444444444444444
キユーピー3分クッキング||225||225||0||0||0.0||0.0
トランスフォーマー ギャラクシーフォース||225||225||0||0||0.0||0.0
くりぃむしちゅーのオールナイトニッポン||225||225||0||0||0.0||0.0
京成電鉄||225||225||0||0||0.0||0.0
富山県||225||225||0||0||0.0||0.0
大阪駅||225||225||1||1||0.0044444444444444444||0.0044444444444444444
徳島県||224||224||0||0||0.0||0.0
ドイツ語||224||224||1||1||0.004464285714285714||0.004464285714285714
瀬戸内海放送||224||224||1||1||0.004464285714285714||0.004464285714285714
政治学者の一覧||224||224||0||0||0.0||0.0
武田薬品工業||224||224||0||0||0.0||0.0
南海キャンディーズ||224||224||0||0||0.0||0.0
朝ズバッ!||224||224||0||0||0.0||0.0
エイベックス・グループ||224||224||3||3||0.013392857142857142||0.013392857142857142
MAJOR||223||223||0||0||0.0||0.0
朝鮮語||223||223||0||0||0.0||0.0
AV女優||223||223||0||0||0.0||0.0
成田市||223||223||0||0||0.0||0.0
露木茂||223||223||1||1||0.004484304932735426||0.004484304932735426
タイ王国||223||223||1||1||0.004484304932735426||0.004484304932735426
Do As Infinity||223||223||0||0||0.0||0.0
ドリフ大爆笑||223||223||0||0||0.0||0.0
MBSヤングタウン||223||223||0||0||0.0||0.0
うえきの法則||223||223||0||0||0.0||0.0
ケータイ刑事 銭形シリーズ||223||223||0||0||0.0||0.0
MBSテレビ番組一覧||223||223||0||0||0.0||0.0
ソウル特別市||223||223||1||1||0.004484304932735426||0.004484304932735426
デスティニーガンダム||223||223||0||0||0.0||0.0
萌え||223||223||4||4||0.017937219730941704||0.017937219730941704
月||223||223||1||1||0.004484304932735426||0.004484304932735426
足利尊氏||222||222||0||0||0.0||0.0
広島大学||222||222||0||0||0.0||0.0
関西大学||222||222||0||0||0.0||0.0
関西テレビ番組一覧||222||222||0||0||0.0||0.0
源氏物語||222||222||0||0||0.0||0.0
1996年||221||221||0||0||0.0||0.0
SoftBank (携帯電話)||221||221||0||0||0.0||0.0
府中市 (東京都)||221||221||2||2||0.00904977375565611||0.00904977375565611
FNS歌謡祭||221||221||0||0||0.0||0.0
アニメ音楽の作曲家一覧||221||221||0||0||0.0||0.0
日本の女性専用車両||221||221||1||1||0.004524886877828055||0.004524886877828055
岡山県||220||220||0||0||0.0||0.0
1890年代||220||220||0||0||0.0||0.0
筑波大学||220||220||0||0||0.0||0.0
福島中央テレビ||220||220||0||0||0.0||0.0
沼津市||220||220||0||0||0.0||0.0
小田原市||220||220||0||0||0.0||0.0
秋田市||220||220||0||0||0.0||0.0
京阪電気鉄道||220||220||0||0||0.0||0.0
シャーマンキング||220||220||0||0||0.0||0.0
日本語||219||219||2||2||0.0091324200913242||0.0091324200913242
塩沢兼人||219||219||0||0||0.0||0.0
HEY!HEY!HEY!MUSIC CHAMP||219||219||0||0||0.0||0.0
ウィキペディア||219||219||3||3||0.0136986301369863||0.0136986301369863
豊臣秀吉||219||219||0||0||0.0||0.0
創価学会||219||219||4||4||0.0182648401826484||0.0182648401826484
日本選手権シリーズ||218||218||0||0||0.0||0.0
鹿児島本線||218||218||1||1||0.0045871559633027525||0.0045871559633027525
サンデージャポン||218||218||0||0||0.0||0.0
ポーランド人の一覧||218||218||0||0||0.0||0.0
実況パワフルプロ野球||218||218||0||0||0.0||0.0
スーパーファミコンのゲームタイトル一覧||218||218||0||0||0.0||0.0
アンパンマン||218||218||1||1||0.0045871559633027525||0.0045871559633027525
仮面ライダー555||217||217||1||1||0.004608294930875576||0.004608294930875576
マクドナルド||217||217||0||0||0.0||0.0
コミュニティバス||217||217||0||0||0.0||0.0
山形テレビ||217||217||0||0||0.0||0.0
久留米大学||217||217||0||0||0.0||0.0
大塚明夫||217||217||1||1||0.004608294930875576||0.004608294930875576
平安時代の人物一覧||217||217||0||0||0.0||0.0
イヌ||217||217||0||0||0.0||0.0

