
Page||Recent Revisions||Total Revisions||Recent Reverts||Total Reverts||Recent Contention||Total Contention
ONE PIECEの登場人物一覧/log||5009||5009||25||25||0.004991016170892394||0.004991016170892394
仮面ライダーディケイド/log20091223||4545||4545||174||174||0.03828382838283828||0.03828382838283828
仮面ライダー電王/log20080331||4484||4484||26||26||0.005798394290811775||0.005798394290811775
舞-乙HiME/log20120619||4043||4043||1||1||2.473410833539451E-4||2.473410833539451E-4
銀魂/log20081129||4000||4000||15||15||0.00375||0.00375
BLEACH/log20080419||3876||3876||20||20||0.005159958720330237||0.005159958720330237
銀魂の登場人物一覧/log20080904||3751||3751||3||3||7.997867235403892E-4||7.997867235403892E-4
ONE PIECE/log||3693||3693||29||29||0.00785269428648795||0.00785269428648795
クイズ!ヘキサゴンII/log20090401||3649||3649||31||31||0.008495478213209099||0.008495478213209099
ウルトラマンメビウス/log20100825||3648||3648||36||36||0.009868421052631578||0.009868421052631578
コードギアス 反逆のルルーシュ/log20080407||3609||3609||21||21||0.005818786367414797||0.005818786367414797
日本/log20090827||3600||3600||74||74||0.020555555555555556||0.020555555555555556
ネプリーグ/log20091026||3500||3500||10||10||0.002857142857142857||0.002857142857142857
家庭教師ヒットマンREBORN!/log20100415||3496||3496||125||125||0.03575514874141877||0.03575514874141877
涼宮ハルヒシリーズ/log20090701||3491||3491||76||76||0.021770266399312517||0.021770266399312517
エンタの神様/log20091223||3479||3479||28||28||0.008048289738430584||0.008048289738430584
ケロロ軍曹の登場人物一覧/log20090210||3435||3435||5||5||0.001455604075691412||0.001455604075691412
笑点/log20110201||3429||3429||8||8||0.0023330417031204435||0.0023330417031204435
プレイステーション3/log20100415||3417||3417||49||49||0.01434006438396254||0.01434006438396254
第二次世界大戦/log20120619||3310||3310||23||23||0.006948640483383686||0.006948640483383686
D.Gray-man||3286||3286||15||15||0.004564820450395618||0.004564820450395618
ズームイン!!SUPER/log20091228||3246||3246||8||8||0.0024645717806531116||0.0024645717806531116
森田一義アワー 笑っていいとも!/log20130117||3113||3113||13||13||0.004176035978156119||0.004176035978156119
ケロロ軍曹||3063||3063||12||12||0.0039177277179236044||0.0039177277179236044
ドラゴンボールの登場人物||3041||3041||23||23||0.007563301545544229||0.007563301545544229
ミュージックステーション/log20120615||3029||3029||7||7||0.00231099372730274||0.00231099372730274
クレヨンしんちゃん||3023||3023||16||16||0.005292755540853457||0.005292755540853457
破面||3010||3010||12||12||0.003986710963455149||0.003986710963455149
BLEACHの登場人物||2984||2984||13||13||0.00435656836461126||0.00435656836461126
広島県出身の人物一覧||2925||2925||2||2||6.837606837606838E-4||6.837606837606838E-4
DEATH NOTEの登場人物||2908||2908||6||6||0.0020632737276478678||0.0020632737276478678
DEATH NOTE||2905||2905||32||32||0.011015490533562823||0.011015490533562823
ナインティナインのオールナイトニッポン||2883||2883||15||15||0.005202913631633715||0.005202913631633715
モーニング娘。||2875||2875||29||29||0.01008695652173913||0.01008695652173913
機動戦士ガンダム00||2860||2860||49||49||0.017132867132867134||0.017132867132867134
ゲームセンターCX/history20160321||2838||2838||14||14||0.004933051444679351||0.004933051444679351
テニスの王子様の登場人物/log20120614||2832||2832||5||5||0.0017655367231638418||0.0017655367231638418
アメリカ横断ウルトラクイズ||2827||2827||3||3||0.0010611956137247967||0.0010611956137247967
ジャニーズJr.||2824||2824||19||19||0.006728045325779037||0.006728045325779037
B'z||2792||2792||54||54||0.019340974212034383||0.019340974212034383
Yes!プリキュア5||2787||2787||38||38||0.013634732687477575||0.013634732687477575
魔人探偵脳噛ネウロ||2786||2786||8||8||0.002871500358937545||0.002871500358937545
読売ジャイアンツ||2780||2780||15||15||0.00539568345323741||0.00539568345323741
青森放送/history20180113||2772||2772||0||0||0.0||0.0
水戸黄門 (パナソニック ドラマシアター)||2766||2766||4||4||0.0014461315979754157||0.0014461315979754157
NARUTO -ナルト-||2744||2744||20||20||0.007288629737609329||0.007288629737609329
新世紀エヴァンゲリオン||2743||2743||37||37||0.013488880787458987||0.013488880787458987
ドラえもん||2737||2737||54||54||0.019729630982827914||0.019729630982827914
UHFアニメ||2736||2736||8||8||0.0029239766081871343||0.0029239766081871343
東京放送ホールディングス||2713||2713||22||22||0.008109104312569112||0.008109104312569112
NARUTO -ナルト-の登場人物/log20120612||2702||2702||37||37||0.013693560325684678||0.013693560325684678
毎日放送||2699||2699||8||8||0.0029640607632456465||0.0029640607632456465
らき☆すた||2669||2669||25||25||0.009366804046459348||0.009366804046459348
クイズ世界はSHOW by ショーバイ!!||2656||2656||4||4||0.0015060240963855422||0.0015060240963855422
愛知県出身の人物一覧||2655||2655||10||10||0.003766478342749529||0.003766478342749529
2006年||2649||2649||37||37||0.013967534918837296||0.013967534918837296
そこまで言って委員会NP||2629||2629||7||7||0.0026626093571700264||0.0026626093571700264
獣拳戦隊ゲキレンジャー||2612||2612||22||22||0.008422664624808576||0.008422664624808576
ローゼンメイデン/history 20130917||2598||2598||33||33||0.012702078521939953||0.012702078521939953
トヨタ自動車||2594||2594||46||46||0.017733230531996914||0.017733230531996914
情報ライブ ミヤネ屋||2587||2587||18||18||0.006957866254348666||0.006957866254348666
太鼓の達人||2584||2584||41||41||0.01586687306501548||0.01586687306501548
ドラゴンボール||2584||2584||40||40||0.015479876160990712||0.015479876160990712
ちちんぷいぷい (テレビ番組)/history20180113||2545||2545||5||5||0.0019646365422396855||0.0019646365422396855
小沢一郎||2542||2542||41||41||0.016129032258064516||0.016129032258064516
水曜どうでしょう||2535||2535||4||4||0.0015779092702169625||0.0015779092702169625
轟轟戦隊ボウケンジャー||2528||2528||18||18||0.007120253164556962||0.007120253164556962
こちら葛飾区亀有公園前派出所||2525||2525||17||17||0.006732673267326733||0.006732673267326733
AKB48/log20110116||2524||2524||58||58||0.022979397781299524||0.022979397781299524
SASUKE/history20180113||2516||2516||15||15||0.005961844197138315||0.005961844197138315
阪神タイガース||2513||2513||24||24||0.00955033824114604||0.00955033824114604
石原慎太郎||2507||2507||45||45||0.017949740725967292||0.017949740725967292
テレビ東京||2505||2505||8||8||0.0031936127744510976||0.0031936127744510976
ハヤテのごとく!の登場人物||2500||2500||74||74||0.0296||0.0296
仮面ライダーカブト||2494||2494||17||17||0.00681635926222935||0.00681635926222935
静岡市||2490||2490||14||14||0.005622489959839358||0.005622489959839358
仙台市||2486||2486||19||19||0.007642799678197908||0.007642799678197908
金色のガッシュ!!の登場人物||2485||2485||8||8||0.0032193158953722333||0.0032193158953722333
めちゃ×2イケてるッ!||2463||2463||11||11||0.004466098254161592||0.004466098254161592
中部日本放送||2434||2434||5||5||0.002054231717337716||0.002054231717337716
東京大学の人物一覧||2420||2420||4||4||0.001652892561983471||0.001652892561983471
しゅごキャラ!||2414||2414||14||14||0.00579950289975145||0.00579950289975145
3年B組金八先生)/history20180113||2411||2411||27||27||0.011198672749896308||0.011198672749896308
銀魂 (アニメ)||2408||2408||4||4||0.0016611295681063123||0.0016611295681063123
キン肉マンの登場人物||2405||2405||6||6||0.002494802494802495||0.002494802494802495
日本の漫画家一覧||2402||2402||3||3||0.0012489592006661116||0.0012489592006661116
明石家さんま||2388||2388||18||18||0.007537688442211055||0.007537688442211055
古畑任三郎||2388||2388||12||12||0.005025125628140704||0.005025125628140704
フジテレビジョン||2384||2384||5||5||0.0020973154362416107||0.0020973154362416107
2005年||2381||2381||13||13||0.005459890802183957||0.005459890802183957
24時間テレビ 「愛は地球を救う」/history20160321||2375||2375||37||37||0.015578947368421053||0.015578947368421053
国鉄485系電車||2363||2363||16||16||0.006771053745239103||0.006771053745239103
大喜利 (笑点)||2361||2361||28||28||0.011859381617958492||0.011859381617958492
EXILE/log 20120611||2349||2349||20||20||0.008514261387824606||0.008514261387824606
家庭教師ヒットマンREBORN!の登場人物||2348||2348||33||33||0.014054514480408859||0.014054514480408859
錦戸亮||2347||2347||25||25||0.010651896037494673||0.010651896037494673
スーパー戦隊シリーズ/history20160321||2325||2325||9||9||0.003870967741935484||0.003870967741935484
FNS27時間テレビ||2314||2314||3||3||0.0012964563526361278||0.0012964563526361278
テレビ神奈川||2304||2304||10||10||0.004340277777777778||0.004340277777777778
アイシールド21||2292||2292||12||12||0.005235602094240838||0.005235602094240838
アニメ版ポケットモンスターの登場人物/history20160321||2290||2290||17||17||0.007423580786026201||0.007423580786026201
福山潤||2259||2259||14||14||0.00619743249225321||0.00619743249225321
クイズダービー||2254||2254||7||7||0.003105590062111801||0.003105590062111801
ジャニーズ事務所||2254||2254||21||21||0.009316770186335404||0.009316770186335404
京都放送||2249||2249||3||3||0.0013339261894175188||0.0013339261894175188
名探偵コナンの登場人物/history20180113||2249||2249||34||34||0.01511783014673188||0.01511783014673188
週刊少年ジャンプ||2247||2247||21||21||0.009345794392523364||0.009345794392523364
国鉄103系電車||2235||2235||12||12||0.005369127516778523||0.005369127516778523
パネルクイズ アタック25||2235||2235||42||42||0.01879194630872483||0.01879194630872483
デジモン一覧||2229||2229||5||5||0.0022431583669807087||0.0022431583669807087
バンプレストオリジナルのキャラクター一覧||2228||2228||2||2||8.976660682226212E-4||8.976660682226212E-4
北海道放送||2217||2217||3||3||0.0013531799729364006||0.0013531799729364006
相棒/history20150820||2215||2215||44||44||0.019864559819413093||0.019864559819413093
オールスター感謝祭/history20190417||2212||2212||9||9||0.00406871609403255||0.00406871609403255
ドラえもん (1979年のテレビアニメ)||2209||2209||14||14||0.006337709370755998||0.006337709370755998
日本航空123便墜落事故||2209||2209||11||11||0.004979628791308284||0.004979628791308284
さよなら絶望先生||2195||2195||22||22||0.010022779043280182||0.010022779043280182
灼眼のシャナ||2194||2194||18||18||0.008204193254329991||0.008204193254329991
2007年||2194||2194||29||29||0.013217866909753875||0.013217866909753875
SMAP||2189||2189||25||25||0.011420740063956145||0.011420740063956145
みんなが出るテレビ||2187||2187||5||5||0.002286236854138089||0.002286236854138089
涼宮ハルヒの憂鬱 (アニメ)||2187||2187||75||75||0.03429355281207133||0.03429355281207133
日本放送協会||2176||2176||13||13||0.0059742647058823525||0.0059742647058823525
ケロロ軍曹 (アニメ)||2171||2171||13||13||0.005988023952095809||0.005988023952095809
浦和レッドダイヤモンズ||2169||2169||14||14||0.006454587367450438||0.006454587367450438
日本プロサッカーリーグ||2159||2159||38||38||0.01760074108383511||0.01760074108383511
世界一の一覧||2149||2149||15||15||0.006979990693345742||0.006979990693345742
大韓民国||2145||2145||46||46||0.021445221445221447||0.021445221445221447
D.Gray-manの登場人物||2144||2144||23||23||0.010727611940298507||0.010727611940298507
イナズマイレブン||2128||2128||16||16||0.007518796992481203||0.007518796992481203
遊☆戯☆王デュエルモンスターズGXの登場人物||2112||2112||5||5||0.0023674242424242425||0.0023674242424242425
テニスの王子様||2103||2103||35||35||0.016642891107941038||0.016642891107941038
日本テレビ放送網||2096||2096||5||5||0.002385496183206107||0.002385496183206107
麻生太郎||2096||2096||57||57||0.02719465648854962||0.02719465648854962
ヤッターマン||2085||2085||7||7||0.003357314148681055||0.003357314148681055
福岡県出身の人物一覧||2083||2083||14||14||0.00672107537205953||0.00672107537205953
大野智||2080||2080||57||57||0.027403846153846154||0.027403846153846154
志田未来||2078||2078||28||28||0.013474494706448507||0.013474494706448507
トリビアの泉 〜素晴らしきムダ知識〜||2077||2077||8||8||0.0038517091959557053||0.0038517091959557053
KAT-TUN||2076||2076||35||35||0.016859344894026976||0.016859344894026976
鉄道事故||2074||2074||16||16||0.007714561234329798||0.007714561234329798
鋼の錬金術師の登場人物一覧/history 20120609||2074||2074||12||12||0.0057859209257473485||0.0057859209257473485
Au (携帯電話)||2074||2074||30||30||0.01446480231436837||0.01446480231436837
朝日放送グループホールディングス||2059||2059||10||10||0.0048567265662943174||0.0048567265662943174
SLAM DUNKの登場人物||2054||2054||11||11||0.005355404089581304||0.005355404089581304
奥州市||2051||2051||0||0||0.0||0.0
日本共産党||2043||2043||24||24||0.011747430249632892||0.011747430249632892
北海道日本ハムファイターズ||2037||2037||14||14||0.006872852233676976||0.006872852233676976
M-1グランプリ||2036||2036||11||11||0.0054027504911591355||0.0054027504911591355
東京駅||2035||2035||27||27||0.013267813267813268||0.013267813267813268
日産自動車||2032||2032||13||13||0.0063976377952755905||0.0063976377952755905
ハヤテのごとく!||2026||2026||22||22||0.01085883514313919||0.01085883514313919
オールナイトニッポン||2025||2025||5||5||0.0024691358024691358||0.0024691358024691358
福山市||2023||2023||2||2||9.886307464162135E-4||9.886307464162135E-4
堀江由衣||2020||2020||34||34||0.016831683168316833||0.016831683168316833
GTO (漫画)||2002||2002||4||4||0.001998001998001998||0.001998001998001998
中部国際空港||1996||1996||23||23||0.011523046092184368||0.011523046092184368
アンパンマンの登場人物一覧/log20120613||1994||1994||9||9||0.004513540621865597||0.004513540621865597
新宿駅||1989||1989||20||20||0.010055304172951232||0.010055304172951232
ラジかるッ||1987||1987||2||2||0.0010065425264217413||0.0010065425264217413
さよなら絶望先生の登場人物||1986||1986||13||13||0.006545820745216516||0.006545820745216516
鈴村健一||1984||1984||18||18||0.009072580645161291||0.009072580645161291
二宮和也||1980||1980||60||60||0.030303030303030304||0.030303030303030304
スーパーベースボール (テレビ朝日系列)||1977||1977||0||0||0.0||0.0
Wii/history 20130210||1973||1973||16||16||0.008109477952356817||0.008109477952356817
ガンダムシリーズの登場機動兵器一覧||1965||1965||3||3||0.0015267175572519084||0.0015267175572519084
ポルノグラフィティ||1964||1964||27||27||0.01374745417515275||0.01374745417515275
ゲゲゲの鬼太郎 (アニメ)||1963||1963||1||1||5.094243504839531E-4||5.094243504839531E-4
探偵!ナイトスクープ||1943||1943||4||4||0.002058672156459084||0.002058672156459084
BUMP OF CHICKEN||1943||1943||36||36||0.018528049408131755||0.018528049408131755
全国高等学校クイズ選手権||1942||1942||13||13||0.006694129763130793||0.006694129763130793
東京大学||1935||1935||25||25||0.012919896640826873||0.012919896640826873
石田彰||1932||1932||8||8||0.004140786749482402||0.004140786749482402
コロンビア大学||1931||1931||1||1||5.178663904712584E-4||5.178663904712584E-4
都市伝説一覧||1931||1931||10||10||0.005178663904712584||0.005178663904712584
松井秀喜||1930||1930||40||40||0.02072538860103627||0.02072538860103627
ひぐらしのなく頃に||1914||1914||23||23||0.012016718913270637||0.012016718913270637
SoftBank (携帯電話)||1910||1910||12||12||0.0062827225130890054||0.0062827225130890054
武装錬金||1903||1903||2||2||0.0010509721492380452||0.0010509721492380452
逆転裁判||1903||1903||22||22||0.011560693641618497||0.011560693641618497
クイズタイムショック||1902||1902||9||9||0.00473186119873817||0.00473186119873817
CLANNAD (ゲーム)||1901||1901||45||45||0.02367175170962651||0.02367175170962651
浅田真央||1901||1901||41||41||0.021567596002104155||0.021567596002104155
マイケル・ジャクソン||1899||1899||20||20||0.010531858873091101||0.010531858873091101
SAMURAI BASEBALL||1898||1898||1||1||5.268703898840885E-4||5.268703898840885E-4
千葉ロッテマリーンズ||1894||1894||30||30||0.01583949313621964||0.01583949313621964
新潟市||1890||1890||14||14||0.007407407407407408||0.007407407407407408
王貞治||1876||1876||10||10||0.005330490405117271||0.005330490405117271
都市伝説||1875||1875||11||11||0.005866666666666667||0.005866666666666667
浜松市||1872||1872||12||12||0.00641025641025641||0.00641025641025641
NHK紅白歌合戦||1864||1864||16||16||0.008583690987124463||0.008583690987124463
ハロー!プロジェクト||1858||1858||13||13||0.006996770721205597||0.006996770721205597
マジカル頭脳パワー!!||1857||1857||12||12||0.006462035541195477||0.006462035541195477
ボボボーボ・ボーボボ||1854||1854||8||8||0.004314994606256742||0.004314994606256742
野村克也||1850||1850||38||38||0.02054054054054054||0.02054054054054054
SCHOOL OF LOCK!||1849||1849||4||4||0.002163331530557058||0.002163331530557058
北斗の拳||1848||1848||4||4||0.0021645021645021645||0.0021645021645021645
ポケットモンスター (アニメ)||1843||1843||14||14||0.007596310363537711||0.007596310363537711
やしきたかじん||1843||1843||12||12||0.0065111231687466084||0.0065111231687466084
天元突破グレンラガン||1843||1843||11||11||0.005968529571351058||0.005968529571351058
マクロスF||1843||1843||28||28||0.015192620727075421||0.015192620727075421
ウエンツ瑛士||1831||1831||9||9||0.004915346805024577||0.004915346805024577
声優||1829||1829||9||9||0.004920721705850191||0.004920721705850191
東急田園都市線||1829||1829||25||25||0.01366867140513942||0.01366867140513942
能登麻美子||1826||1826||16||16||0.008762322015334063||0.008762322015334063
山下智久||1824||1824||45||45||0.024671052631578948||0.024671052631578948
20世紀少年||1818||1818||24||24||0.013201320132013201||0.013201320132013201
暁 (NARUTO)||1817||1817||36||36||0.01981287837094111||0.01981287837094111
Axis powers ヘタリア||1817||1817||15||15||0.00825536598789213||0.00825536598789213
くりぃむしちゅーのオールナイトニッポン||1812||1812||11||11||0.006070640176600441||0.006070640176600441
はねるのトびら||1807||1807||6||6||0.003320420586607637||0.003320420586607637
School Days||1806||1806||24||24||0.013289036544850499||0.013289036544850499
アニメ作品一覧||1805||1805||1||1||5.54016620498615E-4||5.54016620498615E-4
慶應義塾大学/history20130405||1804||1804||26||26||0.014412416851441241||0.014412416851441241
子安武人||1802||1802||3||3||0.001664816870144284||0.001664816870144284
FNNスーパータイム||1800||1800||3||3||0.0016666666666666668||0.0016666666666666668
櫻井孝宏||1794||1794||14||14||0.007803790412486065||0.007803790412486065
広島テレビ放送||1790||1790||4||4||0.0022346368715083797||0.0022346368715083797
仮面ライダーシリーズ||1786||1786||30||30||0.0167973124300112||0.0167973124300112
2ちゃんねる||1786||1786||11||11||0.006159014557670772||0.006159014557670772
ハヤテのごとく! (アニメ)||1785||1785||36||36||0.020168067226890758||0.020168067226890758
2ちゃんねるの歴史||1766||1766||12||12||0.006795016987542469||0.006795016987542469
GLAY||1765||1765||26||26||0.014730878186968839||0.014730878186968839
MOTHER3||1764||1764||5||5||0.002834467120181406||0.002834467120181406
世界平和統一家庭連合||1764||1764||20||20||0.011337868480725623||0.011337868480725623
爆笑オンエアバトル||1763||1763||7||7||0.003970504821327283||0.003970504821327283
北海道出身の人物一覧||1763||1763||1||1||5.672149744753262E-4||5.672149744753262E-4
アップダウンクイズ||1761||1761||6||6||0.0034071550255536627||0.0034071550255536627
ニッポン放送||1740||1740||1||1||5.747126436781609E-4||5.747126436781609E-4
マスコットキャラクター一覧||1740||1740||6||6||0.0034482758620689655||0.0034482758620689655
シャーリー・テンプル||1733||1733||0||0||0.0||0.0
侍戦隊シンケンジャー||1732||1732||36||36||0.020785219399538105||0.020785219399538105
慶應義塾大学の人物一覧||1731||1731||5||5||0.0028885037550548816||0.0028885037550548816
小泉純一郎||1724||1724||24||24||0.013921113689095127||0.013921113689095127
ザ・キング・オブ・ファイターズ||1723||1723||4||4||0.0023215322112594312||0.0023215322112594312
宇多田ヒカル||1721||1721||15||15||0.008715862870424172||0.008715862870424172
新幹線||1715||1715||14||14||0.00816326530612245||0.00816326530612245
東京都出身の人物一覧||1711||1711||4||4||0.0023378141437755697||0.0023378141437755697
福岡ソフトバンクホークス||1701||1701||8||8||0.004703115814226925||0.004703115814226925
国鉄113系電車||1698||1698||15||15||0.0088339222614841||0.0088339222614841
小池徹平||1698||1698||9||9||0.00530035335689046||0.00530035335689046
日本航空||1693||1693||11||11||0.006497341996455995||0.006497341996455995
東京都立日比谷高等学校||1692||1692||4||4||0.002364066193853428||0.002364066193853428
清原和博||1692||1692||9||9||0.005319148936170213||0.005319148936170213
風林火山 (NHK大河ドラマ)||1691||1691||4||4||0.002365464222353637||0.002365464222353637
大阪府出身の人物一覧||1689||1689||1||1||5.920663114268798E-4||5.920663114268798E-4
釘宮理恵||1687||1687||21||21||0.012448132780082987||0.012448132780082987
徳川家康||1685||1685||36||36||0.021364985163204748||0.021364985163204748
タモリ||1674||1674||16||16||0.009557945041816009||0.009557945041816009
ポケットモンスター||1672||1672||29||29||0.017344497607655503||0.017344497607655503
魔法戦隊マジレンジャー||1671||1671||10||10||0.005984440454817474||0.005984440454817474
日本一の一覧||1670||1670||4||4||0.0023952095808383233||0.0023952095808383233
IBC岩手放送||1667||1667||7||7||0.004199160167966407||0.004199160167966407
リンカーン (テレビ番組)||1667||1667||9||9||0.005398920215956809||0.005398920215956809
アメリカ合衆国||1661||1661||23||23||0.013847080072245636||0.013847080072245636
魔人探偵脳噛ネウロの登場人物||1658||1658||6||6||0.0036188178528347406||0.0036188178528347406
岡田有希子||1655||1655||20||20||0.012084592145015106||0.012084592145015106
スーパーロボット大戦シリーズ||1655||1655||9||9||0.005438066465256798||0.005438066465256798
ムヒョとロージーの魔法律相談事務所||1654||1654||5||5||0.003022974607013301||0.003022974607013301
PlayStation Portable||1653||1653||18||18||0.010889292196007259||0.010889292196007259
絶対可憐チルドレン||1653||1653||14||14||0.008469449485783424||0.008469449485783424
関西国際空港||1653||1653||8||8||0.004839685420447671||0.004839685420447671
踊る大捜査線||1652||1652||1||1||6.053268765133172E-4||6.053268765133172E-4
アイシールド21の登場人物||1649||1649||9||9||0.005457853244390539||0.005457853244390539
F-15 (戦闘機)||1645||1645||16||16||0.009726443768996961||0.009726443768996961
NTTドコモ||1644||1644||13||13||0.007907542579075427||0.007907542579075427
嫌韓||1643||1643||39||39||0.023737066342057214||0.023737066342057214
MAJORの登場人物||1639||1639||17||17||0.010372178157413058||0.010372178157413058
平野綾||1635||1635||86||86||0.052599388379204894||0.052599388379204894
サンテレビジョン||1631||1631||4||4||0.002452483139178418||0.002452483139178418
学園アリス||1631||1631||3||3||0.0018393623543838135||0.0018393623543838135
男性差別||1630||1630||45||45||0.027607361963190184||0.027607361963190184
FOMA||1629||1629||1||1||6.138735420503376E-4||6.138735420503376E-4
きらりん☆レボリューション||1629||1629||14||14||0.008594229588704727||0.008594229588704727
本田技研工業||1627||1627||6||6||0.0036877688998156115||0.0036877688998156115
TBSテレビ||1627||1627||38||38||0.023355869698832205||0.023355869698832205
ポケットモンスターSPECIALの登場人物||1626||1626||7||7||0.004305043050430504||0.004305043050430504
朝ズバッ!||1625||1625||10||10||0.006153846153846154||0.006153846153846154
ウルトラマン||1622||1622||12||12||0.007398273736128237||0.007398273736128237
地上デジタルテレビ放送||1622||1622||9||9||0.005548705302096177||0.005548705302096177
MAJOR||1620||1620||11||11||0.006790123456790123||0.006790123456790123
東京ヤクルトスワローズ||1620||1620||14||14||0.008641975308641974||0.008641975308641974
テイルズ オブ シンフォニア||1620||1620||5||5||0.0030864197530864196||0.0030864197530864196
訃報 2009年||1613||1613||6||6||0.0037197768133911966||0.0037197768133911966
HUNTER×HUNTER||1611||1611||15||15||0.00931098696461825||0.00931098696461825
Fun!BASEBALL!!||1611||1611||2||2||0.0012414649286157666||0.0012414649286157666
植田佳奈||1611||1611||32||32||0.019863438857852266||0.019863438857852266
日本テレビ制作局制作番組の分野別一覧||1610||1610||2||2||0.0012422360248447205||0.0012422360248447205
日本語||1609||1609||22||22||0.013673088875077687||0.013673088875077687
メインページ||1609||1609||5||5||0.003107520198881293||0.003107520198881293
脳内エステ IQサプリ||1607||1607||13||13||0.008089607965152458||0.008089607965152458
テイルズ オブ シリーズの術技形態||1606||1606||0||0||0.0||0.0
ダウンタウンのガキの使いやあらへんで!||1604||1604||9||9||0.005610972568578554||0.005610972568578554
魔法先生ネギま!の登場人物||1604||1604||20||20||0.012468827930174564||0.012468827930174564
めざましテレビ/history20190417||1603||1603||4||4||0.002495321272613849||0.002495321272613849
嵐 (グループ)||1602||1602||36||36||0.02247191011235955||0.02247191011235955
Saku saku||1601||1601||5||5||0.003123048094940662||0.003123048094940662
サザンオールスターズ||1594||1594||15||15||0.009410288582183186||0.009410288582183186
東海道新幹線||1594||1594||23||23||0.014429109159347553||0.014429109159347553
日本プロ野球||1592||1592||22||22||0.013819095477386936||0.013819095477386936
ゲゲゲの鬼太郎の登場キャラクター/history20190113||1592||1592||8||8||0.005025125628140704||0.005025125628140704
実況パワフルプロ野球||1591||1591||10||10||0.006285355122564425||0.006285355122564425
東北楽天ゴールデンイーグルス||1589||1589||13||13||0.008181246066708621||0.008181246066708621
一関学院高等学校||1583||1583||5||5||0.003158559696778269||0.003158559696778269
保志総一朗||1577||1577||12||12||0.007609384908053266||0.007609384908053266
秋田放送||1571||1571||1||1||6.365372374283895E-4||6.365372374283895E-4
ビートルズ||1569||1569||18||18||0.011472275334608031||0.011472275334608031
おたく||1567||1567||47||47||0.029993618379068283||0.029993618379068283
千葉県||1567||1567||20||20||0.012763241863433313||0.012763241863433313
西日本旅客鉄道||1565||1565||20||20||0.012779552715654952||0.012779552715654952
草なぎ剛||1565||1565||31||31||0.019808306709265176||0.019808306709265176
織田信長||1562||1562||21||21||0.013444302176696543||0.013444302176696543
渋谷駅||1558||1558||8||8||0.005134788189987163||0.005134788189987163
機動戦士ガンダムSEEDの登場人物||1555||1555||11||11||0.00707395498392283||0.00707395498392283
クイズ$ミリオネア||1554||1554||8||8||0.005148005148005148||0.005148005148005148
夜のヒットスタジオ||1550||1550||1||1||6.451612903225806E-4||6.451612903225806E-4
森川智之||1550||1550||11||11||0.0070967741935483875||0.0070967741935483875
2009年新型インフルエンザの世界的流行||1546||1546||35||35||0.022639068564036222||0.022639068564036222
関ジャニ∞||1545||1545||12||12||0.007766990291262136||0.007766990291262136
野球道 (フジテレビ系列)||1544||1544||1||1||6.476683937823834E-4||6.476683937823834E-4
全日本空輸||1543||1543||5||5||0.0032404406999351912||0.0032404406999351912
るろうに剣心 -明治剣客浪漫譚-の登場人物一覧||1539||1539||18||18||0.011695906432748537||0.011695906432748537
横浜DeNAベイスターズ||1535||1535||16||16||0.010423452768729642||0.010423452768729642
行列のできる法律相談所||1535||1535||26||26||0.016938110749185668||0.016938110749185668
エア・ギア||1532||1532||3||3||0.0019582245430809398||0.0019582245430809398
諏訪部順一||1531||1531||4||4||0.002612671456564337||0.002612671456564337
徳光和夫||1531||1531||13||13||0.008491182233834096||0.008491182233834096
くりぃむナントカ||1529||1529||7||7||0.004578155657292348||0.004578155657292348
手塚治虫||1526||1526||10||10||0.00655307994757536||0.00655307994757536
阪神・淡路大震災||1526||1526||14||14||0.009174311926605505||0.009174311926605505
萌え||1525||1525||26||26||0.017049180327868854||0.017049180327868854
コードギアスシリーズの登場人物||1523||1523||8||8||0.005252790544977019||0.005252790544977019
頭文字D||1521||1521||11||11||0.007232084155161078||0.007232084155161078
ディープインパクト (競走馬)||1521||1521||11||11||0.007232084155161078||0.007232084155161078
海賊 (ONE PIECE)/history20180113||1519||1519||22||22||0.014483212639894667||0.014483212639894667
林原めぐみ||1519||1519||21||21||0.013824884792626729||0.013824884792626729
東海道本線||1518||1518||7||7||0.00461133069828722||0.00461133069828722
ザ・キング・オブ・ファイターズの登場人物||1517||1517||6||6||0.003955174686882004||0.003955174686882004
関口宏の東京フレンドパークII||1516||1516||11||11||0.007255936675461741||0.007255936675461741
緑川光||1511||1511||6||6||0.003970880211780278||0.003970880211780278
L'Arc〜en〜Ciel||1508||1508||8||8||0.005305039787798408||0.005305039787798408
自由民主党 (日本)||1508||1508||24||24||0.015915119363395226||0.015915119363395226
モンスターハンター||1508||1508||23||23||0.015251989389920425||0.015251989389920425
アンパンマン||1508||1508||12||12||0.007957559681697613||0.007957559681697613
東京箱根間往復大学駅伝競走||1507||1507||7||7||0.0046449900464499||0.0046449900464499
大泉洋||1506||1506||11||11||0.0073041168658698535||0.0073041168658698535
千葉テレビ放送||1505||1505||1||1||6.64451827242525E-4||6.64451827242525E-4
札幌市||1504||1504||42||42||0.027925531914893616||0.027925531914893616
野比のび太||1502||1502||27||27||0.017976031957390146||0.017976031957390146
ARIA (漫画)||1502||1502||19||19||0.012649800266311585||0.012649800266311585
ラグナロクオンライン||1502||1502||2||2||0.0013315579227696406||0.0013315579227696406
アドルフ・ヒトラー||1502||1502||15||15||0.009986684420772303||0.009986684420772303
横浜駅||1500||1500||8||8||0.005333333333333333||0.005333333333333333
神戸市||1500||1500||9||9||0.006||0.006
ASIAN KUNG-FU GENERATION||1500||1500||7||7||0.004666666666666667||0.004666666666666667
ニート||1499||1499||5||5||0.00333555703802535||0.00333555703802535
名古屋テレビ放送||1497||1497||1||1||6.680026720106881E-4||6.680026720106881E-4
テレビ朝日||1496||1496||8||8||0.0053475935828877||0.0053475935828877
昭和天皇||1495||1495||12||12||0.008026755852842809||0.008026755852842809
成田国際空港||1494||1494||22||22||0.014725568942436412||0.014725568942436412
新世紀エヴァンゲリオンの登場人物||1492||1492||11||11||0.007372654155495978||0.007372654155495978
浪川大輔||1491||1491||4||4||0.0026827632461435278||0.0026827632461435278
青森テレビ||1489||1489||0||0||0.0||0.0
若本規夫||1488||1488||3||3||0.0020161290322580645||0.0020161290322580645
井上聡||1488||1488||13||13||0.008736559139784945||0.008736559139784945
レミオロメン||1484||1484||18||18||0.012129380053908356||0.012129380053908356
るろうに剣心 -明治剣客浪漫譚-||1484||1484||8||8||0.005390835579514825||0.005390835579514825
新庄剛志||1484||1484||6||6||0.004043126684636119||0.004043126684636119
東海テレビ放送||1483||1483||1||1||6.743088334457181E-4||6.743088334457181E-4
大塚愛||1483||1483||44||44||0.029669588671611596||0.029669588671611596
名古屋鉄道||1481||1481||8||8||0.0054017555705604325||0.0054017555705604325
ONE PIECEの登場人物一覧||1481||1481||80||80||0.05401755570560432||0.05401755570560432
テイルズ オブ ヴェスペリア||1481||1481||45||45||0.03038487508440243||0.03038487508440243
死刑存廃問題||1480||1480||20||20||0.013513513513513514||0.013513513513513514
戊辰戦争||1480||1480||2||2||0.0013513513513513514||0.0013513513513513514
うたばん||1476||1476||16||16||0.01084010840108401||0.01084010840108401
池袋駅||1474||1474||9||9||0.006105834464043419||0.006105834464043419
戦国BASARA||1472||1472||5||5||0.0033967391304347825||0.0033967391304347825
JR東日本E231系電車||1471||1471||23||23||0.01563562202583277||0.01563562202583277
中国放送||1469||1469||0||0||0.0||0.0
あぶない刑事||1469||1469||3||3||0.0020422055820285907||0.0020422055820285907
おおきく振りかぶって||1469||1469||10||10||0.0068073519400953025||0.0068073519400953025
東急東横線||1467||1467||18||18||0.012269938650306749||0.012269938650306749
杉田智和||1467||1467||17||17||0.011588275391956374||0.011588275391956374
日本体育大学||1467||1467||3||3||0.002044989775051125||0.002044989775051125
オレたちひょうきん族||1465||1465||16||16||0.010921501706484642||0.010921501706484642
法政大学の人物一覧||1465||1465||2||2||0.0013651877133105802||0.0013651877133105802
仮面ライダー龍騎||1464||1464||14||14||0.009562841530054645||0.009562841530054645
電脳コイル||1464||1464||7||7||0.0047814207650273225||0.0047814207650273225
RSK山陽放送||1462||1462||2||2||0.0013679890560875513||0.0013679890560875513
Mr.Children||1460||1460||17||17||0.011643835616438357||0.011643835616438357
近畿日本鉄道||1459||1459||12||12||0.00822481151473612||0.00822481151473612
早稲田大学の人物一覧||1458||1458||5||5||0.003429355281207133||0.003429355281207133
花ざかりの君たちへ||1457||1457||10||10||0.0068634179821551134||0.0068634179821551134
ポケットモンスターSPECIAL||1456||1456||22||22||0.01510989010989011||0.01510989010989011
桃太郎電鉄シリーズ||1456||1456||4||4||0.0027472527472527475||0.0027472527472527475
MAR (漫画)||1456||1456||6||6||0.004120879120879121||0.004120879120879121
堂本光一||1454||1454||5||5||0.0034387895460797797||0.0034387895460797797
マリオ (ゲームキャラクター)||1454||1454||12||12||0.008253094910591471||0.008253094910591471
中央線快速||1453||1453||10||10||0.006882312456985547||0.006882312456985547
史上最強の弟子ケンイチの登場人物||1451||1451||19||19||0.013094417643004824||0.013094417643004824
安田章大||1450||1450||2||2||0.001379310344827586||0.001379310344827586
松浦亜弥||1447||1447||16||16||0.0110573600552868||0.0110573600552868
長澤まさみ||1447||1447||29||29||0.020041465100207326||0.020041465100207326
SMAP×SMAP||1445||1445||4||4||0.002768166089965398||0.002768166089965398
ICOCA||1445||1445||18||18||0.01245674740484429||0.01245674740484429
トヨタ・カローラ||1445||1445||9||9||0.006228373702422145||0.006228373702422145
ローゼンメイデンの登場人物一覧||1444||1444||20||20||0.013850415512465374||0.013850415512465374
ONE PIECE (アニメ)||1442||1442||23||23||0.0159500693481276||0.0159500693481276
サザエさん (テレビアニメ)||1442||1442||15||15||0.010402219140083218||0.010402219140083218
安倍晋三||1440||1440||23||23||0.01597222222222222||0.01597222222222222
仮面ライダー剣||1433||1433||14||14||0.009769713886950453||0.009769713886950453
星野仙一||1432||1432||12||12||0.008379888268156424||0.008379888268156424
水樹奈々||1431||1431||30||30||0.020964360587002098||0.020964360587002098
常磐線||1431||1431||3||3||0.0020964360587002098||0.0020964360587002098
中居正広||1428||1428||15||15||0.01050420168067227||0.01050420168067227
中川翔子||1428||1428||38||38||0.02661064425770308||0.02661064425770308
ふたりはプリキュア||1428||1428||23||23||0.01610644257703081||0.01610644257703081
国鉄201系電車||1427||1427||37||37||0.02592852137351086||0.02592852137351086
2ちゃんねらー||1425||1425||26||26||0.018245614035087718||0.018245614035087718
天地人 (NHK大河ドラマ)||1425||1425||35||35||0.02456140350877193||0.02456140350877193
小室哲哉||1425||1425||11||11||0.0077192982456140355||0.0077192982456140355
テイルズ オブ デスティニー||1424||1424||4||4||0.0028089887640449437||0.0028089887640449437
筋肉番付シリーズ||1422||1422||1||1||7.032348804500703E-4||7.032348804500703E-4
遊☆戯☆王5D's||1422||1422||18||18||0.012658227848101266||0.012658227848101266
チュートリアル (お笑いコンビ)||1420||1420||5||5||0.0035211267605633804||0.0035211267605633804
広島東洋カープ||1419||1419||9||9||0.006342494714587738||0.006342494714587738
松田聖子||1418||1418||10||10||0.007052186177715092||0.007052186177715092
テレビ大阪||1418||1418||4||4||0.0028208744710860366||0.0028208744710860366
ニンテンドーDSのゲームタイトル一覧||1418||1418||5||5||0.003526093088857546||0.003526093088857546
鋼の錬金術師||1412||1412||22||22||0.015580736543909348||0.015580736543909348
こちら葛飾区亀有公園前派出所の登場人物||1411||1411||27||27||0.01913536498936924||0.01913536498936924
JR西日本223系電車||1409||1409||16||16||0.0113555713271824||0.0113555713271824
ドラえもんの登場人物一覧||1408||1408||8||8||0.005681818181818182||0.005681818181818182
ダウンタウン (お笑いコンビ)||1407||1407||16||16||0.011371712864250177||0.011371712864250177
小野大輔||1407||1407||5||5||0.0035536602700781805||0.0035536602700781805
WWEに所属する人物一覧||1407||1407||3||3||0.0021321961620469083||0.0021321961620469083
東京メトロポリタンテレビジョン||1406||1406||4||4||0.002844950213371266||0.002844950213371266
ORANGE RANGE||1406||1406||40||40||0.02844950213371266||0.02844950213371266
けいおん!/log20120612||1405||1405||118||118||0.08398576512455516||0.08398576512455516
遊☆戯☆王デュエルモンスターズGX||1404||1404||10||10||0.007122507122507123||0.007122507122507123
岸尾だいすけ||1399||1399||3||3||0.002144388849177984||0.002144388849177984
テレビ埼玉||1398||1398||2||2||0.001430615164520744||0.001430615164520744
横浜市||1393||1393||11||11||0.007896625987078248||0.007896625987078248
バンプレストオリジナル||1389||1389||1||1||7.199424046076314E-4||7.199424046076314E-4
パナソニック||1387||1387||9||9||0.006488824801730353||0.006488824801730353
堂本剛||1386||1386||5||5||0.0036075036075036075||0.0036075036075036075
松本市||1385||1385||6||6||0.004332129963898917||0.004332129963898917
松本潤||1383||1383||21||21||0.015184381778741865||0.015184381778741865
日本の女優一覧||1381||1381||5||5||0.003620564808110065||0.003620564808110065
ルパン三世||1380||1380||7||7||0.005072463768115942||0.005072463768115942
茨城県||1380||1380||17||17||0.012318840579710146||0.012318840579710146
ゲームセンターCXの放送内容||1380||1380||8||8||0.005797101449275362||0.005797101449275362
テレビ北海道||1379||1379||7||7||0.005076142131979695||0.005076142131979695
札幌テレビ放送||1378||1378||4||4||0.002902757619738752||0.002902757619738752
岐阜放送||1376||1376||3||3||0.002180232558139535||0.002180232558139535
日本大学の人物一覧||1375||1375||2||2||0.0014545454545454545||0.0014545454545454545
クロノス (テレビ番組)||1375||1375||4||4||0.002909090909090909||0.002909090909090909
神谷浩史||1374||1374||7||7||0.005094614264919942||0.005094614264919942
笑点Jr.||1373||1373||4||4||0.0029133284777858705||0.0029133284777858705
仮面ライダー||1371||1371||12||12||0.0087527352297593||0.0087527352297593
天皇||1371||1371||18||18||0.01312910284463895||0.01312910284463895
訃報 2008年||1369||1369||4||4||0.0029218407596785976||0.0029218407596785976
日本のアナウンサー一覧||1369||1369||4||4||0.0029218407596785976||0.0029218407596785976
ソウルイーター||1369||1369||7||7||0.005113221329437546||0.005113221329437546
豊橋市||1368||1368||12||12||0.008771929824561403||0.008771929824561403
仮面ライダー響鬼||1366||1366||9||9||0.006588579795021962||0.006588579795021962
北斗の拳の登場人物一覧||1365||1365||4||4||0.0029304029304029304||0.0029304029304029304
日本の女性専用車両||1365||1365||20||20||0.014652014652014652||0.014652014652014652
岡村隆史||1365||1365||11||11||0.00805860805860806||0.00805860805860806
お笑いタレント||1363||1363||8||8||0.00586940572267058||0.00586940572267058
タモリ倶楽部||1363||1363||2||2||0.001467351430667645||0.001467351430667645
ウルトラマンメビウスの登場怪獣||1363||1363||2||2||0.001467351430667645||0.001467351430667645
沢城みゆき||1362||1362||23||23||0.016886930983847283||0.016886930983847283
東武伊勢崎線||1361||1361||8||8||0.005878030859662013||0.005878030859662013
日本の城一覧||1361||1361||2||2||0.0014695077149155032||0.0014695077149155032
置鮎龍太郎||1360||1360||7||7||0.005147058823529412||0.005147058823529412
特殊急襲部隊||1360||1360||10||10||0.007352941176470588||0.007352941176470588
瀬戸内海放送||1358||1358||5||5||0.003681885125184094||0.003681885125184094
Perfume||1358||1358||29||29||0.021354933726067747||0.021354933726067747
山寺宏一||1356||1356||6||6||0.004424778761061947||0.004424778761061947
讀賣テレビ放送||1354||1354||2||2||0.0014771048744460858||0.0014771048744460858
中田英寿||1353||1353||12||12||0.008869179600886918||0.008869179600886918
八王子市||1352||1352||3||3||0.0022189349112426036||0.0022189349112426036
深夜アニメ||1352||1352||5||5||0.0036982248520710057||0.0036982248520710057
兵庫県出身の人物一覧||1351||1351||3||3||0.0022205773501110288||0.0022205773501110288
盛岡市||1351||1351||2||2||0.0014803849000740192||0.0014803849000740192
テイルズ オブ シリーズ||1350||1350||19||19||0.014074074074074074||0.014074074074074074
立命館大学||1349||1349||11||11||0.00815418828762046||0.00815418828762046
一覧の一覧||1346||1346||4||4||0.0029717682020802376||0.0029717682020802376
デビルメイクライシリーズ||1346||1346||3||3||0.002228826151560178||0.002228826151560178
CLAYMORE||1346||1346||0||0||0.0||0.0
戦国無双シリーズ||1346||1346||5||5||0.003714710252600297||0.003714710252600297
サザエさんの登場人物||1345||1345||14||14||0.010408921933085501||0.010408921933085501
日本の男優一覧||1343||1343||3||3||0.0022338049143708115||0.0022338049143708115
伊集院光||1342||1342||2||2||0.0014903129657228018||0.0014903129657228018
逸見政孝||1342||1342||1||1||7.451564828614009E-4||7.451564828614009E-4
FNNスーパーニュース||1342||1342||4||4||0.0029806259314456036||0.0029806259314456036
水曜どうでしょうの企画||1342||1342||0||0||0.0||0.0
オリックス・バファローズ||1340||1340||6||6||0.004477611940298508||0.004477611940298508
ニコニコ動画||1340||1340||22||22||0.016417910447761194||0.016417910447761194
視聴率争い||1338||1338||3||3||0.002242152466367713||0.002242152466367713
関智一||1335||1335||2||2||0.00149812734082397||0.00149812734082397
広島ホームテレビ||1335||1335||0||0||0.0||0.0
ニンテンドーDS||1335||1335||15||15||0.011235955056179775||0.011235955056179775
ロンドンハーツ||1334||1334||2||2||0.0014992503748125937||0.0014992503748125937
地獄少女||1334||1334||10||10||0.0074962518740629685||0.0074962518740629685
自殺||1333||1333||22||22||0.016504126031507877||0.016504126031507877
吉本興業||1330||1330||16||16||0.012030075187969926||0.012030075187969926
ひだまりスケッチ||1329||1329||14||14||0.010534236267870579||0.010534236267870579
ZARD||1329||1329||11||11||0.008276899924755455||0.008276899924755455
上杉謙信||1327||1327||41||41||0.03089675960813866||0.03089675960813866
クイズマジックアカデミー||1326||1326||6||6||0.004524886877828055||0.004524886877828055
大塚明夫||1326||1326||3||3||0.0022624434389140274||0.0022624434389140274
とある魔術の禁書目録||1326||1326||15||15||0.011312217194570135||0.011312217194570135
PASMO||1324||1324||15||15||0.011329305135951661||0.011329305135951661
鹿島アントラーズ||1323||1323||9||9||0.006802721088435374||0.006802721088435374
小笠原道大||1322||1322||20||20||0.015128593040847202||0.015128593040847202
ハンセン病||1321||1321||4||4||0.003028009084027252||0.003028009084027252
コサキンDEワァオ!||1321||1321||4||4||0.003028009084027252||0.003028009084027252
朴ロ美||1320||1320||19||19||0.014393939393939395||0.014393939393939395
24 -TWENTY FOUR-||1318||1318||6||6||0.004552352048558422||0.004552352048558422
THE IDOLM@STERの登場人物||1318||1318||41||41||0.03110773899848255||0.03110773899848255
ザ・ベストテン||1317||1317||0||0||0.0||0.0
ゆず (音楽グループ)||1316||1316||7||7||0.005319148936170213||0.005319148936170213
相棒の登場人物/history20190113||1314||1314||25||25||0.01902587519025875||0.01902587519025875
クイズプレゼンバラエティー Qさま!!||1313||1313||0||0||0.0||0.0
アメリカ同時多発テロ事件||1312||1312||6||6||0.004573170731707317||0.004573170731707317
内村プロデュース||1312||1312||8||8||0.006097560975609756||0.006097560975609756
おかあさんといっしょ||1309||1309||28||28||0.0213903743315508||0.0213903743315508
福岡市||1308||1308||13||13||0.009938837920489297||0.009938837920489297
ツバサ-RESERVoir CHRoNiCLE-||1307||1307||18||18||0.013771996939556235||0.013771996939556235
ダウンタウンのガキの使いやあらへんで!!の企画||1307||1307||2||2||0.001530221882172915||0.001530221882172915
関西テレビ放送||1306||1306||2||2||0.0015313935681470138||0.0015313935681470138
北日本放送||1306||1306||8||8||0.006125574272588055||0.006125574272588055
ドラゴンクエストV 天空の花嫁||1306||1306||8||8||0.006125574272588055||0.006125574272588055
メダロット一覧||1306||1306||2||2||0.0015313935681470138||0.0015313935681470138
小田急小田原線||1305||1305||14||14||0.010727969348659003||0.010727969348659003
西日本放送||1305||1305||3||3||0.0022988505747126436||0.0022988505747126436
東方Projectの登場人物||1305||1305||33||33||0.02528735632183908||0.02528735632183908
Hey! Say! JUMP||1304||1304||12||12||0.009202453987730062||0.009202453987730062
仮面ライダークウガ||1303||1303||15||15||0.011511895625479662||0.011511895625479662
日本レコード大賞||1303||1303||7||7||0.005372217958557176||0.005372217958557176
相模原市||1301||1301||8||8||0.006149116064565719||0.006149116064565719
カードキャプターさくら||1301||1301||14||14||0.010760953112990008||0.010760953112990008
中村悠一||1300||1300||11||11||0.008461538461538461||0.008461538461538461
東京ドーム||1299||1299||4||4||0.003079291762894534||0.003079291762894534
トランスフォーマー/リベンジ||1299||1299||13||13||0.010007698229407237||0.010007698229407237
サンフレッチェ広島F.C||1298||1298||10||10||0.007704160246533128||0.007704160246533128
護廷十三隊||1298||1298||12||12||0.009244992295839754||0.009244992295839754
電車でGO!||1296||1296||16||16||0.012345679012345678||0.012345679012345678
ちりとてちん (テレビドラマ)||1296||1296||10||10||0.007716049382716049||0.007716049382716049
BoA||1295||1295||11||11||0.008494208494208495||0.008494208494208495
福井放送||1295||1295||1||1||7.722007722007722E-4||7.722007722007722E-4
京阪本線||1292||1292||5||5||0.003869969040247678||0.003869969040247678
京阪電気鉄道||1291||1291||6||6||0.004647560030983733||0.004647560030983733
宮崎駿||1289||1289||13||13||0.01008533747090768||0.01008533747090768
テレビ東京番組一覧||1288||1288||0||0||0.0||0.0
ナインティナイン||1287||1287||8||8||0.006216006216006216||0.006216006216006216
美少女戦士セーラームーンの登場人物||1286||1286||5||5||0.0038880248833592537||0.0038880248833592537
中井正広のブラックバラエティ||1284||1284||1||1||7.78816199376947E-4||7.78816199376947E-4
松任谷由実||1282||1282||4||4||0.0031201248049922||0.0031201248049922
ちびまる子ちゃん||1282||1282||19||19||0.014820592823712949||0.014820592823712949
NEWS23||1282||1282||28||28||0.0218408736349454||0.0218408736349454
ビーイング||1282||1282||10||10||0.0078003120124804995||0.0078003120124804995
ウルトラマンティガの登場怪獣||1282||1282||2||2||0.0015600624024961||0.0015600624024961
Suica||1281||1281||29||29||0.02263856362217018||0.02263856362217018
日立 世界・ふしぎ発見!||1280||1280||12||12||0.009375||0.009375
北九州市||1280||1280||17||17||0.01328125||0.01328125
ベトナム戦争||1279||1279||9||9||0.007036747458952306||0.007036747458952306
やじうまプラス||1279||1279||4||4||0.003127443315089914||0.003127443315089914
東北学院大学||1279||1279||1||1||7.818608287724785E-4||7.818608287724785E-4
仮面ライダーシリーズ登場怪人一覧||1279||1279||18||18||0.014073494917904612||0.014073494917904612
国鉄115系電車||1276||1276||17||17||0.013322884012539185||0.013322884012539185
ツンデレ||1275||1275||20||20||0.01568627450980392||0.01568627450980392
ファイナルファンタジーXII||1274||1274||9||9||0.00706436420722135||0.00706436420722135
戯言シリーズ||1274||1274||6||6||0.004709576138147566||0.004709576138147566
韓国起源説||1274||1274||51||51||0.040031397174254316||0.040031397174254316
モンスターハンターのモンスター一覧||1274||1274||10||10||0.007849293563579277||0.007849293563579277
福山雅治||1274||1274||8||8||0.006279434850863423||0.006279434850863423
帰ってきたウルトラマン||1273||1273||2||2||0.0015710919088766694||0.0015710919088766694
静岡放送||1271||1271||0||0||0.0||0.0
大倉忠義||1271||1271||5||5||0.003933910306845004||0.003933910306845004
必殺シリーズ||1270||1270||10||10||0.007874015748031496||0.007874015748031496
近畿方言||1269||1269||3||3||0.002364066193853428||0.002364066193853428
アニメシャワー||1268||1268||1||1||7.886435331230284E-4||7.886435331230284E-4
豊臣秀吉||1268||1268||26||26||0.02050473186119874||0.02050473186119874
機動戦士ガンダムSEED||1266||1266||17||17||0.013428120063191154||0.013428120063191154
日本の高校野球||1266||1266||6||6||0.004739336492890996||0.004739336492890996
飛田展男||1265||1265||4||4||0.0031620553359683794||0.0031620553359683794
太平洋戦争||1265||1265||21||21||0.016600790513833993||0.016600790513833993
のだめカンタービレ||1264||1264||8||8||0.006329113924050633||0.006329113924050633
福島テレビ||1263||1263||2||2||0.001583531274742676||0.001583531274742676
山口勝平||1262||1262||6||6||0.004754358161648178||0.004754358161648178
ACジャパン||1262||1262||10||10||0.00792393026941363||0.00792393026941363
ラーメン||1262||1262||14||14||0.011093502377179081||0.011093502377179081
暴れん坊将軍||1261||1261||4||4||0.0031720856463124504||0.0031720856463124504
ポケットモンスターの登場人物||1261||1261||10||10||0.007930214115781126||0.007930214115781126
大乱闘スマッシュブラザーズシリーズ||1260||1260||10||10||0.007936507936507936||0.007936507936507936
SDガンダムフルカラー劇場||1260||1260||0||0||0.0||0.0
太田市||1259||1259||0||0||0.0||0.0
日産・スカイライン||1259||1259||4||4||0.003177124702144559||0.003177124702144559
笑福亭鶴瓶||1258||1258||10||10||0.00794912559618442||0.00794912559618442
真選組||1258||1258||2||2||0.001589825119236884||0.001589825119236884
ネコ||1257||1257||30||30||0.02386634844868735||0.02386634844868735
ゼロの使い魔||1257||1257||12||12||0.00954653937947494||0.00954653937947494
帝京大学||1254||1254||11||11||0.008771929824561403||0.008771929824561403
アダルトゲーム一覧||1253||1253||5||5||0.0039904229848363925||0.0039904229848363925
東京都||1253||1253||16||16||0.012769353551476457||0.012769353551476457
打ち切り||1252||1252||7||7||0.005591054313099041||0.005591054313099041
クレヨンしんちゃん (アニメ)||1252||1252||19||19||0.015175718849840255||0.015175718849840255
上地雄輔||1251||1251||25||25||0.019984012789768184||0.019984012789768184
太陽にほえろ!||1250||1250||2||2||0.0016||0.0016
神奈川県出身の人物一覧||1248||1248||1||1||8.012820512820513E-4||8.012820512820513E-4
朝鮮民主主義人民共和国||1247||1247||48||48||0.038492381716118684||0.038492381716118684
テレビ愛知||1244||1244||4||4||0.003215434083601286||0.003215434083601286
XXXHOLiC||1244||1244||6||6||0.00482315112540193||0.00482315112540193
銀河英雄伝説||1243||1243||6||6||0.004827031375703942||0.004827031375703942
西武鉄道||1240||1240||8||8||0.0064516129032258064||0.0064516129032258064
JR東日本209系電車||1240||1240||43||43||0.03467741935483871||0.03467741935483871
ヴィジュアル系||1238||1238||14||14||0.011308562197092083||0.011308562197092083
長寿番組の一覧||1236||1236||7||7||0.0056634304207119745||0.0056634304207119745
井上喜久子||1236||1236||7||7||0.0056634304207119745||0.0056634304207119745
初音ミク||1236||1236||41||41||0.03317152103559871||0.03317152103559871
Fate/stay night||1236||1236||7||7||0.0056634304207119745||0.0056634304207119745
交響詩篇エウレカセブン||1235||1235||4||4||0.0032388663967611335||0.0032388663967611335
SLAM DUNK||1234||1234||8||8||0.006482982171799027||0.006482982171799027
ベルセルク (漫画)||1233||1233||6||6||0.004866180048661801||0.004866180048661801
高崎市||1233||1233||2||2||0.0016220600162206002||0.0016220600162206002
エフエム東京||1232||1232||0||0||0.0||0.0
釧路市||1232||1232||2||2||0.0016233766233766235||0.0016233766233766235
鉄道ファン||1232||1232||17||17||0.013798701298701298||0.013798701298701298
キリスト教||1231||1231||19||19||0.015434606011372868||0.015434606011372868
中京テレビ放送||1231||1231||2||2||0.0016246953696181965||0.0016246953696181965
午後は○○おもいッきりテレビ||1231||1231||3||3||0.002437043054427295||0.002437043054427295
金色のガッシュ!!||1231||1231||1||1||8.123476848090983E-4||8.123476848090983E-4
山手線||1229||1229||18||18||0.014646053702196907||0.014646053702196907
中日ドラゴンズ||1228||1228||5||5||0.004071661237785016||0.004071661237785016
新日本プロレス/history20160321||1226||1226||2||2||0.0016313213703099511||0.0016313213703099511
手越祐也||1226||1226||13||13||0.010603588907014683||0.010603588907014683
太臓もて王サーガ||1221||1221||1||1||8.19000819000819E-4||8.19000819000819E-4
GANTZ||1219||1219||8||8||0.006562756357670222||0.006562756357670222
結界師||1219||1219||8||8||0.006562756357670222||0.006562756357670222
宮野真守||1219||1219||5||5||0.004101722723543888||0.004101722723543888
熊本市||1219||1219||8||8||0.006562756357670222||0.006562756357670222
仮面ライダーW/log20110201||1219||1219||41||41||0.033634126333059886||0.033634126333059886
法政大学||1219||1219||13||13||0.01066447908121411||0.01066447908121411
彩雲国物語||1219||1219||1||1||8.203445447087777E-4||8.203445447087777E-4
ウルトラマンティガ||1218||1218||3||3||0.0024630541871921183||0.0024630541871921183
ドイツ||1217||1217||22||22||0.018077239112571898||0.018077239112571898
さんまのSUPERからくりTV||1216||1216||11||11||0.009046052631578948||0.009046052631578948
SIREN (ゲームソフト)||1215||1215||2||2||0.0016460905349794238||0.0016460905349794238
リンカーンの企画・コーナー||1215||1215||0||0||0.0||0.0
旭川市||1214||1214||1||1||8.237232289950577E-4||8.237232289950577E-4
西城秀樹||1214||1214||7||7||0.005766062602965404||0.005766062602965404
とんねるずのみなさんのおかげでした||1212||1212||3||3||0.0024752475247524753||0.0024752475247524753
仮面ライダーSPIRITS||1211||1211||5||5||0.004128819157720892||0.004128819157720892
NNN Newsリアルタイム||1210||1210||2||2||0.001652892561983471||0.001652892561983471
東海ラジオ放送||1209||1209||1||1||8.271298593879239E-4||8.271298593879239E-4
大田区||1209||1209||1||1||8.271298593879239E-4||8.271298593879239E-4
船橋市||1209||1209||6||6||0.004962779156327543||0.004962779156327543
小田急電鉄||1208||1208||8||8||0.006622516556291391||0.006622516556291391
機動警察パトレイバー||1207||1207||2||2||0.0016570008285004142||0.0016570008285004142
ヨシフ・スターリン||1205||1205||7||7||0.005809128630705394||0.005809128630705394
キン肉マン||1204||1204||6||6||0.0049833887043189366||0.0049833887043189366
福岡県||1204||1204||13||13||0.01079734219269103||0.01079734219269103
群馬県||1204||1204||5||5||0.004152823920265781||0.004152823920265781
海軍 (ONE PIECE)||1202||1202||61||61||0.050748752079866885||0.050748752079866885
京成電鉄||1202||1202||12||12||0.009983361064891847||0.009983361064891847
ゴジラ||1201||1201||8||8||0.006661115736885929||0.006661115736885929
福岡県立修猷館高等学校||1201||1201||1||1||8.326394671107411E-4||8.326394671107411E-4
三木眞一郎||1199||1199||4||4||0.003336113427856547||0.003336113427856547
あずまんが大王||1199||1199||7||7||0.005838198498748957||0.005838198498748957
ローソン||1199||1199||5||5||0.004170141784820684||0.004170141784820684
岩手県出身の人物一覧||1198||1198||0||0||0.0||0.0
クォン・サンウ||1198||1198||6||6||0.005008347245409015||0.005008347245409015
ライフ (漫画)||1196||1196||11||11||0.00919732441471572||0.00919732441471572
岡山市||1195||1195||11||11||0.009205020920502092||0.009205020920502092
川澄綾子||1195||1195||10||10||0.008368200836820083||0.008368200836820083
クイズ!ヘキサゴンII||1195||1195||29||29||0.024267782426778243||0.024267782426778243
大阪府||1193||1193||14||14||0.01173512154233026||0.01173512154233026
トリコ||1193||1193||3||3||0.002514668901927913||0.002514668901927913
Blu-ray Disc||1192||1192||6||6||0.0050335570469798654||0.0050335570469798654
大宮駅 (埼玉県)||1192||1192||7||7||0.00587248322147651||0.00587248322147651
鹿児島市||1192||1192||4||4||0.003355704697986577||0.003355704697986577
テレビ山口||1192||1192||2||2||0.0016778523489932886||0.0016778523489932886
長野県||1191||1191||16||16||0.01343408900083963||0.01343408900083963
仮面ライダーアギト||1190||1190||6||6||0.005042016806722689||0.005042016806722689
東武鉄道||1189||1189||7||7||0.005887300252312868||0.005887300252312868
一橋大学の人物一覧||1189||1189||4||4||0.00336417157275021||0.00336417157275021
埼玉西武ライオンズ||1188||1188||9||9||0.007575757575757576||0.007575757575757576
プロ野球中継||1188||1188||0||0||0.0||0.0
メイプルストーリー||1188||1188||19||19||0.015993265993265993||0.015993265993265993
みなみけ||1188||1188||12||12||0.010101010101010102||0.010101010101010102
ミュージシャン一覧 (グループ)||1187||1187||4||4||0.003369839932603201||0.003369839932603201
あたしンち||1186||1186||11||11||0.00927487352445194||0.00927487352445194
涼宮ハルヒシリーズの登場人物||1186||1186||55||55||0.046374367622259695||0.046374367622259695
中央本線||1185||1185||10||10||0.008438818565400843||0.008438818565400843
2004年||1184||1184||11||11||0.009290540540540541||0.009290540540540541
劇場版 仮面ライダーディケイド オールライダー対大ショッカー||1184||1184||44||44||0.037162162162162164||0.037162162162162164
零式艦上戦闘機||1184||1184||29||29||0.024493243243243243||0.024493243243243243
志村けん||1183||1183||4||4||0.0033812341504649195||0.0033812341504649195
伊藤静||1183||1183||11||11||0.009298393913778529||0.009298393913778529
犬夜叉||1183||1183||13||13||0.01098901098901099||0.01098901098901099
戦え!超ロボット生命体トランスフォーマー||1182||1182||5||5||0.004230118443316413||0.004230118443316413
熊野神社 (四街道市亀崎)||1182||1182||0||0||0.0||0.0
武豊||1181||1181||11||11||0.009314140558848433||0.009314140558848433
鋼の錬金術師の主要な登場人物||1180||1180||20||20||0.01694915254237288||0.01694915254237288
イギリス||1180||1180||40||40||0.03389830508474576||0.03389830508474576
Dr.スランプ||1180||1180||8||8||0.006779661016949152||0.006779661016949152
8時だョ!全員集合||1178||1178||4||4||0.003395585738539898||0.003395585738539898
携帯電話||1176||1176||13||13||0.011054421768707483||0.011054421768707483
スーパーJチャンネル||1176||1176||5||5||0.004251700680272109||0.004251700680272109
プリズン・ブレイク||1175||1175||2||2||0.001702127659574468||0.001702127659574468
小清水亜美||1175||1175||20||20||0.01702127659574468||0.01702127659574468
自動車の車種名一覧||1174||1174||0||0||0.0||0.0
ジパング (漫画)||1174||1174||3||3||0.002555366269165247||0.002555366269165247
日本三大一覧||1173||1173||18||18||0.015345268542199489||0.015345268542199489
若槻千夏||1173||1173||11||11||0.00937766410912191||0.00937766410912191
山口放送||1172||1172||1||1||8.532423208191126E-4||8.532423208191126E-4
発車メロディ||1172||1172||5||5||0.004266211604095563||0.004266211604095563
同性愛||1172||1172||32||32||0.027303754266211604||0.027303754266211604
金沢市||1171||1171||3||3||0.0025619128949615714||0.0025619128949615714
魔弾戦記リュウケンドー||1171||1171||10||10||0.008539709649871904||0.008539709649871904
三重テレビ放送||1171||1171||4||4||0.0034158838599487617||0.0034158838599487617
落第忍者乱太郎の登場人物||1170||1170||0||0||0.0||0.0
江頭2:50||1169||1169||11||11||0.009409751924721984||0.009409751924721984
首都圏新都市鉄道つくばエクスプレス||1169||1169||11||11||0.009409751924721984||0.009409751924721984
オリエンタルラジオ||1167||1167||6||6||0.005141388174807198||0.005141388174807198
トランスフォーマー (2007年の映画)||1167||1167||4||4||0.003427592116538132||0.003427592116538132
田中理恵 (声優)||1166||1166||35||35||0.030017152658662092||0.030017152658662092
桑田佳祐||1164||1164||13||13||0.011168384879725086||0.011168384879725086
アイルトン・セナ||1163||1163||12||12||0.010318142734307825||0.010318142734307825
北千住駅||1163||1163||12||12||0.010318142734307825||0.010318142734307825
To LOVEる -とらぶる-||1163||1163||16||16||0.013757523645743766||0.013757523645743766
東海旅客鉄道||1163||1163||22||22||0.018916595012897677||0.018916595012897677
桑島法子||1162||1162||2||2||0.0017211703958691911||0.0017211703958691911
フランス||1160||1160||30||30||0.02586206896551724||0.02586206896551724
小西克幸||1159||1159||5||5||0.004314063848144953||0.004314063848144953
中森明菜||1159||1159||11||11||0.009490940465918895||0.009490940465918895
京都大学の人物一覧||1158||1158||2||2||0.0017271157167530224||0.0017271157167530224
東條英機||1157||1157||14||14||0.012100259291270527||0.012100259291270527
メタルギアソリッド||1157||1157||2||2||0.001728608470181504||0.001728608470181504
探偵学園Q||1157||1157||19||19||0.016421780466724288||0.016421780466724288
クラシック音楽の曲名一覧||1156||1156||0||0||0.0||0.0
コンビニATM||1156||1156||0||0||0.0||0.0
横山やすし||1156||1156||2||2||0.0017301038062283738||0.0017301038062283738
薮宏太||1156||1156||5||5||0.004325259515570935||0.004325259515570935
小島よしお||1156||1156||26||26||0.02249134948096886||0.02249134948096886
橋下徹||1156||1156||12||12||0.010380622837370242||0.010380622837370242
聖闘士星矢||1155||1155||8||8||0.006926406926406926||0.006926406926406926
HUNTER×HUNTERの登場人物||1155||1155||2||2||0.0017316017316017316||0.0017316017316017316
名探偵コナン||1154||1154||14||14||0.012131715771230503||0.012131715771230503
東北放送||1152||1152||1||1||8.680555555555555E-4||8.680555555555555E-4
さだまさし||1151||1151||8||8||0.0069504778453518675||0.0069504778453518675
賭博黙示録カイジ||1151||1151||8||8||0.0069504778453518675||0.0069504778453518675
国鉄205系電車||1151||1151||29||29||0.02519548218940052||0.02519548218940052
鳥人戦隊ジェットマン||1150||1150||8||8||0.006956521739130435||0.006956521739130435
封印作品||1150||1150||2||2||0.0017391304347826088||0.0017391304347826088
三浦知良||1149||1149||9||9||0.007832898172323759||0.007832898172323759
YOSHIKI||1149||1149||12||12||0.010443864229765013||0.010443864229765013
架空の武器||1148||1148||2||2||0.0017421602787456446||0.0017421602787456446
埼京線||1148||1148||5||5||0.004355400696864111||0.004355400696864111
とんねるず||1147||1147||5||5||0.004359197907585004||0.004359197907585004
ドラゴンクエストIV 導かれし者たち||1147||1147||8||8||0.006974716652136007||0.006974716652136007
平成||1144||1144||20||20||0.017482517482517484||0.017482517482517484
テレビせとうち||1144||1144||1||1||8.741258741258741E-4||8.741258741258741E-4
NON STYLE||1144||1144||24||24||0.02097902097902098||0.02097902097902098
岡山放送||1143||1143||0||0||0.0||0.0
日本のテレビドラマ一覧||1141||1141||0||0||0.0||0.0
トヨタ・クラウン||1140||1140||8||8||0.007017543859649123||0.007017543859649123
スーパー戦隊Vシネマ||1139||1139||6||6||0.0052677787532923615||0.0052677787532923615
News zero||1139||1139||23||23||0.02019315188762072||0.02019315188762072
スカッとゴルフ パンヤ||1138||1138||2||2||0.0017574692442882249||0.0017574692442882249
東芝||1137||1137||3||3||0.002638522427440633||0.002638522427440633
関俊彦||1136||1136||6||6||0.00528169014084507||0.00528169014084507
フジテレビ番組一覧||1136||1136||0||0||0.0||0.0
埼玉県||1136||1136||9||9||0.007922535211267605||0.007922535211267605
サザエさん||1136||1136||15||15||0.013204225352112676||0.013204225352112676
日本の市外局番||1135||1135||4||4||0.003524229074889868||0.003524229074889868
デュエル・マスターズ||1135||1135||9||9||0.007929515418502203||0.007929515418502203
ウルトラ怪獣一覧||1134||1134||4||4||0.003527336860670194||0.003527336860670194
テイルズ オブ レジェンディア||1133||1133||4||4||0.00353045013239188||0.00353045013239188
2005年日本国際博覧会||1133||1133||5||5||0.00441306266548985||0.00441306266548985
里田まい||1133||1133||22||22||0.019417475728155338||0.019417475728155338
いきものがかり||1133||1133||40||40||0.0353045013239188||0.0353045013239188
『ぷっ』すま||1132||1132||7||7||0.006183745583038869||0.006183745583038869
サトシ (アニメポケットモンスター)||1132||1132||12||12||0.01060070671378092||0.01060070671378092
名鉄特急||1131||1131||5||5||0.004420866489832007||0.004420866489832007
ジョン・レノン||1130||1130||4||4||0.0035398230088495575||0.0035398230088495575
瀬戸の花嫁 (漫画)||1130||1130||0||0||0.0||0.0
つるの剛士||1129||1129||7||7||0.006200177147918512||0.006200177147918512
背番号||1128||1128||26||26||0.02304964539007092||0.02304964539007092
菅直人||1128||1128||16||16||0.014184397163120567||0.014184397163120567
宮崎あおい||1128||1128||28||28||0.024822695035460994||0.024822695035460994
バガボンド||1127||1127||4||4||0.00354924578527063||0.00354924578527063
Mr.FULLSWING||1127||1127||4||4||0.00354924578527063||0.00354924578527063
香港||1127||1127||6||6||0.005323868677905945||0.005323868677905945
政令指定都市||1126||1126||20||20||0.017761989342806393||0.017761989342806393
ルパン三世 (TV第2シリーズ)の登場人物||1126||1126||4||4||0.003552397868561279||0.003552397868561279
地球温暖化||1126||1126||74||74||0.06571936056838366||0.06571936056838366
西部警察||1125||1125||1||1||8.888888888888889E-4||8.888888888888889E-4
吉本総合芸能学院||1125||1125||4||4||0.0035555555555555557||0.0035555555555555557
ゼロの使い魔の登場人物||1124||1124||4||4||0.0035587188612099642||0.0035587188612099642
シャーマンキングの登場人物||1124||1124||19||19||0.016903914590747332||0.016903914590747332
To LOVEる -とらぶる-の登場人物||1123||1123||13||13||0.01157613535173642||0.01157613535173642
D.C. 〜ダ・カーポ〜||1122||1122||11||11||0.00980392156862745||0.00980392156862745
Ya-Ya-yah||1121||1121||4||4||0.003568242640499554||0.003568242640499554
小田和正||1118||1118||2||2||0.0017889087656529517||0.0017889087656529517
新快速||1117||1117||45||45||0.04028648164726947||0.04028648164726947
青森朝日放送||1117||1117||0||0||0.0||0.0
WWE||1116||1116||5||5||0.004480286738351254||0.004480286738351254
ニッポン放送番組一覧||1116||1116||2||2||0.0017921146953405018||0.0017921146953405018
LOST||1116||1116||4||4||0.0035842293906810036||0.0035842293906810036
テレビ朝日番組一覧||1115||1115||3||3||0.0026905829596412557||0.0026905829596412557
D.C.II 〜ダ・カーポII〜||1115||1115||7||7||0.006278026905829596||0.006278026905829596
ファイナルファンタジーVII||1115||1115||16||16||0.014349775784753363||0.014349775784753363
2008年のテレビ (日本)||1115||1115||2||2||0.0017937219730941704||0.0017937219730941704
八乙女光||1114||1114||9||9||0.00807899461400359||0.00807899461400359
レイザーラモンHG||1114||1114||7||7||0.0062836624775583485||0.0062836624775583485
ジャンプ!○○中||1113||1113||7||7||0.006289308176100629||0.006289308176100629
高松市||1112||1112||9||9||0.008093525179856115||0.008093525179856115
沢田研二||1111||1111||2||2||0.0018001800180018||0.0018001800180018
うる星やつら||1110||1110||4||4||0.0036036036036036037||0.0036036036036036037
サイヤ人||1110||1110||9||9||0.008108108108108109||0.008108108108108109
リヴリーアイランド||1110||1110||13||13||0.011711711711711712||0.011711711711711712
湘南新宿ライン||1110||1110||8||8||0.007207207207207207||0.007207207207207207
公明党||1109||1109||8||8||0.007213706041478809||0.007213706041478809
ズームイン!!朝!||1109||1109||1||1||9.017132551848512E-4||9.017132551848512E-4
千葉県出身の人物一覧||1109||1109||4||4||0.0036068530207394047||0.0036068530207394047
インド||1108||1108||8||8||0.007220216606498195||0.007220216606498195
ジャパン・ニュース・ネットワーク||1108||1108||3||3||0.002707581227436823||0.002707581227436823
キャプテン翼の登場人物||1107||1107||5||5||0.004516711833785004||0.004516711833785004
ミュージックステーションスーパーライブ||1106||1106||1||1||9.041591320072332E-4||9.041591320072332E-4
ヨシモト∞||1106||1106||0||0||0.0||0.0
松山市||1105||1105||5||5||0.004524886877828055||0.004524886877828055
バイオハザードシリーズ||1105||1105||2||2||0.0018099547511312218||0.0018099547511312218
山陽新幹線||1105||1105||9||9||0.008144796380090498||0.008144796380090498
国際空港の一覧||1104||1104||0||0||0.0||0.0
ロックマンXシリーズ||1104||1104||4||4||0.0036231884057971015||0.0036231884057971015
ROOKIES||1104||1104||24||24||0.021739130434782608||0.021739130434782608
ジョージ・W・ブッシュ||1103||1103||21||21||0.019038984587488667||0.019038984587488667
ゴルゴ13||1102||1102||6||6||0.0054446460980036296||0.0054446460980036296
地球戦隊ファイブマン||1102||1102||5||5||0.004537205081669692||0.004537205081669692
桂歌丸||1102||1102||11||11||0.009981851179673321||0.009981851179673321
遊☆戯☆王の登場人物||1102||1102||2||2||0.0018148820326678765||0.0018148820326678765
蒼穹のファフナー||1101||1101||4||4||0.0036330608537693005||0.0036330608537693005
ロザリオとバンパイア||1101||1101||8||8||0.007266121707538601||0.007266121707538601
宝塚歌劇団||1100||1100||4||4||0.0036363636363636364||0.0036363636363636364
ウルトラセブン||1100||1100||16||16||0.014545454545454545||0.014545454545454545
イチロー||1100||1100||36||36||0.03272727272727273||0.03272727272727273
巨人の星||1099||1099||2||2||0.0018198362147406734||0.0018198362147406734
ドラゴンクエストIX 星空の守り人||1098||1098||21||21||0.01912568306010929||0.01912568306010929
仲間由紀恵||1098||1098||5||5||0.004553734061930784||0.004553734061930784
中華人民共和国||1097||1097||10||10||0.009115770282588878||0.009115770282588878
プロレスラー一覧||1097||1097||0||0||0.0||0.0
ポーランド||1096||1096||4||4||0.0036496350364963502||0.0036496350364963502
東京メトロ副都心線||1096||1096||24||24||0.021897810218978103||0.021897810218978103
忍たま乱太郎||1096||1096||6||6||0.005474452554744526||0.005474452554744526
2009年||1095||1095||68||68||0.062100456621004566||0.062100456621004566
笑いの金メダル||1094||1094||3||3||0.002742230347349177||0.002742230347349177
長野県出身の人物一覧||1094||1094||2||2||0.0018281535648994515||0.0018281535648994515
UVERworld||1094||1094||7||7||0.006398537477148081||0.006398537477148081
デスノート (映画)||1092||1092||7||7||0.00641025641025641||0.00641025641025641
2008年||1092||1092||13||13||0.011904761904761904||0.011904761904761904
機動戦士ガンダムSEED ASTRAYシリーズの登場人物||1092||1092||1||1||9.157509157509158E-4||9.157509157509158E-4
高崎線||1091||1091||6||6||0.005499541704857928||0.005499541704857928
DARKER THAN BLACK -黒の契約者-||1089||1089||8||8||0.0073461891643709825||0.0073461891643709825
コードギアスシリーズの機動兵器一覧||1089||1089||3||3||0.0027548209366391185||0.0027548209366391185
山田涼介||1089||1089||12||12||0.011019283746556474||0.011019283746556474
ドラゴンクエストIII そして伝説へ…||1088||1088||7||7||0.006433823529411764||0.006433823529411764
京浜急行電鉄||1088||1088||12||12||0.011029411764705883||0.011029411764705883
キテレツ大百科||1088||1088||5||5||0.004595588235294118||0.004595588235294118
西郷隆盛||1088||1088||13||13||0.011948529411764705||0.011948529411764705
プロレスリング・ノア||1088||1088||14||14||0.012867647058823529||0.012867647058823529
中華民国||1088||1088||52||52||0.04779411764705882||0.04779411764705882
東武東上本線||1088||1088||10||10||0.009191176470588236||0.009191176470588236
浅野真澄||1087||1087||11||11||0.010119595216191352||0.010119595216191352
広岡達朗||1086||1086||9||9||0.008287292817679558||0.008287292817679558
のだめカンタービレ (テレビドラマ)||1086||1086||3||3||0.0027624309392265192||0.0027624309392265192
台湾||1086||1086||30||30||0.027624309392265192||0.027624309392265192
次長課長||1086||1086||4||4||0.003683241252302026||0.003683241252302026
東国原英夫||1086||1086||14||14||0.01289134438305709||0.01289134438305709
靖国神社||1085||1085||16||16||0.014746543778801843||0.014746543778801843
DIR EN GREY||1085||1085||8||8||0.007373271889400922||0.007373271889400922
金曜ロードSHOW!||1085||1085||4||4||0.003686635944700461||0.003686635944700461
ウルトラマンダイナの登場怪獣||1085||1085||1||1||9.216589861751152E-4||9.216589861751152E-4
ケータイ刑事 銭形シリーズ||1084||1084||1||1||9.225092250922509E-4||9.225092250922509E-4
BAMBOO BLADE||1084||1084||3||3||0.0027675276752767526||0.0027675276752767526
檜山修之||1083||1083||15||15||0.013850415512465374||0.013850415512465374
山梨放送||1083||1083||0||0||0.0||0.0
中村俊輔||1083||1083||20||20||0.018467220683287166||0.018467220683287166
京葉線||1082||1082||21||21||0.019408502772643253||0.019408502772643253
世にも奇妙な物語||1082||1082||5||5||0.0046210720887245845||0.0046210720887245845
星のカービィ (アニメ)||1080||1080||5||5||0.004629629629629629||0.004629629629629629
メタルギアソリッド4||1080||1080||7||7||0.006481481481481481||0.006481481481481481
戦国BASARAの登場人物||1080||1080||5||5||0.004629629629629629||0.004629629629629629
王様のブランチ||1079||1079||5||5||0.004633920296570899||0.004633920296570899
デトロイト・メタル・シティ||1079||1079||4||4||0.0037071362372567192||0.0037071362372567192
Microsoft Windows Vista||1078||1078||65||65||0.06029684601113173||0.06029684601113173
日本大学||1077||1077||16||16||0.014856081708449397||0.014856081708449397
遊☆戯☆王オフィシャルカードゲーム||1075||1075||15||15||0.013953488372093023||0.013953488372093023
日本選手権シリーズ||1072||1072||0||0||0.0||0.0
松本人志||1072||1072||9||9||0.008395522388059701||0.008395522388059701
相模鉄道||1072||1072||10||10||0.009328358208955223||0.009328358208955223
FCバルセロナ||1071||1071||4||4||0.003734827264239029||0.003734827264239029
東海大学||1070||1070||5||5||0.004672897196261682||0.004672897196261682
2007年のテレビ (日本)||1069||1069||2||2||0.0018709073900841909||0.0018709073900841909
さいたま市||1069||1069||6||6||0.005612722170252572||0.005612722170252572
1985年||1069||1069||3||3||0.002806361085126286||0.002806361085126286
絶体絶命でんぢゃらすじーさん||1067||1067||8||8||0.007497656982193065||0.007497656982193065
YouTube||1067||1067||34||34||0.031865042174320526||0.031865042174320526
Misono||1067||1067||24||24||0.022492970946579195||0.022492970946579195
伊集院光 深夜の馬鹿力||1066||1066||0||0||0.0||0.0
女王の教室||1066||1066||2||2||0.001876172607879925||0.001876172607879925
NISSAN あ、安部礼司〜BEYOND THE AVERAGE||1066||1066||0||0||0.0||0.0
ラジオ・チャリティー・ミュージックソン||1066||1066||4||4||0.00375234521575985||0.00375234521575985
東京急行電鉄||1065||1065||13||13||0.012206572769953052||0.012206572769953052
コンピュータゲームのタイトル一覧||1065||1065||2||2||0.0018779342723004694||0.0018779342723004694
香取慎吾||1065||1065||12||12||0.011267605633802818||0.011267605633802818
新潟放送||1063||1063||3||3||0.0028222013170272815||0.0028222013170272815
ロックマンシリーズ||1063||1063||8||8||0.007525870178739417||0.007525870178739417
新垣結衣||1063||1063||18||18||0.016933207902163686||0.016933207902163686
井上和彦 (声優)||1062||1062||2||2||0.0018832391713747645||0.0018832391713747645
読売ジャイアンツの選手一覧||1062||1062||18||18||0.01694915254237288||0.01694915254237288
遊☆戯☆王デュエルモンスターズ||1062||1062||4||4||0.003766478342749529||0.003766478342749529
モヤモヤさまぁ〜ず2||1062||1062||20||20||0.018832391713747645||0.018832391713747645
陣内智則||1060||1060||17||17||0.016037735849056604||0.016037735849056604
アスラクライン||1060||1060||4||4||0.0037735849056603774||0.0037735849056603774
宇都宮線||1060||1060||2||2||0.0018867924528301887||0.0018867924528301887
ベガルタ仙台||1059||1059||4||4||0.003777148253068933||0.003777148253068933
四国放送||1059||1059||2||2||0.0018885741265344666||0.0018885741265344666
京都市||1058||1058||9||9||0.008506616257088847||0.008506616257088847
東北本線||1058||1058||5||5||0.004725897920604915||0.004725897920604915
倉敷市||1058||1058||1||1||9.45179584120983E-4||9.45179584120983E-4
両津勘吉||1058||1058||11||11||0.010396975425330813||0.010396975425330813
森喜朗||1058||1058||15||15||0.014177693761814745||0.014177693761814745
山形放送||1056||1056||0||0||0.0||0.0
テレビ離れ||1056||1056||22||22||0.020833333333333332||0.020833333333333332
ケンコー全裸系水泳部 ウミショー||1056||1056||2||2||0.001893939393939394||0.001893939393939394
NARUTO -ナルト-の術||1056||1056||10||10||0.00946969696969697||0.00946969696969697
阪神甲子園球場||1056||1056||5||5||0.004734848484848485||0.004734848484848485
魔法少女リリカルなのはシリーズの登場人物||1056||1056||7||7||0.006628787878787879||0.006628787878787879
仮面ライダー555||1055||1055||9||9||0.008530805687203791||0.008530805687203791
任天堂||1055||1055||9||9||0.008530805687203791||0.008530805687203791
川嶋あい||1055||1055||5||5||0.004739336492890996||0.004739336492890996
TBS NEWS (CS放送)||1054||1054||0||0||0.0||0.0
ひぐらしのなく頃にの登場人物||1054||1054||11||11||0.010436432637571158||0.010436432637571158
華原朋美||1053||1053||7||7||0.006647673314339981||0.006647673314339981
倖田來未||1053||1053||5||5||0.004748338081671415||0.004748338081671415
東京メトロ東西線||1051||1051||7||7||0.006660323501427212||0.006660323501427212
モンキー・D・ルフィ||1051||1051||35||35||0.03330161750713606||0.03330161750713606
英語||1050||1050||24||24||0.022857142857142857||0.022857142857142857
アントニオ猪木||1050||1050||8||8||0.007619047619047619||0.007619047619047619
新婚さんいらっしゃい!||1050||1050||0||0||0.0||0.0
Beatmania IIDX||1050||1050||6||6||0.005714285714285714||0.005714285714285714
横山裕||1050||1050||0||0||0.0||0.0
浜田雅功||1050||1050||9||9||0.008571428571428572||0.008571428571428572
エイベックス・グループ||1049||1049||11||11||0.010486177311725452||0.010486177311725452
阪和線||1048||1048||8||8||0.007633587786259542||0.007633587786259542
レアル・マドリード||1048||1048||10||10||0.009541984732824428||0.009541984732824428
全国高校野球選手権大会中継||1048||1048||0||0||0.0||0.0
野中藍||1048||1048||12||12||0.011450381679389313||0.011450381679389313
オアシス (バンド)||1047||1047||1||1||9.551098376313276E-4||9.551098376313276E-4
天理教||1047||1047||8||8||0.007640878701050621||0.007640878701050621
武蔵野線||1045||1045||9||9||0.00861244019138756||0.00861244019138756
伊達政宗||1044||1044||14||14||0.013409961685823755||0.013409961685823755
蒼天航路||1043||1043||22||22||0.02109300095877277||0.02109300095877277
キャプテン翼||1042||1042||2||2||0.0019193857965451055||0.0019193857965451055
広島電鉄||1041||1041||6||6||0.005763688760806916||0.005763688760806916
杉山紀彰||1041||1041||2||2||0.0019212295869356388||0.0019212295869356388
沖縄戦||1040||1040||28||28||0.026923076923076925||0.026923076923076925
同姓同名||1040||1040||2||2||0.0019230769230769232||0.0019230769230769232
文化放送||1040||1040||5||5||0.004807692307692308||0.004807692307692308
全国高等学校野球選手権大会||1040||1040||3||3||0.0028846153846153848||0.0028846153846153848
ゼルダの伝説シリーズ||1039||1039||15||15||0.014436958614051972||0.014436958614051972
連続テレビ小説||1039||1039||0||0||0.0||0.0
ウルトラマンレオ||1039||1039||9||9||0.008662175168431183||0.008662175168431183
兵庫県||1038||1038||7||7||0.00674373795761079||0.00674373795761079
ボーイスカウト||1038||1038||16||16||0.015414258188824663||0.015414258188824663
柴田淳||1038||1038||14||14||0.01348747591522158||0.01348747591522158
ケータイ捜査官7||1036||1036||6||6||0.005791505791505791||0.005791505791505791
Run for money 逃走中||1035||1035||16||16||0.015458937198067632||0.015458937198067632
中島みゆき||1035||1035||16||16||0.015458937198067632||0.015458937198067632
BLOODY MONDAY||1035||1035||21||21||0.020289855072463767||0.020289855072463767
在日韓国・朝鮮人||1034||1034||52||52||0.05029013539651837||0.05029013539651837
児童性的虐待||1034||1034||4||4||0.0038684719535783366||0.0038684719535783366
秋葉原||1034||1034||11||11||0.010638297872340425||0.010638297872340425
熊谷市||1034||1034||6||6||0.005802707930367505||0.005802707930367505
名古屋駅||1033||1033||8||8||0.007744433688286544||0.007744433688286544
ぐるぐるナインティナイン||1032||1032||4||4||0.003875968992248062||0.003875968992248062
スッキリ (テレビ番組)||1029||1029||3||3||0.0029154518950437317||0.0029154518950437317
渋谷すばる||1029||1029||3||3||0.0029154518950437317||0.0029154518950437317
拓殖大学||1028||1028||3||3||0.0029182879377431907||0.0029182879377431907
郷ひろみ||1027||1027||7||7||0.006815968841285297||0.006815968841285297
コブクロ||1026||1026||6||6||0.005847953216374269||0.005847953216374269
高橋広樹||1025||1025||1||1||9.75609756097561E-4||9.75609756097561E-4
陰謀論||1025||1025||8||8||0.007804878048780488||0.007804878048780488
ブラック・ジャック||1025||1025||3||3||0.002926829268292683||0.002926829268292683
ゴルゴ13 (架空の人物)||1024||1024||1||1||9.765625E-4||9.765625E-4
Xbox 360||1024||1024||12||12||0.01171875||0.01171875
新幹線0系電車||1024||1024||13||13||0.0126953125||0.0126953125

